DATETIME,TEAM,BOAT,ANGLE_CA1_deg,ANGLE_CA2_deg,ANGLE_CA3_deg,ANGLE_CA4_deg,ANGLE_CA5_deg,ANGLE_CA6_deg,ANGLE_DB_CANT_P_deg,ANGLE_DB_CANT_S_deg,ANGLE_DB_RAKE_P_deg,ANGLE_DB_RAKE_S_deg,ANGLE_RUDDER_deg,ANGLE_RUD_RAKE_P_deg,ANGLE_RUD_RAKE_S_deg,ANGLE_WING_ROT_deg,ANGLE_WING_TWIST_deg,AWA_SGP_deg,AWS_SGP_km_h_1,BOAT_SPEED_km_h_1,BROADCAST_MODE_unk,CURRENT_DIRECTION_deg,CURRENT_MAGNITUDE_km_h_1,DISTANCE_RACE_LEG_m,DISTANCE_RACE_m,GPS_COG_deg,GPS_SOG_km_h_1,HEADING_deg,HEEL_deg,LATITUDE_GPS_unk,LEEWAY_deg,LENGTH_DB_H_P_mm,LENGTH_DB_H_S_mm,LENGTH_RH_BOW_mm,LENGTH_RH_P_mm,LENGTH_RH_S_mm,LONGITUDE_GPS_unk,PC_BEACON_NUMBER_unk,PC_DTB_m,PC_DTL_m,PC_DTO_m,PC_TTS_s,PER_JIB_LEAD_pct,PER_JIB_SHEET_pct,PITCH_deg,RATE_PITCH_deg_s_1,RATE_ROLL_deg_s_1,RATE_YAW_deg_s_1,TIME_RACE_LEG_s,TIME_RACE_s,TRK_BOAT_RACE_STATUS_unk,TRK_LEG_NUM_TOT_unk,TRK_LEG_NUM_unk,TRK_PENALTY_COUNT_unk,TRK_PENALTY_DISTANCE_m,TRK_RACE_NUM_unk,TWA_SGP_deg,TWD_SGP_deg,TWS_SGP_km_h_1,VMG_km_h_1
2024-06-01 19:05:31+00:00,GER,GER,19.26841000146824,19.1677275489509,0.0,19.12462290811788,19.277319641731037,19.06676300962084,6.436427910587865,-11.0070628640003,4.991422759118852,-0.46674280187399003,15.9360044186297,-1.55381947780177,5.461750780649031,-22.457722779685543,-0.20164723997533537,169.4167443692752,16.5619874954224,5.380351638793946,1.0,324.7218917095,0.144947607815266,0.0,0.0,176.501650417968,5.01366748809814,173.6580924023295,-0.13039781932576514,44.6515792,0.99998313022412,0.0,1839.887523651122,129.732221364975,31.1823729425669,-35.0178591907024,-63.5644716,-2.0,457.777709960938,-290.894592285156,366.786407470703,150.289993286133,75.2826154232025,92.8883016109466,-0.181496962628309,-2.07596513501274,-0.578990280104368,-3.1029478963042103,0.0,0.0,1.0,7.0,0.0,0.0,0.0,24060101.0,172.262616453004,354.879908970774,21.719402503967302,-5.317828702926634
2024-06-01 19:05:32+00:00,GER,GER,19.282658459095778,19.15345552717068,0.0,19.087847462079242,19.106715518151937,18.961504671869058,6.435987363386405,-11.0069155880463,4.99106016145129,-0.4736477709432438,15.73689586658735,-1.5540908710995722,5.462290365593463,-22.653032039002063,-0.32115359512763664,173.5111859615854,15.8118701934814,5.428932323455812,1.0,324.745005069651,0.14485570192337,0.0,0.0,169.667609021263,5.52713627815247,169.8431585433105,0.12619788581257216,44.6515664,0.999983343667531,0.0,1839.8602962493883,64.0072152018547,11.0379690304399,-51.3644032180309,-63.564469,-2.0,456.62451171875,-291.415008544922,367.710601806641,149.289993286133,75.2671301364899,92.8805470466614,0.7454875069850946,3.02194932326726,0.573990368188507,-4.430325792387432,0.0,0.0,1.0,7.0,0.0,0.0,0.0,24060101.0,175.41959272512437,353.460923510326,21.39120054244995,-5.4565663167408545
2024-06-01 19:05:33+00:00,GER,GER,19.28876738028944,19.120833519166343,0.0,19.0653761397099,19.0214764648575,19.348637744968663,6.436574759655025,-11.006327338004048,4.991060246828654,-0.4594744027078682,13.12642574033885,-1.55381947780177,5.462829950537895,-22.735046901498798,0.05986990710989182,176.36798634798598,16.2102207183838,5.424687137603763,1.0,324.773582581139,0.144780801236629,0.0,0.0,171.011380438571,5.12846646308899,166.018717060967,-0.053599100094237614,44.651554,0.99998313022412,0.0,1839.9056434631318,285.045623779297,-103.968441486359,-51.3350181281567,-63.5644661,-2.0,456.057312011719,-292.934692382812,369.035003662109,148.289993286133,75.2651929855347,92.876672744751,0.4894918167898185,-1.5119746440168,-0.618989575431255,-2.915150991301064,0.0,0.0,1.0,7.0,0.0,0.0,0.0,24060101.0,177.5369568319798,352.14305217035,21.414067554473903,-5.407055744758018
2024-06-01 19:05:34+00:00,GER,GER,19.290802776662098,19.09229254919108,0.0,19.0388227547831,18.993116836404642,19.334316545826418,6.43642791058787,-11.00676873897915,4.99106016145129,-0.4594744027078682,11.15320799478425,-1.55381947780177,5.462290365593463,-24.344059152959723,0.04351352170336193,178.8118334971678,15.4675329208374,5.862037153244017,1.0,324.845791341044,0.144789505004883,0.0,0.0,165.224994437898,5.51141638755798,162.858771022596,0.11699803938300209,44.651541,0.99998313022412,0.0,1839.842176437378,82.4999734759331,76.659195125103,72.0534548163414,-63.5644617,-2.0,455.834686279297,-294.072296142578,370.470092773438,147.289993286133,75.2671301364899,92.8786098957062,-0.08999849452677525,-0.24699586208694,0.322994576568878,-3.80933604941859,0.0,0.0,1.0,7.0,0.0,0.0,0.0,24060101.0,107.41989591463498,350.794281054569,20.92245168685915,-5.850777761559734
2024-06-01 19:05:35+00:00,GER,GER,19.32542466405546,19.0128427642371,0.0,19.004110708892718,19.175754728772937,19.03033112209746,6.436134212453555,-11.006474613958,4.991422759118852,-0.4540230899930636,10.11248609453385,-1.5540908710995722,5.462560243443043,-32.90218919429952,-0.2950939314922082,-178.6309728200216,14.3244827270508,6.458979635238647,1.0,324.924584403309,0.14482049793005,0.0,0.0,163.661796363314,6.01770930290222,159.227337025818,0.36279392344389877,44.6515271,0.99998313022412,0.0,1839.887523651122,82.0820778608322,24.6722567826509,-93.0424705147743,-63.5644559,-2.0,453.905700683594,-294.346008300781,371.426696777344,146.289993286133,75.2593874931336,92.8805470466614,0.1374976910779871,0.119997992702367,-0.177997024287207,-3.660738624590524,0.0,0.0,1.0,7.0,0.0,0.0,0.0,24060101.0,-178.7566346403716,349.428898918727,20.45069103240965,-6.422614955902097
2024-06-01 19:05:36+00:00,GER,GER,19.36004381937314,19.204437083664057,0.0,19.15323798564564,19.15950639175644,18.90686725662246,6.436574759655025,-11.00559053134735,4.990697649161091,-0.4623815339898666,9.380671452328354,-1.55381947780177,5.461750780649031,-34.39371126373352,-0.45317653073412273,-174.78862258167442,13.0765259742737,7.294382944107058,1.0,324.997011729268,0.144785414636135,0.0,0.0,161.337783517082,6.82222394943237,155.36089671026798,0.6149896992594193,44.6515115,0.999983343667531,0.0,1839.932870864866,178.436622023582,-57.1410544216633,5.98003109917045,-63.5644487,-2.0,453.964599609375,-295.320587158203,372.351989746094,145.389999389648,75.2671301364899,92.8689122200012,0.10399826123139946,-0.232996108722529,0.227996170126242,-3.9631335107052004,0.0,0.0,1.0,7.0,0.0,0.0,0.0,24060101.0,-176.35429591681378,348.005897307047,19.920301151275602,-7.268592453002928
2024-06-01 19:05:37+00:00,GER,GER,19.34986000732064,19.243190210976877,0.0,19.226831907914697,19.208239791484438,19.12764629135396,6.435840514319246,-11.0045600265563,4.990335393002986,-0.34572432554877,6.235918315992034,-1.55381947780177,5.462560243443043,-34.11753051558732,-0.2222134481618728,-170.2252994311458,11.7751310348511,8.157334213256835,1.0,325.083591207187,0.144774203002453,0.0,0.0,156.879049687276,7.71775045394897,151.469457902356,0.4549923685414826,44.6514943,0.999983236945826,0.0,1839.833092689516,198.975741863251,-38.6325791478157,-98.6378863453865,-63.5644387,-2.0,452.37939453125,-296.107604980469,373.750610351562,144.389999389648,75.2593874931336,92.8572833538056,0.2679954988036623,1.06598207423519,0.103998254561293,-2.981749946086378,0.0,0.0,1.0,7.0,0.0,0.0,0.0,24060101.0,-173.8606157074472,346.57775939311,19.628858757019,-8.06041955947876
2024-06-01 19:05:38+00:00,GER,GER,19.30098693022406,19.27992091927644,0.0,19.30864049869856,19.293574467427298,19.31809245598144,6.4359873633864,-11.00500142753145,4.991422588364124,-0.32973385485382123,1.98950294424831,-1.5540908710995722,5.462020487743883,-29.254636292590362,0.017105578117716902,-166.20723574621078,11.2597486495972,8.877840785980226,1.0,325.17738336487,0.144725306332111,0.0,0.0,153.712177837086,8.50978059768677,149.3634920151875,0.39959330849516783,44.6514759,0.999983236945826,0.0,1839.90569114685,105.924397706985,113.441675901413,43.1940071284771,-63.564426,-2.0,450.608093261719,-296.586791992188,383.748199462891,143.289993286133,75.3426253795624,93.0279016494751,0.20949648936745002,-0.685988501825497,0.23799602063839,-0.9347843428743164,0.0,0.0,1.0,7.0,0.0,0.0,0.0,24060101.0,-171.90577731793022,345.188225708363,19.807920455932653,-8.708611850738526
2024-06-01 19:05:39+00:00,GER,GER,19.2887660142516,19.32890259638082,0.0,19.282047498674558,19.08047700494588,18.96150159828398,6.43539996711778,-11.004707302510301,4.99106016145129,-0.33300451761830796,1.528245115115125,-1.5540908710995722,5.4612111957046,-26.1144305254487,-0.3272646347471556,-162.2423628424558,10.9098907470703,9.208213748931886,1.0,325.27950835334,0.144681505858898,0.0,0.0,152.28684030071,8.8372727394104,148.7265085731925,0.31519471464714616,44.6514566,0.999983236945826,0.0,1839.8512363433838,-32.5850956141949,8.36182106286287,72.4605768918991,-63.5644116,-2.0,448.628692626953,-296.262512207031,376.305297851562,142.289993286133,75.3310084342956,92.9425895214081,0.11849799244718251,-0.443992524973991,-0.732987673834589,-0.49119174682057115,0.0,0.0,1.0,7.0,0.0,0.0,0.0,24060101.0,-170.5381603441918,344.042147286392,19.76064920425415,-8.941870641708375
2024-06-01 19:05:40+00:00,GER,GER,19.278586300312618,19.3125716140753,0.0,19.23092216669914,19.2610637915064,18.914959664751102,6.43569366525209,-11.0045600265563,4.991422759118852,-0.3348216200778814,1.534024308926605,-1.55381947780177,5.462290365593463,-25.913017809089858,-0.36362648615112625,-157.73588052620022,10.5362586021423,9.728445911407473,1.0,325.398790777005,0.144657607376575,0.0,0.0,149.425250585663,9.53239660263061,148.09151271624552,-0.037799368268204694,44.6514368,-1.21831887822345,0.0,1839.833116531374,-80.9735059738159,-89.6036326885224,-50.4682697355747,-63.5643954,-2.0,447.198211669922,-296.918304443359,394.057006835938,141.289993286133,75.3271400928497,92.9425895214081,0.008499850256963482,1.36397714458562,-0.252995756385973,-0.7723870437645967,0.0,0.0,1.0,7.0,0.0,0.0,0.0,24060101.0,-168.9148893898194,343.190805187485,20.04861459732055,-9.375387210845947
2024-06-01 19:05:41+00:00,GER,GER,19.28469692905358,19.288083336844057,0.0,19.232966100808277,19.257003244044842,18.95141067680418,6.43569366525209,-11.0045600265563,4.991785015276958,-0.3409998943720428,2.5894551282763,-1.554090871099572,5.462020487743883,-26.31393556997234,-0.3332864256721726,-154.66593998863559,11.6519090652466,9.81576009750366,1.0,325.512089954957,0.144593515992165,0.0,0.0,151.094412215031,9.57592992782593,147.17602831084298,0.40919312736742885,44.6514163,-3.51520488111466,0.0,1839.8966073989857,119.458831846714,-134.102866053581,-77.4059742689133,-63.5643788,-2.0,445.310302734375,-294.774688720703,395.184906005859,140.289993286133,75.3252029418945,92.9484069347382,0.0989983376428516,-0.395993370581727,0.864985508495876,-0.9329843318959247,0.0,0.0,1.0,7.0,0.0,0.0,0.0,24060101.0,-167.6364719545654,342.613025825215,20.82033290863035,-9.381522866657802
2024-06-01 19:05:42+00:00,GER,GER,19.2704453978409,19.239111905023456,0.0,19.2452358526333,19.275305418944818,19.47430673701718,6.43657475965502,-11.0045600265563,4.991422588364124,-0.33445818464492777,2.594185247719945,-1.554090871099572,5.461750780649031,-26.05606655899094,0.20386048807068402,-154.0970781213464,12.0378613471985,10.070427474975597,1.0,325.634705510937,0.144485208392143,0.0,0.0,149.808219292426,9.94367666244507,146.3830501783935,-0.191796776505908,44.6513956,-3.21697150119523,0.0,1839.878463745116,164.515107870102,-99.0854576230049,-30.6594707071781,-63.5643615,-2.0,443.494293212891,-295.302795410156,396.12890625,139.389999389648,75.3271400928497,92.946469783783,0.11899801031919524,0.561990579590441,-1.46597534766918,-0.8251861349404288,0.0,0.0,1.0,7.0,0.0,0.0,0.0,24060101.0,-166.77190934150101,342.14013084784,21.72255249023435,-9.71709634780884
2024-06-01 19:05:43+00:00,GER,GER,19.278586300312618,19.239108489928878,0.0,19.2411452523394,19.074237968648518,19.249148526499322,6.436134212453554,-11.00441275060235,4.991060246828654,-0.31301650795687996,-0.485951871149261,-1.55381947780177,5.4628299505378966,-26.127781496219324,-0.02943790588140736,-154.69523876809916,13.0807308197021,10.010861320495597,1.0,325.773795483195,0.144362604618072,0.0,0.0,149.402027942485,9.8031400680542,145.85705731041048,0.06179896305674322,44.6513748,-3.53489226106699,0.0,1839.9238109588623,221.766829490662,69.6706771850586,90.2272760868072,-63.5643438,-2.0,441.628509521484,-293.346099853516,388.646697998047,138.389999389648,75.3290772438049,92.936772108078,0.163997247577423,-0.730987762429098,0.285995228391508,0.47659199602212937,0.0,0.0,1.0,7.0,0.0,0.0,0.0,24060101.0,-166.971927333231,341.75171165012,22.26418619155885,-9.692961923699633
2024-06-01 19:05:44+00:00,GER,GER,19.27655124544942,19.2411483259245,0.0,19.241145252339383,19.051914519874742,19.13766105622454,6.435546816184935,-11.005590531347298,4.990335222248257,-0.25159863051907616,-4.107197653603765,-1.5540908710995722,5.462290365593463,-26.02898246836562,-0.1388900398145284,-157.04851760888658,12.739604473114,9.84187271118164,1.0,325.883788849589,0.144193504750729,0.0,0.0,147.609458455193,9.82296695709229,146.60505181698647,0.12799785243475548,44.6513544,-1.18316133324446,0.0,1839.90569114685,179.288312792778,115.648239850998,96.0873663425446,-63.5643258,-2.0,439.626403808594,-293.477111816406,398.392791748047,137.389999389648,75.3252029418945,92.9406523704529,0.304494902480193,0.564990526739957,0.313994735120329,0.9009848422735616,0.0,0.0,1.0,7.0,0.0,0.0,0.0,24060101.0,-167.778957896879,341.356243697176,22.12613010406495,-9.583053874969483
2024-06-01 19:05:45+00:00,GER,GER,19.278586300312618,19.247270907496496,0.0,19.243189869467443,19.0295920956293,19.131585602957802,6.436134212453555,-11.0051482765986,4.990697563783728,-0.26213798059829096,-4.03890131143234,-1.55381947780177,5.462290365593463,-25.969092979156763,-0.1470007106950614,-158.113762108069,12.550631904602,9.699354457855225,1.0,326.010584481341,0.144064503908157,0.0,0.0,149.406303640905,9.67258129119873,147.83351598072602,0.07259878521807635,44.6513341,-2.01324564229863,0.0,1839.9147510528558,113.836131989956,197.583243250847,114.759013056755,-63.5643087,-2.0,437.437286376953,-291.117004394531,399.518005371094,136.289993286133,75.3252029418945,92.9290175437927,0.23099612394586536,0.561990579590441,-0.142997614195754,1.7289709919198981,0.0,0.0,1.0,7.0,0.0,0.0,0.0,24060101.0,-168.3288236420486,341.004379671893,21.8410855293274,-9.51352191925049
2024-06-01 19:05:46+00:00,GER,GER,19.27655124544942,19.253393489068497,0.0,19.24932508688942,19.04379547400834,19.13563624664508,6.43569366525209,-11.004707302510301,4.990697563783728,-0.25305238292306037,1.430531308271015,-1.554362264397374,5.46148107355418,-25.969473762202977,-0.14091484672593618,-158.6881291078294,12.5614294052124,9.600435791015624,1.0,326.151614227324,0.143901707231998,0.0,0.0,149.975722851631,9.44204521179199,148.9790138366185,0.207796525986164,44.651314,-0.883080333793679,0.0,1839.932870864866,-9.63114760816097,96.6451540589333,51.6789220273495,-63.5642923,-2.0,435.492614746094,-290.308807373047,391.190795898438,135.289993286133,75.3252029418945,92.9328978061676,0.2154963836664835,-0.524991178052217,0.109998162200539,-0.48899179891780487,0.0,0.0,1.0,7.0,0.0,0.0,0.0,24060101.0,-168.5065916095386,340.850017396651,21.7830039024353,-9.42526908874512
2024-06-01 19:05:47+00:00,GER,GER,19.268410342977702,19.25951504611212,0.0,19.267730056136383,19.08641824499542,19.13766173924346,6.4359873633864,-11.00411819869435,4.991422588364124,-0.3835197055934792,10.908918595155932,-1.554090871099572,5.462020487743883,-25.87449007801964,-0.13074922805624017,-157.4585611855192,13.0823993682861,9.472084407806395,1.0,326.264011820306,0.143763801455498,0.0,0.0,150.740826982077,9.3392071723938,147.5800271700595,-0.1609973050969809,44.651294,-2.40146484354228,0.0,1839.8966073989861,59.8471239209175,14.0103613957763,-119.64013427496,-63.5642762,-2.0,434.236297607422,-288.836608886719,383.240386962891,134.289993286133,75.3232657909393,92.9328978061676,0.087498518558525,-0.529991143328931,-0.517991301370012,-3.3857431277087144,0.0,0.0,1.0,7.0,0.0,0.0,0.0,24060101.0,-168.0433190026664,340.780759278467,22.09754848480225,-9.269046776635307
2024-06-01 19:05:48+00:00,GER,GER,19.26637494660504,19.26563660315574,0.0,19.28409143278368,19.11483456401832,19.159949671033566,6.436574759655025,-11.00426547464835,4.990697563783728,-0.41113966191177387,15.05446519962835,-1.55381947780177,5.461480902799451,-25.895470370093157,-0.10642560107267318,-155.4884778137748,12.994934463501,9.409096355438233,1.0,326.37539854529,0.143508414924145,0.0,0.0,148.567474448558,9.38619260787964,143.0921011117415,-0.028599522839150952,44.6512745,-4.07087428071082,0.0,1840.014553070068,35.6443747878075,-104.517333209515,-91.1016166210174,-63.5642593,-2.0,432.626190185547,-287.538513183594,384.237213134766,133.289993286133,75.3135859966278,92.9290175437927,0.194496746949761,0.815986318359586,0.395993370581727,-5.80810258713912,0.0,0.0,1.0,7.0,0.0,0.0,0.0,24060101.0,-167.2673521393638,340.50143186217,21.6894965171814,-9.173379443241998
2024-06-01 19:05:49+00:00,GER,GER,19.28062169668528,19.26563660315574,0.0,19.26772766557016,18.97887452594734,19.139685865804,6.436721608722181,-11.00397092274035,4.99106016145129,-0.40750545699262763,18.42091773868685,-1.554090871099572,5.461480902799451,-26.175464754362462,-0.1409354466831946,-157.850556670289,12.3243444442749,9.075466976165771,1.0,326.484982100334,0.143074809014797,0.0,0.0,142.572221263066,8.92965831756592,136.83620107733202,0.19139679355779898,44.6512566,0.999983023502414,0.0,1839.9147510528558,227.250054478645,-24.8573292046785,-71.3179931044579,-63.5642407,-2.0,430.873596191406,-286.174896240234,394.665100097656,132.389999389648,75.3213346004486,92.9309546947479,0.425992848746999,-0.777986881077337,0.0869985407071523,-6.732086821454399,0.0,0.0,1.0,7.0,0.0,0.0,0.0,24060101.0,-167.06619760415578,340.152900969203,20.69967212677,-8.863158265282124
2024-06-01 19:05:50+00:00,GER,GER,19.28469522150628,19.26563660315574,0.0,19.257504238420502,18.93628624741556,19.14576541718422,6.435840514319246,-11.0033826726981,4.991060076073926,-0.42095194368992556,19.5225785867121,-1.55381947780177,5.460671269250712,-26.291429755147703,-0.13893047133276398,-151.4854022959544,11.2177894592285,8.963126106262205,1.0,326.557791916886,0.142582596838474,0.0,0.0,138.308803522765,8.96732339859009,129.8923165783955,0.5175913190889136,44.6512401,0.999983236945826,0.0,1839.9510383605939,238.316252827644,-41.1136634647846,-51.1511564254761,-63.5642203,-2.0,428.627502441406,-284.552703857422,396.03369140625,131.389999389648,75.3232657909393,92.9232001304626,0.4744920410215955,1.18598006693756,0.663988836034856,-7.178479384189282,0.0,0.0,1.0,7.0,0.0,0.0,0.0,24060101.0,-163.37284930859022,339.855241325174,20.00100860595705,-8.635309948640712
2024-06-01 19:05:51+00:00,GER,GER,19.2887660142516,19.2595160706405,0.0,19.243189869467443,19.177810615713103,19.14374060760476,6.4359873633864,-11.00205676222545,4.9917850152769585,-0.4209519436899257,19.380208416105,-1.55381947780177,5.46148107355418,-26.64962365824336,-0.145025494692288,-140.4017046240892,12.1612223625183,9.195023975372314,1.0,326.616777430558,0.142000208795071,0.0,0.0,134.239048966192,8.86085042953491,122.9529331741215,0.3901934620871574,44.6512249,0.999983236945826,0.0,1840.01450538635,152.679920196533,98.7224131822586,86.9743674993515,-63.5641979,-2.0,426.672790527344,-283.061889648438,396.9208984375,130.389999389648,75.3232657909393,92.9270803928375,0.17399708349871276,-0.675988624632922,-0.450992428336623,-7.193479248002914,0.0,0.0,1.0,7.0,0.0,0.0,0.0,24060101.0,-158.3434094604188,339.600967042753,20.461402702331547,-8.582522106170652
2024-06-01 19:05:52+00:00,GER,GER,19.28469385546844,19.2595160706405,0.0,19.2370560180833,19.226520792797963,19.14576541718422,6.436134212453554,-11.00161450747675,4.990335222248257,-0.41150300129519224,18.95152183813295,-1.5535480845039682,5.46067144000544,-26.5348030556536,-0.138928563682273,-127.69508023938599,12.9535348892212,9.389890365600586,1.0,326.666200679393,0.141344006359577,0.0,0.0,124.270906966935,9.09946660995483,115.574559851513,0.33199443936176903,44.6512116,0.99976605827456,0.0,1839.887499809262,90.1196673512459,48.5940687358379,156.849011778831,-63.5641721,-2.0,423.900604248047,-280.297302246094,395.924987792969,129.289993286133,75.3232657909393,92.9309546947479,0.3744937560136315,-0.604989875427697,0.203996579589896,-7.13028036138643,0.0,0.0,1.0,7.0,0.0,0.0,0.0,24060101.0,-149.8923371701678,339.383767027146,20.68650398254395,-8.147084863562334
2024-06-01 19:05:53+00:00,GER,GER,19.286730617878938,19.2574752101165,0.0,19.2452344865955,19.204177194966114,19.14373890005748,6.436721608722181,-10.99970077384865,4.991059990696561,-0.41586398103071,18.7114364199387,-1.5535480845039682,5.461211024949871,-26.764443919323718,-0.14299191525666521,-114.9742763819656,15.3672964096069,9.744649028778078,1.0,326.702701210317,0.140633904933929,0.0,0.0,118.7567586462,9.56615724563599,108.481685021116,0.4261928545617824,44.6512,-8.9723533522349,0.0,1839.833116531374,78.872874379158,15.1120191439986,23.9227022975683,-63.5641433,-2.0,421.786987304688,-278.075500488281,395.369903564453,128.289993286133,75.3232657909393,92.9309546947479,0.408993141562965,0.605989804450017,0.422992894927376,-7.330876699384726,0.0,0.0,1.0,7.0,0.0,0.0,0.0,24060101.0,-141.7938529052508,339.198204447775,20.7569375038147,-7.5443562058841485
2024-06-01 19:05:54+00:00,GER,GER,19.282658459095778,19.257475210116503,0.0,19.2411452523394,19.17371523428682,19.14576541718422,6.4351062689834695,-10.9983752902629,4.991060417583382,-0.4198616213828098,18.70198002303285,-1.55381947780177,5.4612111957046,-26.80449751465452,-0.13689345812625758,-105.2159591600494,16.6796167373657,10.045047512054424,1.0,326.726279023332,0.139869502186775,0.0,0.0,111.791481994783,9.85404367446899,101.14380447500156,0.528391123491088,44.6511908,-9.42345234219474,0.0,1839.923787117002,132.753223180771,-12.7578265964985,16.3891725242138,-63.5641115,-2.0,419.805786132812,-274.725494384766,404.049499511719,127.290000915527,75.3252029418945,92.9309546947479,0.4569923493160825,0.419992947777859,0.182996936203067,-7.217678522854904,0.0,0.0,1.0,7.0,0.0,0.0,0.0,24060101.0,-133.8850484577368,339.039689417518,20.81150951385495,-6.906172370910644
2024-06-01 19:05:55+00:00,GER,GER,19.29080414269994,19.2595160706405,0.0,19.23705533506438,19.10468695196844,19.139687573351278,6.43539996711778,-10.9970506604507,4.99106016145129,-0.4234959170154058,19.647612029658298,-1.5535480845039682,5.461750609894304,-27.064655663536264,-0.1511170816128858,-99.31918774012429,18.3103517532349,10.30471881866454,1.0,326.72909306127,0.139059703052044,0.0,0.0,106.249446011667,10.0637640953064,93.78993445604024,0.7699870967171538,44.6511838,-11.1755435671438,0.0,1839.914751052854,165.863826870918,29.191829264164,-87.6792967319489,-63.5640775,-2.0,417.136901855469,-271.376892089844,402.7373046875,126.389999389648,75.3213346004486,92.9445266723633,0.41099311966952246,-0.273995386432589,0.126997856044359,-7.174879447609859,0.0,0.0,1.0,7.0,0.0,0.0,0.0,24060101.0,-128.8945324916078,338.904233105898,20.8285692214966,-5.971203565597534
2024-06-01 19:05:56+00:00,GER,GER,19.2928395390726,19.257475210116503,0.0,19.21660779774608,19.02350537255042,19.131586627486165,6.43539996711778,-10.9944001201659,4.992147612944519,-0.4144102286267256,19.62186904667655,-1.5535480845039682,5.461750609894304,-27.975590138423303,-0.161252943602967,-92.09275197560258,19.2778198242188,10.7467882347107,1.0,326.71617034336,0.138362100720406,0.0,0.0,100.015388922224,10.491034412384,86.68404470017995,0.9515840255672684,44.6511793,-12.0552821775252,0.0,1839.87843990326,201.063334941864,32.6111167669296,-54.7085329890251,-63.564041,-2.0,414.878387451172,-267.523803710938,391.094085693359,125.389999389648,75.3213346004486,92.9484069347382,0.435492701397454,0.303994937969033,0.00499991608467753,-7.656071141147048,0.0,0.0,1.0,7.0,0.0,0.0,0.0,24060101.0,-122.12097925019279,338.788502380601,21.0847583770752,-5.837224192368356
2024-06-01 19:05:57+00:00,GER,GER,19.29895050932302,19.245230046972498,0.0,19.20638232153966,18.95859193769752,19.12551014969106,6.43569366525209,-10.9913077520192,4.990697563783728,-0.4242226064544128,19.6171408482236,-1.55381947780177,5.461480902799451,-28.394818953451704,-0.17344069580534077,-84.8022053234553,21.4121904373169,10.98142650604248,1.0,326.689997058461,0.13797210752964,0.0,0.0,92.3067691230558,10.7949634552002,79.18867365218341,1.1483807506746238,44.6511782,-12.0595920268915,0.0,1839.896583557126,178.882792592049,-36.4532023668289,-72.5397169589996,-63.5640028,-2.0,410.980285644531,-264.073608398438,389.244689941406,124.389999389648,75.3271400928497,92.9561614990234,0.5249912047326435,-0.26099561545135,0.22699618774307,-7.3046773743890245,0.0,0.0,1.0,7.0,0.0,0.0,0.0,24060101.0,-113.906980093957,338.689573920663,21.5123557090759,-4.324390325546263
2024-06-01 19:05:58+00:00,GER,GER,19.2948763014831,19.245230046972498,0.0,19.210472921833578,18.92614717310214,19.12551014969106,6.43657475965502,-10.9907190750901,4.991060246828654,-0.4158639863667952,19.61976705595945,-1.553276691206166,5.461480732044724,-27.715432672560503,-0.16936666672428538,-77.22982047747226,22.9776031494141,11.187667007446281,1.0,326.637595847149,0.137586298584938,0.0,0.0,82.6270728426379,10.9853711128235,71.16180801882776,0.9173846173906106,44.6511813,-9.94089722843116,0.0,1839.9056673049897,186.313688755035,-17.9121978580952,-15.8225111663342,-63.5639641,-2.0,407.808288574219,-260.715301513672,387.003509521484,123.389999389648,75.3213346004486,92.9542243480682,0.6119897254294759,0.0839985935576358,-0.344994215679093,-8.943450382233612,0.0,0.0,1.0,7.0,0.0,0.0,0.0,24060101.0,-104.97020348956121,338.605070820251,21.94325580596925,-2.816725611686705
2024-06-01 19:05:59+00:00,GER,GER,19.290802776662098,19.2513526285445,0.0,19.220698056530537,18.97075889517552,19.13766276377182,6.4359873633864,-10.989540867458249,4.991422588364124,-0.4162275125131988,19.616089852865052,-1.5530053192527038,5.4612111957046,-26.016775895790442,-0.15313998354184521,-68.56940152312241,25.1900299072266,11.26949111938478,1.0,326.571889427333,0.137218903005123,0.0,0.0,75.1904175158413,11.1158861160278,62.400451162885595,0.5631905691224179,44.6511886,-11.421122164978,0.0,1839.869379997254,213.636666536331,14.6146640181541,-7.63509701937437,-63.5639257,-2.0,403.704711914062,-256.460784912109,384.223510742188,122.290000915527,75.3232657909393,92.9677963256836,0.4614922633702505,-0.720987885236523,-0.103998254561293,-8.546656518817246,0.0,0.0,1.0,7.0,0.0,0.0,0.0,24060101.0,-93.27284610567855,338.532834739589,22.4660496711731,-1.234253275394441
2024-06-01 19:06:00+00:00,GER,GER,19.27451584907676,19.263595742631743,0.0,19.245235169614404,19.035680184745978,19.16400031472082,6.43657475965502,-10.9867434781063,4.991785186031686,-0.19999321095023898,19.59507848343085,-1.5524625326570998,5.46040156215586,-25.774927776526205,-0.11051602927784346,-53.49401494180209,29.4650367736816,11.764141788482641,1.0,326.476594628033,0.136906599998474,0.0,0.0,66.8340498965459,11.5219133377075,53.45910345438795,0.8435858641516483,44.6512001,-11.6762877870859,0.0,1839.9782657623298,80.1302343606949,1.98994483798742,-72.5033655762672,-63.5638883,-2.0,400.976409912109,-253.473098754883,382.003692626953,121.290000915527,75.3271400928497,92.9794311523438,-0.23249610419073002,-0.330994435634256,0.450992428336623,-9.687637399856408,0.0,0.0,1.0,7.0,0.0,0.0,0.0,24060101.0,-73.03031145119793,338.471144471006,23.301927280426,3.220044361628019
2024-06-01 19:06:01+00:00,GER,GER,19.28469385546844,19.26563557862736,0.0,19.25341363812658,19.01741830796212,19.166028197885403,6.43642791058787,-10.96863152397475,4.992147612944519,0.5235737803973074,19.55830218361855,-1.547849038693532,5.529739337420984,-25.96489685244014,-0.1186652306962274,-45.90851818166942,31.8883323669434,11.75773761749268,1.0,326.366082167262,0.136656001210213,0.0,0.0,57.2426030752992,11.8796685218811,43.766265890007,1.309178003266074,44.6512163,-11.8475727097705,0.0,1840.014529228208,191.529780626297,64.8660659790039,-43.4133522212505,-63.5638527,-2.0,398.335388183594,-249.786697387695,378.929992675781,120.290000915527,75.3252029418945,92.9833054542542,0.5774903065296095,1.06398210946885,0.0759987344922584,-9.198845669452377,0.0,0.0,1.0,7.0,0.0,0.0,0.0,24060101.0,-62.62939773782656,338.4183607691,23.2578017234802,5.858648545401437
2024-06-01 19:06:02+00:00,GER,GER,19.290802776662098,19.26155590663612,0.0,19.23501071793632,18.938313789070698,19.161974822122463,6.437309004990805,-10.96848467490755,4.992510039857353,0.36803058145577977,18.890056965792,-1.53563687390096,5.9220222877773825,-26.77970256192952,-0.12882779712513778,-38.25293753348215,32.4127716064453,11.484513301849379,1.0,326.230981025479,0.136468702554703,0.0,0.0,46.7894117770395,11.5912799835205,35.03141187559175,1.0697820499799247,44.6512363,-10.5002325186209,0.0,1839.8784637451158,194.93094086647,21.8721628189087,-95.3093990683556,-63.5638222,-2.0,397.178100585938,-245.804397583008,386.670501708984,119.389999389648,75.3252029418945,92.987185716629,0.412993084435867,-0.59699001636232,-0.337994312316461,-8.186862302399026,0.0,0.0,1.0,7.0,0.0,0.0,0.0,24060101.0,-51.89344138906072,338.373254199821,23.11868820190425,7.3079483985900895
2024-06-01 19:06:03+00:00,GER,GER,19.28876738028944,19.26767643915136,0.0,19.24318986946744,18.9484528633841,19.1660264903381,6.436427910587865,-10.9703988354225,4.993235405947208,0.3698475825297326,16.11830387512465,-1.5581616211562177,5.872919545569972,-25.86037719964712,-0.12274078856571799,-30.0844984710861,32.7252330780029,11.00601150512696,1.0,326.076372863427,0.136342906951904,0.0,0.0,37.2174617307785,11.2625956535339,26.783550348998453,0.5677905094293509,44.6512589,-9.14619020434819,0.0,1839.914727210996,191.604182124138,-65.6529143452644,-63.8399347662926,-63.5637976,-2.0,396.210906982422,-242.023696899414,383.159912109375,118.389999389648,75.3232657909393,92.9891228675842,0.42499288637414645,-0.0519991272806463,-0.323994558952051,-7.874467635141309,0.0,0.0,1.0,7.0,0.0,0.0,0.0,24060101.0,-40.25570540946188,338.334759253659,23.019595813751252,8.227880552836824
2024-06-01 19:06:04+00:00,GER,GER,19.2887660142516,19.26563660315574,0.0,19.23705533506438,18.938313447561242,19.1721070662467,6.435840514319246,-10.97437400551945,4.9921477836992505,0.3691207970411904,9.21886427089079,-1.555719188197704,5.87237996062554,-25.914544356369362,-0.11665873456148941,-22.4900418688002,32.6353614807129,10.47672677993772,1.0,325.946189457846,0.136298502981663,0.0,0.0,27.4249990271637,10.8448774337769,20.11816254460075,-0.35739399856444926,44.6512832,-6.92397577816666,0.0,1839.896583557126,105.516046285629,-41.6977219283581,11.1039448529482,-63.5637794,-2.0,396.070587158203,-238.4501953125,379.213806152344,117.389999389648,75.3232657909393,92.9794311523438,0.155997385176992,0.474992058893608,-1.04298247942223,-3.9997327805519385,0.0,0.0,1.0,7.0,0.0,0.0,0.0,24060101.0,-30.50860609023864,338.301783100346,22.39293909072875,9.36828898261575
2024-06-01 19:06:05+00:00,GER,GER,19.27451619058622,19.27379594713822,0.0,19.257503213892118,19.021475781838564,19.21466460892724,6.436868457789335,-10.97996963799695,4.993235235192477,0.45016316333010414,6.373559861259309,-1.555719166853364,5.886948924879908,-25.864191860298558,-0.059851596333222255,-18.678876566655823,31.4777355194092,9.638239574432376,1.0,325.802181749386,0.136300809681416,0.0,0.0,21.5368534531412,10.0730561256409,16.6927210767754,-0.5755903773541794,44.6513072,-4.62426773320947,0.0,1839.869379997252,157.459542155266,-7.58909480646253,74.6743306517601,-63.5637664,-2.0,396.939697265625,-236.078796386719,375.971313476562,116.389999389648,75.3290772438049,92.9677963256836,0.16749719592368575,0.183996905246026,0.038999346294248,-3.3589436425283834,0.0,0.0,1.0,7.0,0.0,0.0,0.0,24060101.0,-25.079501820897622,339.626675874789,22.3937810897827,9.047767201591942
2024-06-01 19:06:06+00:00,GER,GER,19.2724804527041,19.27379594713822,0.0,19.259548514039082,19.01335946804782,19.232904287596302,6.436574759655025,-10.98291473018975,4.99214778369925,0.44107756031878864,3.213573055196325,-1.55653330405809,5.894233236252362,-25.84015983970388,-0.03957643924918662,-14.65197666599148,31.9265441894531,8.704138698577882,1.0,325.6680914756,0.136298502981663,0.0,0.0,15.4729619891324,9.16604204177856,13.6027720976788,-0.745787501700046,44.6513298,0.993006305430363,0.0,1839.9056434631323,196.379691362381,11.0789146274328,26.742696762085,-63.5637574,-2.0,397.863494873047,-233.343795776367,372.643005371094,115.290000915527,75.3271400928497,84.1634809970856,0.300494972947504,0.0649989149371512,-0.55399066716421,-2.226562674017536,0.0,0.0,1.0,7.0,0.0,0.0,0.0,24060101.0,-20.313532763355582,341.356380300959,23.6373836517334,8.525791263580324
2024-06-01 19:06:07+00:00,GER,GER,18.77871890590524,18.199313958613057,0.0,18.21510979559708,18.509296971452223,17.819743612472003,6.436134212453554,-10.98674347810635,4.992147783699248,0.4338092625382871,-1.9763720389710921,-1.5559905601511659,5.8931540663635005,-25.80773419963814,-0.9589751493589553,-14.39799761849712,32.6492317199707,7.7865574836730955,1.0,325.542771164709,0.136337006092072,0.0,0.0,11.4313879393005,8.12919101715088,11.82080178331865,-0.3519940923612979,44.6513505,0.99998313022412,0.0,1840.00549316406,151.452615857124,-27.7412887662649,40.4668413102627,-63.5637513,-2.0,397.816009521484,-232.658706665039,370.090087890625,114.290000915527,75.3000378608704,76.119202375412,0.258995664025219,-0.960983817280405,0.83298596551266,-0.8327860160602771,0.0,0.0,1.0,7.0,0.0,0.0,0.0,24060101.0,-19.00646575811852,343.031989628903,25.494954586029053,7.5725506122295645
2024-06-01 19:06:08+00:00,GER,GER,18.656800029220523,18.79638621472188,0.0,18.71386899181166,18.97206858394888,18.973351976493923,6.4371621559236445,-10.9871848790814,4.99323523519248,0.4309019284850476,-6.234345024605405,-1.556261953448968,5.89261396915488,-26.234210869904302,0.316551627108294,-14.557969869614197,33.7619441986084,6.983061904907224,1.0,325.428980213136,0.13636739552021,0.0,0.0,12.109028936104,7.43216514587402,11.56680625799295,0.07859868218515206,44.6513692,0.99998313022412,0.0,1839.878439903256,141.249775886536,30.761668458581,3.47374472767115,-63.5637462,-2.0,397.709686279297,-230.786193847656,357.065887451172,113.290000915527,75.2787470817566,69.1548585891724,0.5334910816700336,0.584990174403401,0.1259978870014,0.5487907987923547,0.0,0.0,1.0,7.0,0.0,0.0,0.0,24060101.0,-18.5606463336324,344.435265654261,26.835817050933848,6.697472991943355
2024-06-01 19:06:09+00:00,GER,GER,18.721710048978817,19.322779673299358,0.0,19.230921825189675,19.28952416524946,19.3243741809611,6.4359873633864,-10.9868903271735,4.992147783699248,0.4334459124826984,-8.05994082441145,-1.5554478162442418,5.89288384700446,-26.533658657458137,0.6026639932440676,-12.921987250177661,33.4689800262451,6.5133429050445555,1.0,325.315189261564,0.136395505070686,0.0,0.0,15.162755287598,6.71697449684143,12.603288318316,0.4051932085069108,44.651386,0.99998313022412,0.0,1839.8331165313757,123.303778469563,-84.7176015377045,-90.4654264450073,-63.5637402,-2.0,397.828002929688,-229.633697509766,344.479705810547,112.290000915527,75.2768099308014,69.1994488239288,0.1239979255701095,-0.432992718759097,0.519991319497209,1.9027680154925861,0.0,0.0,1.0,7.0,0.0,0.0,0.0,24060101.0,-16.204508717167737,345.733985143804,27.30995349884035,6.32469434738159
2024-06-01 19:06:10+00:00,GER,GER,18.73185458744358,19.24115515611366,0.0,19.2370560180833,19.25293552488462,18.98376186780792,6.436427910587865,-10.986595775265549,4.99069781991582,0.4305384983881796,-6.989800445632195,-1.556261932104628,5.8934239442130805,-26.55730955349714,0.2519069388549084,-11.79442222670626,33.6412902832031,6.360407209396362,1.0,325.241614463825,0.136389496922493,0.0,0.0,20.6306427370842,6.38588261604309,14.51825650308145,0.2309961279479292,44.6514016,0.99998313022412,0.0,1839.869379997254,152.971655130386,-25.1480340957642,-50.3120347857475,-63.5637326,-2.0,396.905395507812,-229.070602416992,352.708404541016,111.389999389648,75.2806842327118,69.2265927791596,0.014499757896209997,-0.459992323146026,-0.370993784321996,1.524374425568142,0.0,0.0,1.0,7.0,0.0,0.0,0.0,24060101.0,-14.72578676374778,347.390114772235,27.527317142486552,6.202379103267895
2024-06-01 19:06:11+00:00,GER,GER,18.73388349513654,19.224832711544618,0.0,19.253414321145478,19.28747852359306,18.95138335604752,6.436721608722181,-10.985565270474499,4.991785015276958,0.44035096692931663,-4.647783647635005,-1.5554477948999021,5.8934239442130805,-26.56799060332122,0.21749932997048277,-10.43118562403706,34.0266529083252,6.624942283630372,1.0,325.163203892153,0.136363506317139,0.0,0.0,25.5619983366984,6.63687987327576,16.11423052105835,0.5387909776286757,44.651417,0.99998313022412,0.0,1839.914727210996,106.725625693798,18.632348626852,8.2502206787467,-63.563723,-2.0,396.131500244141,-228.037094116211,350.981201171875,110.389999389648,75.2981007099152,69.2847609519958,0.05899901146672145,0.446992498803934,0.193996742417961,1.9539672202327079,0.0,0.0,1.0,7.0,0.0,0.0,0.0,24060101.0,-13.161847442883959,349.276640341749,27.52304964065555,6.4975895074697645
2024-06-01 19:06:12+00:00,GER,GER,18.737942335050818,19.23299171401766,0.0,19.277955190833335,19.30373710589338,18.939239962722162,6.436721608722181,-10.984976593545401,4.991059990696562,0.4345361334041942,-1.75940235548619,-1.3646656063096139,6.134891024298988,-26.617581191790077,0.2012970567101974,-10.484608973158686,34.5663150787354,7.072855911254882,1.0,325.089601773657,0.136338293552399,0.0,0.0,26.9423812755052,6.97040548324585,17.783701216486,0.3739937234673844,44.6514328,0.99998313022412,0.0,1839.905667304992,112.474374473095,-107.906065881252,-14.8836281150579,-63.5637119,-2.0,394.615112304688,-227.686599731445,348.90478515625,109.389999389648,75.315523147583,69.3351686000824,-0.006999883352311997,-0.28399521026431,-0.334994391847371,0.9903833740508604,0.0,0.0,1.0,7.0,0.0,0.0,0.0,24060101.0,-13.35096445269896,351.357935585636,28.04974966049195,6.956132526397702
2024-06-01 19:06:13+00:00,GER,GER,18.729826362769536,19.253393489068497,0.0,19.29841092437862,19.32812634538168,18.93316758304054,6.4371621559236445,-10.9848288907046,4.992510210612082,0.38402094542902326,-1.3606606074958951,-1.300890507859278,6.159981468082936,-26.521452426392422,0.2033409401265136,-11.32644293647692,35.0347789764404,6.99272395133972,1.0,325.019797240339,0.13629899919033,0.0,0.0,29.2265297226463,7.1081907749176,18.841184400959598,-0.02319960913212981,44.651449,0.99998313022412,0.0,1839.887523651122,209.647238254547,-37.257544696331,-36.6626232862473,-63.5637,-2.0,394.628387451172,-225.602203369141,346.511993408203,108.290000915527,75.3213346004486,69.3468034267426,0.607489791364988,0.194996738141347,-0.185996870012371,1.459775456893512,0.0,0.0,1.0,7.0,0.0,0.0,0.0,24060101.0,-14.36791934369442,353.263285156502,28.1633680343628,6.722867070711576
2024-06-01 19:06:14+00:00,GER,GER,18.71765359963072,19.2717561111426,0.0,19.29841433947322,19.35252036600238,18.93519205111054,6.436721608722181,-10.98585982238245,4.991785186031686,0.3814770681530782,-5.34545139941525,-1.1071231850922338,6.386069864988379,-26.19263038578452,0.21753862223450882,-10.526160087464982,34.9490787506104,6.894795770645142,1.0,324.97378908609,0.136206302046776,0.0,0.0,26.7528042524496,7.05422129631042,20.59515392793045,-0.05979899520547469,44.651465,0.99998313022412,0.0,1839.905667304992,125.937953591347,-98.093256354332,-9.78325586766004,-63.5636884,-2.0,394.260314941406,-225.265106201172,344.430297851562,107.290000915527,75.3135859966278,69.3448603153229,0.12249794866029784,-0.159997314709681,-0.13499772844995,2.114564540380548,0.0,0.0,1.0,7.0,0.0,0.0,0.0,24060101.0,-13.347464493013499,354.983126789512,28.055720043182397,6.726947679519653
2024-06-01 19:06:15+00:00,GER,GER,18.91868724049066,19.28399854221092,0.0,19.21456318061804,19.3362556365318,18.92912001293838,6.436574759655025,-10.9857129733153,4.991422588364124,0.9644007901674335,-9.543007119653005,-1.10250973381735,6.3911960927152,-26.61185851779402,0.010433402105800063,-10.44210692576516,34.2843681335449,6.615398941040039,1.0,324.937889611812,0.136078414320946,0.0,0.0,30.0810341991391,6.75806379318237,22.876116945597303,0.09299843634020681,44.6514802,0.99998313022412,0.0,1839.8875236511199,106.802955269814,55.2922338247299,-6.04864535853267,-63.5636769,-2.0,394.605895996094,-224.755599975586,342.67919921875,106.290000915527,75.3213346004486,69.3526208400726,0.2179963396244135,-0.15499740279382,0.128997834150917,2.8163527745323345,0.0,0.0,1.0,7.0,0.0,0.0,0.0,24060101.0,-13.168393154675062,356.864816585093,27.655871772766098,6.469393129348754
2024-06-01 19:06:16+00:00,GER,GER,19.00398127680794,19.286040085753843,0.0,19.21660779774608,19.34845367137054,18.93114550553676,6.43686845778934,-10.9861539474036,4.992147442189792,0.9996524210022469,-12.796508820406999,-1.10250973381735,6.390926385620351,-26.42570478555042,-0.07283546511328849,-11.22572189339078,33.6826366424561,6.4796394252777105,1.0,324.904285081096,0.135952511429787,0.0,0.0,29.347362599253,6.53094334602356,26.0075648734305,-0.08799852392408788,44.6514947,0.99998313022412,0.0,1839.9510383605916,76.7320692539215,44.1364534199238,-39.9712212383747,-63.5636653,-2.0,394.125305175781,-224.135803222656,340.715606689453,105.290000915527,75.3174602985382,69.350677728653,-0.1484975039629875,-0.27899529834845,-0.331994418017428,3.228945847338634,0.0,0.0,1.0,7.0,0.0,0.0,0.0,24060101.0,-14.106897005127939,358.83171982076,27.330238723754903,6.262944562094553
2024-06-01 19:06:17+00:00,GER,GER,19.0141432322551,19.300327816969137,0.0,19.224788315315,19.324061016787677,18.923051389860824,6.436134212453554,-10.9861539474036,4.991785015276958,0.9931110634567581,-11.605011774889055,-1.1030524350355901,6.390656251638677,-26.68586293443218,-0.09109115670729082,-11.296554882442582,33.3152812957764,6.370197229385376,1.0,324.87767466409,0.135819111764431,0.0,0.0,37.2692243194035,6.49400911331177,29.06951477268515,0.7783869487358002,44.6515081,0.999983236945826,0.0,1839.896583557124,160.51422059536,-24.2252964526415,1.670116558671,-63.563652,-2.0,392.501892089844,-224.756805419922,328.796295166016,104.290000915527,75.3174602985382,69.3312883377075,0.3764937007696565,0.847985701260243,1.28097850006062,3.0659485054381563,0.0,0.0,1.0,7.0,0.0,0.0,0.0,24060101.0,-14.201899813840942,0.87579518999192,26.872061634063698,6.196340628674157
2024-06-01 19:06:18+00:00,GER,GER,19.022272523405263,19.3064490325033,0.0,19.22683293244304,19.299670411261538,18.925073808874064,6.4359873633864,-10.98527114545335,4.99069781991582,1.392145100854842,-8.355712774908746,-1.10250973381735,6.390116666694245,-26.67022248425178,-0.09719800082975148,-13.23635200012412,32.4605209350586,6.505673761367795,1.0,324.855790737989,0.135681715607643,0.0,0.0,39.9019753764982,6.33145823478699,31.884965706114897,0.7639871810737795,44.6515207,0.99998313022412,0.0,1839.9691820144621,196.180924773216,-16.1809846758842,-16.7077127844095,-63.5636376,-2.0,391.410308837891,-224.197998046875,348.00390625,103.389999389648,75.3213346004486,69.3293511867523,0.08449858808427552,-1.00498314886169,-0.149997490877959,2.24136232791112,0.0,0.0,1.0,7.0,0.0,0.0,0.0,24060101.0,-16.72838695858338,3.00756024912016,26.335261058807397,6.183220527046605
2024-06-01 19:06:19+00:00,GER,GER,19.02430450468334,19.20239827219682,0.0,19.22683224942414,19.2854489328812,18.929121378976223,6.436868457789335,-10.98527114545335,4.991422759118853,1.516797654033162,-10.5511575552989,-1.10305243503559,6.390386800675918,-26.60537427770542,-0.095182732170798,-16.327820610933678,32.331840133667,6.949193544387816,1.0,324.834890359129,0.135528212785721,0.0,0.0,46.2924813639752,6.78527040481567,34.45092263576885,0.640989262566237,44.6515331,0.999983236945826,0.0,1839.8875474929798,157.243594527245,192.786619067192,-33.946443349123,-63.5636208,-2.0,390.333587646484,-223.36979675293,335.555206298828,102.389999389648,75.3213346004486,69.3351686000824,-0.042999282497043004,0.0439992615451623,-0.245995879703768,2.885351601659896,0.0,0.0,1.0,7.0,0.0,0.0,0.0,24060101.0,-20.99999068060394,4.80127550064494,25.61626596450805,6.225242301821708
2024-06-01 19:06:20+00:00,GER,GER,19.03853861891364,19.184041114274038,0.0,19.224788315315,19.2285599457747,18.923051389860824,6.435840514319246,-10.9845339119098,4.991422588364124,1.654169983125432,-11.3932951205257,-1.1030524350355901,6.3901173497131625,-26.232684322624777,-0.11548688087321982,-19.78709183496336,31.7503131866455,7.60467384338379,1.0,324.817896848474,0.135393203794956,0.0,0.0,46.7653763413502,7.39269418716431,37.4338711519885,1.1721803313941226,44.651546,0.999983236945826,0.0,1839.951038360592,125.179305672646,-48.4683848917484,-17.510985955596,-63.5636018,-2.0,388.989807128906,-222.952392578125,333.510314941406,101.290000915527,75.3174602985382,65.9363687038422,-0.15049747915137374,0.68898839561416,0.74598749817668,3.68173808388241,0.0,0.0,1.0,7.0,0.0,0.0,0.0,24060101.0,-26.127896926416305,6.1286467799824,24.65918169021605,6.631677854061124
2024-06-01 19:06:21+00:00,GER,GER,19.06903677959558,19.1799617837922,0.0,19.212518221980538,19.11077743165136,19.087248454489,6.43701530685649,-10.983651109959599,4.991060076073926,1.85041598154227,-12.2937471333388,-1.1035952002868519,6.389577081749815,-23.4846222553578,0.018211826304883792,-23.6496857294822,30.8366352081299,8.806311893463135,1.0,324.804591639971,0.135229106247425,0.0,0.0,49.2236741217591,8.17863807678223,40.7843162889534,1.834769277469902,44.6515596,0.999983343667531,0.0,1839.9419546127301,163.469061255455,64.3633753061294,-38.725845515728,-63.5635802,-2.0,387.907897949219,-222.181793212891,331.226287841797,100.290000915527,75.3310084342956,58.7587475776672,-0.7349876652813601,-1.29797820057455,0.91498473437619,3.0895481750583857,0.0,0.0,1.0,7.0,0.0,0.0,0.0,24060101.0,-31.722437256700942,6.90173369402134,23.486696720123298,6.929198690823144
2024-06-01 19:06:22+00:00,GER,GER,19.097502958999435,19.16772652442252,0.0,19.20433804592108,19.019448581692902,19.19663188499004,6.43686845778934,-10.9824733292146,4.990335222248257,2.2570820296302463,-13.799928923165801,-1.104138029571136,6.388228631652924,-20.38408861748182,0.09912896751201827,-30.5790342198274,32.6654571533203,10.397590370178214,1.0,324.791805525844,0.135055607557297,0.0,0.0,54.5419326170978,9.73390302658081,44.564253966212505,2.5945565111900164,44.6515744,-11.8819550282787,0.0,1840.005469322202,-3.04790143854916,-77.0494192838669,-99.8139306902886,-63.5635532,-2.0,386.533294677734,-221.487701416016,329.152709960938,99.2900009155274,75.3252029418945,54.0861248970032,-0.8344859924482715,-0.132997763683606,0.88998506807518,4.437325455626226,0.0,0.0,1.0,7.0,0.0,0.0,0.0,24060101.0,-39.550144136123876,7.22884767507253,23.26995363235475,7.220624599456788
2024-06-01 19:06:23+00:00,GER,GER,19.12394023071036,19.1391804318054,0.0,19.18594229742948,18.940339964688,18.90079760901654,6.436721608722181,-10.9770245458042,4.992147442189792,2.6517543936017263,-12.3762267902086,-1.104138029571136,6.387958497671251,-17.14393839976264,-0.22314269639896916,-32.9174717425674,32.2074783325195,12.39285621643066,1.0,324.782980921437,0.134849305450916,0.0,0.0,56.0561070089142,11.5583896636963,49.1536749280502,3.0499488726847703,44.6515906,-8.78213087630275,0.0,1839.914727210996,-53.3489882946014,-62.3684898018837,-30.4559972137213,-63.5635202,-2.0,384.875793457031,-220.285003662109,326.373992919922,98.2900009155274,75.3368198871612,54.0822446346283,-1.11948129181746,0.23799602063839,0.590990068702434,4.840118786454801,0.0,0.0,1.0,7.0,0.0,0.0,0.0,24060101.0,-47.0718599067681,6.97725082680594,21.626033306121847,7.803126104254469
2024-06-01 19:06:24+00:00,GER,GER,19.132073619974,19.13306468042256,0.0,19.185944004976758,18.98096866194686,19.27147641489612,6.436574759655025,-10.9695151796986,4.992147612944519,2.642305894102072,-10.114064295118936,-1.1035952002868519,6.387688619821669,-14.51947116684796,0.13940272722054417,-34.70200004814903,31.7194072723389,14.569903564453119,1.0,324.786805827372,0.134589010477066,0.0,0.0,58.3801949872269,13.7223280906677,54.02159685329515,3.8253357675493462,44.6516084,-6.15417888087356,0.0,1839.9419546127283,-4.80407988652587,45.1020263135433,-48.4696738421917,-63.5634799,-2.0,383.299713134766,-218.870407104492,333.428314208984,97.2900009155274,75.3871440887451,54.0977597236633,-1.217479618729185,0.386993502452751,1.17798020787218,5.046515321096268,0.0,0.0,1.0,7.0,0.0,0.0,0.0,24060101.0,-54.764283961376236,6.33184832288486,20.2757363319397,7.902361621856689
2024-06-01 19:06:25+00:00,GER,GER,19.12190824943226,19.13510280887088,0.0,19.18389938784872,19.2590328347567,19.11143688641572,6.436574759655025,-10.95272913603965,4.9910602468286545,2.8352814058452402,-7.561382478447186,-1.103866614928994,6.387688790576401,-18.339444851700723,-0.0104715457774678,-36.4842347762074,31.398180770874,16.8228338241577,1.0,324.790712695577,0.134289917349815,0.0,0.0,63.2609183945238,15.8351388931274,59.25600623883555,4.775519881813196,44.6516263,-5.86731648526172,0.0,1839.8875474929798,65.5641034245491,92.1923518180847,-6.24800613150001,-63.5634311,-2.0,381.012390136719,-216.422302246094,340.726501464844,96.3899993896484,75.4103779792786,54.1074514389038,-1.493474916567265,-0.767987057245616,1.43397591140767,5.397309653377258,0.0,0.0,1.0,7.0,0.0,0.0,0.0,24060101.0,-62.64631065224937,5.42626299602367,19.3350920677185,6.7643380165100115
2024-06-01 19:06:26+00:00,GER,GER,19.33805265930244,19.74202897889524,0.0,19.70366278179892,19.737006057779617,19.936698932505443,6.436134212453554,-10.9094385433065,4.9906978199158205,4.584052945414272,-4.6756275541168,-1.1035952002868519,6.387958497671251,-22.2879720882432,0.5986464279494982,-38.023460935861564,32.7389007568359,19.35497062683106,1.0,324.799974432092,0.133944314718246,0.0,0.0,68.5117287718086,18.2792621612549,63.98292744640205,5.627905633625441,44.6516436,-5.80486166237795,0.0,1839.7514581680302,68.156473338604,202.651411294937,-47.1420958638191,-63.5633726,-2.0,378.025909423828,-214.062301635742,326.384094238281,95.3899993896484,75.4297316074371,54.1248977184296,-1.304478086065165,0.663988836034856,1.31497790108847,3.586339679150418,0.0,0.0,1.0,7.0,0.0,0.0,0.0,24060101.0,-68.9773072505447,4.29730145499909,20.1435974121094,5.6634980678558335
2024-06-01 19:06:27+00:00,GER,GER,20.73075828390036,20.46208357214254,0.0,19.1393399167225,17.95204540122354,16.11328402759412,6.437309004990805,-10.8761605810097,4.9921478690766135,6.3924253560110715,-6.7654752620609955,-1.10305243503559,6.387149205631971,-26.74765907094788,-4.617474427060996,-37.47691124753386,35.3614986419678,22.05371131896974,1.0,324.814782282212,0.133557204902172,0.0,0.0,70.6609024356665,20.988370513916,67.80686690984166,6.747886841929298,44.6516612,-4.31364695145657,0.0,1838.962221145628,68.0351704359054,221.696227788925,51.408264786005,-63.5633045,-2.0,373.515686035156,-208.110107421875,321.489013671875,94.2900009155274,75.4607021808624,54.1481673717499,-1.9599670718430549,-1.122981070076,1.9079678811964,4.360326769433284,0.0,0.0,1.0,7.0,0.0,0.0,0.0,24060101.0,-71.50879665508057,3.02869520228971,21.6890184402466,5.751994565555025
2024-06-01 19:06:28+00:00,GER,GER,20.90126063766086,17.47800841621928,0.0,13.33604117238136,8.862865249084864,3.82323591126639,6.437015306856495,-10.8227096549993,4.991785271409049,7.296975226194094,-5.6275644656764,-1.2943774529101602,6.177518149531679,-29.01507799424538,-17.07802485446052,-40.28915147978962,38.1889949798584,24.537076377868623,1.0,324.832212924974,0.133122995495796,0.0,0.0,73.7569793751091,23.5046447753906,72.43078544962985,7.054081831854761,44.6516778,-2.90463826295136,0.0,1838.8443470001198,125.556513667107,385.160565376282,36.416869610548,-63.5632266,-2.0,368.67041015625,-204.018798828125,317.055511474609,93.2900009155274,75.4878044128418,54.1753113269806,-1.500974891162765,0.650989065053618,-0.296995007925975,4.7955196148540065,0.0,0.0,1.0,7.0,0.0,0.0,0.0,24060101.0,-78.20980099316952,2.14855916027598,24.103966140747048,3.7911321191226715
2024-06-01 19:06:29+00:00,GER,GER,20.917715246390323,17.25754391169904,0.0,13.142665368864181,8.92958270765228,4.619942003653375,6.436427910587865,-10.7689641770809,4.991059990696561,7.620417809811674,-2.1439603618913,-1.4070012959081482,6.110608677271218,-27.944310262590882,-16.297773584246436,-40.558567608581825,39.2919467926025,27.2975066757202,1.0,324.857703190957,0.132638910412788,0.0,0.0,78.6849130499491,26.1335134506226,76.65321522472085,6.480491339225644,44.6516914,-3.09640820361734,0.0,1838.617539405822,126.245006918907,303.222417831421,82.0752829313278,-63.5631384,-2.0,364.458587646484,-197.998504638672,334.423706054688,92.2900009155274,75.512969493866,54.2024552822113,-1.824969503475665,-0.23799602063839,-1.25397897571497,2.975149976980078,0.0,0.0,1.0,7.0,0.0,0.0,0.0,24060101.0,-82.98408683055445,1.10958845649578,24.38243522644045,1.9945166862927917
2024-06-01 19:06:30+00:00,GER,GER,20.917715246390323,17.27771653390324,0.0,13.231895472445379,8.745193213271321,4.0556483376356605,6.43745585405796,-10.703881438914,4.991785015276958,6.237971812366,-0.134490613584503,-1.382034051661354,6.128415663456364,-27.331298394016,-16.862067762528362,-39.61072449896731,40.9311550140381,30.250008544921883,1.0,324.894722816258,0.132101301848888,0.0,0.0,82.6132895208928,29.0849166870117,79.04367215119859,6.923283880003744,44.6517016,-4.15725909823855,0.0,1838.55402469635,121.937349438667,367.423832416534,66.0092607140541,-63.563039,-2.0,357.037902832031,-192.826904296875,330.920501708984,91.2900009155274,75.5478143692016,54.2315363883972,-1.2739786767392651,1.00598313124486,0.551990755758719,1.3539772567208703,0.0,0.0,1.0,7.0,0.0,0.0,0.0,24060101.0,-85.82707794049136,0.0680343203734136,24.43453016281125,-0.1205609120428562
2024-06-01 19:06:31+00:00,GER,GER,20.8971464732143,15.87691884268612,0.0,9.31676256754766,2.15406664062454,-5.064532677107838,6.43613421245356,-10.69519386517655,4.9925102106120836,5.463526544455876,-1.1867706225639902,-1.37063593869614,6.128415663456364,-27.99390085105972,-25.961678467303262,-37.03701359705812,42.1718101501465,32.36960289001466,1.0,324.911197232536,0.131582602858543,0.0,0.0,82.6462656742056,31.7063335418701,80.1911541770445,7.998666002084164,44.6517116,-3.04820713175773,0.0,1838.563108444212,379.058718681335,488.631427288055,201.714903116226,-63.5629301,-2.0,351.461303710938,-185.463302612305,315.185302734375,90.2900009155274,75.5632996559143,67.995423078537,-0.6699887570143155,1.35797725028658,1.56097367407054,2.0903648920025875,0.0,0.0,1.0,7.0,0.0,0.0,0.0,24060101.0,-86.10508986235406,359.09703168888,24.17692823410035,0.33034492850303643
2024-06-01 19:06:32+00:00,GER,GER,20.8950899032552,13.536948967005799,0.0,5.114880904310408,-3.484423609091624,-12.19552030458282,6.436427910587865,-10.6533756050963,4.99106016145129,6.028643760532762,-0.3099599209300625,-1.3709073106496017,6.1267970793778,-26.46613984694638,-33.090610207838054,-36.3041438613806,43.4188133239746,34.30707275390624,1.0,324.818771112688,0.131311109662056,0.0,0.0,83.8597170821501,33.3357124328613,82.429618903922,7.478674565193079,44.651721,-1.9870145142346,0.0,1838.572168350218,523.505568504334,699.869692325592,286.241710186005,-63.5628148,-1.0,344.699188232422,-177.526901245117,321.906005859375,89.3899993896484,75.5613625049591,68.5421824455261,-1.160980507358252,-1.57797348130617,-1.19997992702367,1.3759769331836813,0.0,0.0,1.0,7.0,0.0,0.0,0.0,24060101.0,-86.33504184114088,358.452780925608,24.8505017280579,1.242204809188842
2024-06-01 19:06:33+00:00,GER,GER,20.85395747954506,12.8905323507477,0.0,3.8143972622822515,-5.882233191522206,-15.925762379214538,6.436868457789335,-10.559137777570399,4.991785015276958,7.60806182684839,0.296822345546234,-1.37063593869614,6.12733683507696,-27.88136870335136,-36.77971968800482,-36.86964800767398,46.4729164123535,36.63921546936034,1.0,324.734595861356,0.131020613014698,0.0,0.0,85.9549527421324,35.7653697967529,83.9795903171784,7.067081389392587,44.6517274,-2.73927191262594,0.0,1838.4996175765962,475.08904337883,604.746341705322,251.688897609711,-63.5626912,-1.0,336.083099365234,-168.673095703125,305.914886474609,88.3899993896484,75.6368577480316,73.1004118919372,-1.051982320870781,0.489991794641191,0.388993440538669,2.119164480687482,0.0,0.0,1.0,7.0,0.0,0.0,0.0,24060101.0,-86.83202006552935,358.163891244473,26.37097005844115,1.5917724537849438
2024-06-01 19:06:34+00:00,GER,GER,20.81283291055236,12.357039252037481,0.0,2.8213732197043884,-7.164503707241695,-17.453493842759745,6.43628106152071,-10.505981403467949,4.989972795335424,7.757063769630049,-1.0023711884735365,-1.3711786826030639,6.12733683507696,-29.81844006328986,-38.26632743633102,-37.46569402785998,48.3614833831787,38.784531555175775,1.0,324.651103628942,0.13071470707655,0.0,0.0,87.6425763728266,37.7006355285645,86.8185447853158,6.825285521075503,44.6517305,-2.05414588226572,0.0,1838.490533828734,512.735724449158,708.788752555847,297.242105007172,-63.5625598,-1.0,328.155212402344,-158.911804199219,301.434509277344,87.3899993896484,75.6484687328339,78.145295381546,-0.5939900425323765,0.0769987102053239,-0.353994057127642,4.2089294793097025,0.0,0.0,1.0,7.0,0.0,0.0,0.0,24060101.0,-89.48796917712112,358.076792672177,28.0242021560669,-0.5911318838596341
2024-06-01 19:06:35+00:00,GER,GER,20.79227745624522,12.35506754717882,0.0,2.904495127799564,-7.183836899196881,-17.56183942601636,6.4359873633864,-10.473734372849,4.990697563783728,7.1167192769214624,-0.01681299088966251,-1.40428740561881,6.07742445932081,-30.88424805307856,-38.3541158577332,-37.71492831369265,49.6866886138916,41.62569488525391,1.0,324.576517963206,0.130384701490402,0.0,0.0,92.8586210872361,40.4054523468018,90.84047435732114,5.903901112890422,44.651727,-3.08055490766691,0.0,1838.445138931274,714.115083217621,755.173742771149,451.590895652771,-63.5624196,-1.0,316.989410400391,-149.447998046875,298.276214599609,86.2900009155274,75.6716966629028,78.1666219234466,-0.923484531272301,0.113998085063121,-0.746987480559853,3.086748181696822,0.0,0.0,1.0,7.0,0.0,0.0,0.0,24060101.0,-93.19240286970977,358.059116142605,28.852716350555397,-4.850783722024215
2024-06-01 19:06:36+00:00,GER,GER,20.82311268676272,12.353095842320162,0.0,2.9798913235471702,-7.191567990318417,-17.772734835509358,6.43672160872218,-10.4426651229751,4.98961036842259,5.448626828290952,1.862368897967155,-1.58367145989955,5.869411645789622,-28.95022944618962,-38.59584718076262,-37.80629575421992,52.1435955047607,44.69712547302246,1.0,324.56619071718,0.130393914878368,0.0,0.0,95.3951620996821,43.4052177429199,92.70744509524161,3.859735289596518,44.6517183,-2.95702197190395,0.0,1838.3090972900397,710.655689239502,752.911567687988,546.245574951172,-63.5622695,-1.0,308.927307128906,-138.528305053711,295.293212890625,85.2900009155274,75.6755709648132,78.1646847724914,-0.7529873748588856,0.598989927767812,-2.24396238882907,0.3539940718018777,0.0,0.0,1.0,7.0,0.0,0.0,0.0,24060101.0,-95.00453128670851,358.085125502965,30.3355676651001,-6.295953625126889
2024-06-01 19:06:37+00:00,GER,GER,20.88069323052266,12.3491544816596,0.0,2.98955809027949,-7.141310690009178,-17.77274303173638,6.43672160872218,-10.4167501046036,4.99033547838035,4.4034343130967155,1.814037465543945,-1.580415017802356,5.906913140937036,-27.69750308447974,-38.653436603768526,-36.973371943428695,54.6938346862793,48.02575630187989,1.0,324.556082037209,0.130443803966045,0.0,0.0,95.1708996684739,46.6358299255371,92.82294017901195,1.7845700444407815,44.6517079,-2.49114159880655,0.0,1838.3363246917738,771.91811800003,770.660758018494,683.998763561249,-63.5621083,-1.0,295.612091064453,-127.239303588867,292.678497314453,84.2900009155274,75.7084786891937,78.1976461410522,-0.9869834126037365,-0.906984875310813,-2.09796496088594,0.2947950600232096,0.0,0.0,1.0,7.0,0.0,0.0,0.0,24060101.0,-96.43254762327763,358.020867083253,31.415942573547348,-7.270311266183857
2024-06-01 19:06:38+00:00,GER,GER,20.95475058112692,14.68601184013512,0.0,7.6349228264199365,0.32556482477832277,-6.772625573659664,6.437015306856495,-10.4267623081532,4.99069781991582,3.787801957069422,1.662209297205435,-1.5709165938887342,5.674889138888128,-25.86991282674736,-27.72737696587156,-36.22635005579092,56.5912525177002,50.85245201110842,1.0,324.534689884728,0.130506312847137,0.0,0.0,95.4490454620443,49.7862522125244,93.04043730784724,-0.6065898365686022,44.6516967,-2.30913007747381,0.0,1838.3091211318977,799.378156661987,764.580607414246,737.447798252106,-63.5619362,-1.0,285.585998535156,-114.489601135254,290.952392578125,83.2900009155274,75.7084786891937,78.145295381546,-1.489474987034575,-0.720987885236523,-2.15396397434358,-0.7931866719984926,0.0,0.0,1.0,7.0,0.0,0.0,0.0,24060101.0,-98.0973898410142,357.761155970252,32.231706619262695,-10.539201981680716
2024-06-01 19:06:39+00:00,GER,GER,20.969156474614863,16.366168366519283,0.0,11.05742756903424,5.34122654321546,-0.6695258396092972,6.43716215592365,-10.41616057390085,4.98924802688712,4.00040235253401,1.0333651195036,-1.55029153568507,5.2030169823413335,-25.4388592467184,-21.638682694420222,-34.39115130883262,58.8605644226074,53.3397134399414,1.0,324.578894869037,0.130636011064053,0.0,0.0,94.5571047187107,52.1718784332275,92.1344536955801,-0.43419271896324513,44.6516865,-2.42033366801126,0.0,1838.218450546266,589.495301246643,546.90009355545,677.956342697144,-63.5617548,-1.0,273.611907958984,-101.078498840332,301.931884765625,82.3899993896484,75.7123470306396,69.61629986763,-2.0399658759402453,-1.16898047314534,0.232996108722529,-0.13119779005781024,0.0,0.0,1.0,7.0,0.0,0.0,0.0,24060101.0,-96.6046834167781,357.32806733536,31.9945083618164,-7.459961717268999
2024-06-01 19:06:40+00:00,GER,GER,20.95886577010186,15.697331654310602,0.0,9.740013339468806,2.9579839613598593,-3.706570367860072,6.43628106152071,-10.4208725506545,4.990335136870894,2.715716511169272,1.1484163476995854,-1.5513770234989122,5.23674112674564,-26.408538812618918,-24.66543662888176,-32.793031160041096,61.8161270141602,55.08783050537111,1.0,324.680692008427,0.130831302702427,0.0,0.0,94.4125915762516,54.5318309783936,92.32294984119949,0.40559321746843546,44.6516764,-2.22089129047324,0.0,1838.2002592086799,717.068374156952,662.675559520721,674.93599653244,-63.5615656,-1.0,259.534088134766,-86.7171325683594,288.110198974609,81.3899993896484,75.7142841815948,62.1304094791412,-0.9964832452438679,0.43599269258904,-0.156997367560164,-0.1793969889514772,0.0,0.0,1.0,7.0,0.0,0.0,0.0,24060101.0,-94.5574434960935,357.111249810348,31.848160171508752,-2.785341882705688
2024-06-01 19:06:41+00:00,GER,GER,20.95063197705742,15.338690203069518,0.0,9.04803347040858,1.6880044137404897,-5.536059012639226,6.43628106152071,-10.3874477392906,4.990335393002986,3.332438282369182,1.273450511017355,-1.55110565154545,5.236471419650788,-28.16060049699982,-26.486691203140005,-31.499318882178738,64.6954925537109,57.98318321228025,1.0,324.777899260694,0.131057104468346,0.0,0.0,94.8852748177623,56.3210094451904,92.4779473240346,1.4149762994882529,44.6516649,-2.81732710101744,0.0,1838.1095886230462,739.671885967255,706.937730312347,741.776287555694,-63.5613694,-1.0,247.377304077148,-71.4917907714844,287.776000976562,80.3899993896484,75.7568717002869,54.8287034034729,-1.87746841850965,-1.57497364087836,1.51597457354949,0.9439841274386493,0.0,0.0,1.0,7.0,0.0,0.0,0.0,24060101.0,-92.03864321699771,357.236269592915,31.9908073425293,0.17239274829626075
2024-06-01 19:06:42+00:00,GER,GER,20.928006292412782,13.82861648607614,0.0,6.070041195582752,-2.428665111416499,-11.281785622890819,6.43642791058787,-10.34209571008855,4.990335222248257,2.4431523054998983,2.79802018394622,-1.5386220294220558,5.228917059674023,-28.3284438581164,-32.209792769077254,-30.65550911588836,68.3938545227051,60.91744262695312,1.0,324.842594812512,0.130905412137508,0.0,0.0,95.4609982930918,59.8799446105957,92.33345125704835,1.2913783381899517,44.6516514,-2.67354180059174,0.0,1838.05513381958,806.367099285126,842.184782028198,726.999580860138,-63.5611621,-1.0,232.554992675781,-56.4303894042969,288.602386474609,79.3899993896484,75.80526471138,47.6918011903763,-1.318977883982015,2.01596619202241,1.38697663267687,-2.796553037968162,0.0,0.0,1.0,7.0,0.0,0.0,0.0,24060101.0,-92.31576311615484,357.765800498888,32.275595283508295,-0.019812092344675764
2024-06-01 19:06:43+00:00,GER,GER,20.997973384232598,16.030489157494138,0.0,10.524588802446445,4.942914926388148,-0.5893050076733399,6.43642791058787,-10.2901171167311,4.990335222248257,2.597968660255944,3.6291258197247203,-1.364122841058348,4.8563299843177345,-27.99466207564272,-21.58727834921724,-29.626330747599503,70.2605278015137,63.18575958251953,1.0,324.891116476376,0.130655604600906,0.0,0.0,92.4463713595016,62.3758598327637,87.91902827948286,0.29279510592903596,44.6516445,-3.00104147388762,0.0,1838.154911994934,891.858100891113,827.663421630859,798.332333564758,-63.5609452,-1.0,215.526702880859,-38.6732902526856,289.602996826172,78.2900009155274,75.8381724357605,40.2660101652145,-1.734470884355175,-0.124997904618228,-0.736987656728131,-6.256695068428298,0.0,0.0,1.0,7.0,0.0,0.0,0.0,24060101.0,-90.7070964722659,357.992835986899,32.1641595840454,-2.3397222188802873
2024-06-01 19:06:44+00:00,GER,GER,21.01032543983706,16.4427662059853,0.0,11.25110253483706,5.5891972440516895,-0.918346873650789,6.435840514319246,-10.28982299170995,4.991060246828654,1.4353918096226128,3.562932428765715,-1.231416555697574,4.339941301459102,-28.12321579808718,-21.9286723775209,-27.72869587540028,75.1911163330078,64.22947174072263,1.0,324.927179875194,0.130588509142399,0.0,0.0,86.7298035525244,63.9150856018066,81.83662871037066,1.1817801409282314,44.6516526,-3.54494010966631,0.0,1838.064217567442,869.439363479614,811.147689819336,843.055784702301,-63.5607223,-1.0,203.05729675293,-22.161600112915,290.180786132812,77.2900009155274,75.8323669433594,31.3046514987946,-1.138480903736877,1.43997591242841,4.42692563884123,-6.083098041332242,0.0,0.0,1.0,7.0,0.0,0.0,0.0,24060101.0,-83.00431375276249,357.997507836292,32.53463401794435,7.00221266495554
2024-06-01 19:06:45+00:00,GER,GER,21.10711673358426,17.98662118483994,0.0,14.590857742732002,10.91786656985544,8.736199348238282,6.437015306856495,-10.3083759199298,4.98997270995806,1.3198244218966149,3.054392188216295,-1.158143204088346,4.3294193096653295,-27.87259600838138,-12.370917171902542,-25.193136019628582,77.7467559814453,64.2609489440918,1.0,324.917781534896,0.131049607694149,0.0,0.0,79.8511200394046,64.1688285827637,75.67873847545685,1.159980503630738,44.6516786,-2.78027695330812,0.0,1838.1458520889278,1020.97499370575,991.104066371918,932.661175727844,-63.5605006,-1.0,191.788192749023,-3.19960188865662,290.260803222656,76.2900009155274,75.8343040943146,48.5216289758682,-1.4934749699281205,-3.86593488155141,-5.96989952329296,-6.412492537169934,0.0,0.0,1.0,7.0,0.0,0.0,0.0,24060101.0,-77.00476984243386,358.001442025254,31.64937801361085,13.870198962562972
2024-06-01 19:06:46+00:00,GER,GER,21.1318256259257,18.64106532242956,0.0,15.795492742495819,12.88306029455048,9.012566773992251,6.43672160872218,-10.30867004495095,4.989973051467516,1.8169813731257558,1.979521903436805,-1.1562434723480721,4.278967519719481,-27.7081848173227,-12.11925851042398,-22.94401312406078,80.5943161010742,64.02911544799801,1.0,324.939774744023,0.13119750469923,0.0,0.0,73.526453660432,64.4236907958984,69.91483062734224,2.952950496139702,44.6517219,-2.74553370199096,0.0,1838.16397190094,731.105506420136,812.322616577148,693.44574213028,-63.5602841,-1.0,184.045501708984,13.6350402832031,289.543304443359,75.2900009155274,75.8343040943146,48.8725602626801,-1.333477628538012,2.37096015149194,3.17194668074309,-3.4745415633344066,0.0,0.0,1.0,7.0,0.0,0.0,0.0,24060101.0,-70.30544573088073,358.004829799082,30.34183502197265,24.33502681732176
2024-06-01 19:06:47+00:00,GER,GER,21.12358568571102,18.04585258532232,0.0,14.700179701530482,11.326399906285141,7.046327944976864,6.435840514319246,-10.32015543492715,4.990697563783728,1.35253243692366,1.811935581548575,-1.2840648277587978,4.414944206376562,-27.64486110899916,-14.07725808224358,-22.755149172754557,80.0979194641113,62.67573028564453,1.0,325.005809012919,0.130469995737076,0.0,0.0,70.0034284261611,63.135612487793,66.84587978418836,4.1569303953847445,44.6517759,-2.34715993044221,0.0,1837.937211990354,947.434782981872,886.908710002899,733.203947544098,-63.5600756,-1.0,177.208404541016,31.9999694824219,288.194488525391,74.3899993896484,75.8343040943146,48.8725602626801,-0.5749903639118925,1.55297392172686,4.74992058893608,-3.375343353612408,0.0,0.0,1.0,7.0,0.0,0.0,0.0,24060101.0,-68.22982774023254,358.148482337706,30.66761569976805,24.839046936035164
2024-06-01 19:06:48+00:00,GER,GER,21.121525359147878,17.58924146194752,0.0,13.69708445964406,9.555487924323376,4.924321785429543,6.436427910587865,-10.32103909065105,4.990335222248258,2.1996615684289575,0.181244685856055,-1.361680408099834,4.876564334356532,-27.97292055898622,-16.197203317586222,-22.43207132123866,80.4277633666992,61.46469360351559,1.0,325.117714832281,0.129697707295418,0.0,0.0,66.0184774983222,61.8424942016602,64.38292039967095,4.201129488654909,44.651837,-1.80626636445491,0.0,1837.819266319276,976.974010467529,990.89640378952,804.644465446472,-63.559876,-1.0,172.856796264648,48.544979095459,286.652404785156,73.3899993896484,75.8323669433594,43.924617767334,-1.076981933810935,-0.961983906385283,-0.333994436144625,1.1573805387623202,0.0,0.0,1.0,7.0,0.0,0.0,0.0,24060101.0,-66.41974291583347,358.145121884634,31.54702491760255,27.730418815612794
2024-06-01 19:06:49+00:00,GER,GER,21.10916613184472,16.9713620590607,0.0,12.44575692067622,7.834134770450829,3.0336053399066656,6.43584051431925,-10.32148091851295,4.989973051467516,2.641579247351744,0.1113720374098095,-1.4251840492193462,5.132870000414291,-27.99237464528968,-18.07556049311726,-23.21183576971964,80.1225219726562,61.52982604980468,1.0,325.238581859833,0.129064612090588,0.0,0.0,67.3936336348667,61.2376007080078,66.63988127882081,3.0779484221022697,44.6518971,-1.42971333975705,0.0,1837.9009246826158,1029.43730354309,1012.81309127808,837.424159049988,-63.5596784,-1.0,169.183303833008,66.6178436279297,273.412902832031,72.3899993896484,75.828492641449,37.3073279857636,-1.3079780777671202,-1.97096677133625,-3.84393526912162,1.657572164384037,0.0,0.0,1.0,7.0,0.0,0.0,0.0,24060101.0,-67.67333124741658,358.168453810839,32.29028606414795,25.007709980010965
2024-06-01 19:06:50+00:00,GER,GER,21.10092585012056,16.955256131488362,0.0,12.5743031299126,7.783798325324585,2.887890212219664,6.43628106152071,-10.3217754704209,4.98924802688712,2.3003288664640644,-0.03099579865991453,-1.3817627010522322,5.059755642802339,-27.9992410344623,-18.21303546714618,-23.7393767000777,80.4558540344238,61.819097442626955,1.0,325.380403907759,0.128190506994724,0.0,0.0,69.156867459673,61.5844802856445,67.74686711307766,1.766970407857804,44.6519526,-1.81800575209087,0.0,1837.937211990354,1027.5946855545,1073.06778430939,931.580722332001,-63.559477,-1.0,163.452896118164,85.8842468261719,286.072296142578,71.2900009155274,75.824624300003,36.5356653928757,-1.41247634353032,-0.886985174286516,-2.13596407800307,1.8467689540101766,0.0,0.0,1.0,7.0,0.0,0.0,0.0,24060101.0,-68.70081026463994,358.317597821555,32.904698181152355,21.105700721740718
2024-06-01 19:06:51+00:00,GER,GER,21.142130332326524,18.11233491462754,0.0,14.7786718939628,11.15883914424545,8.495938479559804,6.436721608722181,-10.31765217059635,4.98924802688712,3.058420399001018,0.20383494289638399,-1.327757462502004,5.009843437800918,-27.720009582323303,-12.646192236964833,-23.758942801483578,81.1810615539551,62.930201110839846,1.0,325.518592295047,0.12748731225729,0.0,0.0,70.8849804517671,62.4059761047363,69.9698341407284,0.9895834201608336,44.6520044,-1.4453751769673,0.0,1838.0007028579719,859.959065914154,955.776035785675,818.050444126129,-63.5592713,-1.0,159.455596923828,99.7763977050781,286.551696777344,70.2900009155274,75.8265554904938,36.531788110733,-2.1089648738225346,-0.86698547326222,-3.21894585275218,1.3497773760682734,0.0,0.0,1.0,7.0,0.0,0.0,0.0,24060101.0,-68.72081179060541,358.506520853998,33.304178237914996,22.299060487747198
2024-06-01 19:06:52+00:00,GER,GER,21.09269069103828,17.46883547216394,0.0,13.30064679059294,9.25532894332218,3.7690050843744807,6.436574759655025,-10.31662166580535,4.98924802688712,2.149509922608448,-0.18229941814182002,-1.256926522506946,4.942934136295191,-28.304412179031182,-17.32368558531948,-23.365209375079605,82.4738777160644,63.88889007568359,1.0,325.472502178528,0.129556408524513,0.0,0.0,72.8999408984342,63.4164573669434,71.38430143104094,3.1411473514074357,44.6520515,-2.1635226106436,0.0,1837.9553318023682,870.714902877808,871.053516864776,778.09602022171,-63.5590594,-1.0,153.707992553711,117.665100097656,288.52099609375,69.2900009155274,75.8265554904938,36.496889591217,-1.058482259722252,2.67995513477897,5.01391593809354,2.8587518995127903,0.0,0.0,1.0,7.0,0.0,0.0,0.0,24060101.0,-68.74246349027433,358.960318622453,32.856222724914545,23.24832859039308
2024-06-01 19:06:53+00:00,GER,GER,21.06385021726792,16.0672874846665,0.0,10.75268843393036,4.915567788102432,-1.2207868923748433,6.43672160872218,-10.3194190551573,4.98924802688712,1.759198100813494,-0.219072481284874,-1.101967011254764,4.798054127300268,-28.30631985086638,-22.284636906871476,-23.308394837035017,81.9950798034668,65.106739654541,1.0,325.407888588979,0.131392300128937,0.0,0.0,75.9250726629679,64.3600044250488,74.67424645988515,3.63893900863737,44.6520925,-2.09328329309672,0.0,1837.973475456236,1210.96503734589,1187.33441829681,920.641243457794,-63.5588415,-1.0,146.94889831543,134.229293823242,281.080902099609,68.2900009155274,75.8304297924042,36.4949494600296,-1.1749803407639425,0.502991565622429,2.86795182281534,3.3233441843100877,0.0,0.0,1.0,7.0,0.0,0.0,0.0,24060101.0,-70.54857177853867,359.575281534565,32.19531955718995,20.099465675353997
2024-06-01 19:06:54+00:00,GER,GER,21.065911568359418,15.995319488929379,0.0,10.439744534085976,4.170023185004744,-2.007052891205074,6.43672160872218,-10.3079340920679,4.99069781991582,3.007541807609404,-0.6955659478261594,-0.9548774360633423,4.628891856654936,-27.650583782995263,-23.07296504653388,-23.28416166736928,83.5844650268555,67.48264160156249,1.0,325.610280754465,0.131763611733913,0.0,0.0,78.9693016364209,66.3373100280762,78.24618609389705,3.7689368465157997,44.6521249,-1.9483735727789,0.0,1838.073253631594,1003.49283218384,1138.06438446045,907.096385955811,-63.5586144,-1.0,140.230194091797,153.352294921875,276.339599609375,67.3899993896484,75.8207499980926,36.4988267421722,-2.40795960639102,1.02498279652513,3.25594520092955,4.8303189590997135,0.0,0.0,1.0,7.0,0.0,0.0,0.0,24060101.0,-72.62148091616197,0.359909241072711,32.369535255432154,20.820153045654298
2024-06-01 19:06:55+00:00,GER,GER,20.977389584640378,14.21401298357922,0.0,6.6450694430321535,-1.842935131476451,-10.564218413784499,6.43539996711778,-10.3108787573738,4.989610453799953,1.750475927899044,-0.39559081630751947,-0.6916358836581632,4.397677573532134,-27.983983074875443,-31.541607998424876,-25.56454872933444,84.2068405151367,69.21225769042967,1.0,325.869909905196,0.131555096805096,0.0,0.0,83.4466272411477,68.7927543640137,83.38559950091366,4.062332147314022,44.6521455,-1.43080649018937,0.0,1837.9190683364882,912.737309932709,1072.21162319183,834.784984588623,-63.5583767,-1.0,130.989105224609,171.158996582031,284.354705810547,66.3899993896484,75.8362352848053,36.496889591217,-0.975483721918958,2.70295472959193,1.09298159858084,4.709520831080422,0.0,0.0,1.0,7.0,0.0,0.0,0.0,24060101.0,-80.89718126928388,1.26843976684836,34.28712844848635,11.540943546295159
2024-06-01 19:06:56+00:00,GER,GER,21.03914678907782,15.12824917191104,0.0,8.678080969769882,1.90475487483346,-5.153488548593904,6.43672160872218,-10.2974792068827,4.990335136870894,2.41589588066409,0.428686577972095,-0.5866106367839862,4.251718138516254,-26.247942623721162,-26.1926348254075,-26.26607916653374,81.0939880371094,71.44609268188476,1.0,326.025201086165,0.129851599037647,0.0,0.0,88.121072105321,70.1904144287109,86.77904580134565,2.9061513206072442,44.6521535,-1.59612780395494,0.0,1837.9734754562378,1217.54884719849,1268.20373535156,1098.23715686798,-63.5581316,-1.0,119.956703186035,194.858200073242,318.37939453125,65.2900009155274,75.8401095867157,36.4988267421722,-2.22696258159344,-1.63197263671917,-0.535991037627964,1.116981250482165,0.0,0.0,1.0,7.0,0.0,0.0,0.0,24060101.0,-86.27458510472145,1.50892411077875,34.06586723327635,-3.2431073835917887
2024-06-01 19:06:57+00:00,GER,GER,20.99591613125456,14.8051942015289,0.0,7.957811054809002,0.23917435633626397,-8.024902893120302,6.436574759655025,-10.300424299075448,4.988885685351649,1.8922092260546641,-0.1092739887257455,-0.3556638196002136,4.041277363489859,-27.5185975489834,-29.02081910975224,-26.026706990843643,82.6378349304199,73.37752899169922,1.0,326.168908266302,0.126961210370064,0.0,0.0,89.4983114495624,72.9013458251953,88.7250110921119,3.7761366342972744,44.6521546,-1.91557905980932,0.0,1837.9734754562378,974.406242370606,1089.25247192383,921.510696411133,-63.5578777,-1.0,106.933197021484,215.975204467773,321.510589599609,64.2900009155274,75.8381724357605,36.4930093288422,-1.513974662144,3.48094166403012,2.62895560635036,3.6581384782952058,0.0,0.0,1.0,7.0,0.0,0.0,0.0,24060101.0,-89.56724718281751,1.38551913434101,33.69946460723875,-2.591442831924984
2024-06-01 19:06:58+00:00,GER,GER,21.00003371079572,14.512092513487602,0.0,7.442817438088346,0.1030521813137744,-7.291809212615355,6.436427910587865,-10.29497636943875,5.35934122942271,1.9928762893020142,1.0176030172507704,-0.21128805732489359,3.905300591455414,-26.484831342629043,-28.29184292341106,-26.3670081888801,81.315087890625,74.62338958740233,1.0,326.326822239913,0.124655409157276,0.0,0.0,92.8201534618306,74.087931060791,90.70147659261684,2.8795516611488177,44.6521479,-1.88261976852601,0.0,1837.9644393920858,1176.19717121124,1264.10639286041,1030.82692623138,-63.557619,-1.0,96.9619827270508,230.689102172852,333.179412841797,63.2900009155274,75.8420467376709,36.496889591217,-1.89396818119284,-1.70797129784026,-2.04996559305026,-0.7927867250689606,0.0,0.0,1.0,7.0,0.0,0.0,0.0,24060101.0,-92.86643345760874,1.11592046874321,33.79842052459715,-9.548102406894454
2024-06-01 19:06:59+00:00,GER,GER,21.0370854379863,16.4689968644738,0.0,11.214106302933535,5.722659567320562,0.19313649076417008,6.436868457789335,-10.2911480484089,7.014068790772166,1.9096533584401463,2.14448196422831,-0.13502948349350521,3.8238225818274136,-27.38622984890638,-20.8439492033542,-26.52285842083308,82.4161170959472,75.03075027465819,1.0,326.515198857222,0.123020213842392,0.0,0.0,91.9420711723229,75.2291633605957,88.8505055728271,3.0475489149651542,44.6521425,-2.05461652498822,0.0,1838.000726699826,1013.28933238983,1139.26196098328,947.216391563416,-63.5573567,-1.0,84.604118347168,252.011093139648,340.05810546875,62.2900009155274,75.8439779281616,36.4949494600296,-1.4889749958429905,0.0459992263115066,-1.18398010217121,-4.216529131978396,0.0,0.0,1.0,7.0,0.0,0.0,0.0,24060101.0,-93.08318814488128,0.608227918702812,33.571188926696806,-5.316117305022022
2024-06-01 19:07:00+00:00,GER,GER,21.04737887457498,16.647626460327682,0.0,11.859538859686939,6.933168188261126,1.7503614655345445,6.437015306856495,-10.2914426003169,7.006094032651987,1.0734265748880223,3.48202787755156,-0.22268617829423318,3.907728809082716,-27.642573678646123,-19.297016882769004,-26.351503659464157,80.5537216186524,73.46038101196288,1.0,326.90659601742,0.122830206155777,0.0,0.0,87.7652738910767,73.9558822631836,83.4385983537783,3.093348108114442,44.6521485,-2.41174619923385,0.0,1837.891817092898,1379.33540344238,1356.74011707306,1139.00828361511,-63.557097,-1.0,71.9297637939453,272.562103271484,356.92919921875,61.2900009155274,75.8381724357605,36.4949494600296,-0.8779853328379685,-2.260962089343,-2.49395798462212,-8.285660732611166,0.0,0.0,1.0,7.0,0.0,0.0,0.0,24060101.0,-92.11138473165838,359.720300111022,32.4258436203003,-5.993660402297974
2024-06-01 19:07:01+00:00,GER,GER,21.088565939798478,18.009524858183784,0.0,14.60463098994804,10.980789772961558,7.646918858413956,6.43539996711778,-10.2516853498187,7.003919812684442,1.1581031194156544,5.569248310542835,-0.3513216709096808,4.030485664601239,-26.94983540245592,-13.441647679026099,-24.71218210205188,82.4431777954102,71.34788726806642,1.0,327.440006470842,0.123831702768803,0.0,0.0,79.5869966242002,72.4712242126465,72.8012788158734,3.660738496524478,44.6521788,-3.35171832691488,0.0,1837.9553318023682,1370.87845802307,1385.64097881317,1215.29984474182,-63.556847,-1.0,59.5172805786133,292.859405517578,390.164886474609,60.3899993896484,75.8401095867157,47.0519810914993,-1.421976176170455,-6.04589861130087,-8.04086495983325,-15.79093495726264,0.0,0.0,1.0,7.0,0.0,0.0,0.0,24060101.0,-82.56744802325932,358.64154003351,30.39404067993165,8.462751511165077
2024-06-01 19:07:02+00:00,GER,GER,21.162742135694298,19.48591122841702,0.0,17.4630072717452,14.768033191311579,13.661826510884287,6.436721608722181,-10.2565450294132,7.004645520283754,0.08856138770734498,5.351226751245321,-0.5461745828761888,4.255765025599487,-27.25615060371078,-7.500915560776993,-22.70512589180174,82.8231605529785,67.10269729614261,1.0,328.659304520716,0.121215207874775,0.0,0.0,63.0309322647911,68.9488632202148,56.1625572146761,3.861935293528178,44.6522498,-3.35042998248269,0.0,1837.855577468874,1341.33768081665,1371.35636806488,1091.61961078644,-63.5566269,-1.0,51.8065185546875,312.682708740234,396.108184814453,59.3899993896484,75.8497893810272,47.0733076334,-0.11749802673927695,-1.65497223153213,-5.98489947248396,-14.848951125427622,0.0,0.0,1.0,7.0,0.0,0.0,0.0,24060101.0,-72.0238202392562,357.718344344535,29.73086986541745,18.50555943080357
2024-06-01 19:07:03+00:00,GER,GER,21.26786455268158,21.02807607696154,0.0,20.65027714038172,19.141658424436258,20.43746722886438,6.436721608722181,-10.2655271550586,6.845514833849788,1.1973522678726045,2.633060229876425,-0.9627474148127841,4.6696310322236645,-27.47434748542654,-0.8303968435695491,-17.863801064694236,83.6020088195801,63.51509811401367,1.0,330.296200336444,0.115543596446514,0.0,0.0,47.5993765899546,64.7412643432617,43.5852692920962,3.33314405435386,44.6523542,-1.97671992505151,0.0,1837.882804870606,1308.46381187439,1325.83928108215,1107.95986652374,-63.5564524,-1.0,50.418399810791,332.818908691406,408.979187011719,58.2900009155274,75.8343040943146,47.0170825719833,-1.57947350824178,-1.9909666324431,-0.569990438655818,-8.305460511864021,0.0,0.0,1.0,7.0,0.0,0.0,0.0,24060101.0,-55.379666930121445,356.928801797238,29.31494979858395,34.858609771728524
2024-06-01 19:07:04+00:00,GER,GER,21.2699259037731,21.030139477109802,0.0,20.85040441513874,19.9821391565252,20.4966815538738,6.436868457789335,-10.2703864077662,5.016434058085792,2.205476407290168,2.35462436670968,-1.36032350564385,5.034394723527258,-26.905967146473678,-0.7732437309134159,-16.259789194724682,84.0333526611328,60.46700866699221,1.0,331.82457810664,0.108446706086397,0.0,0.0,39.1831287022057,61.7940376281738,36.34588861154985,1.5971731964239266,44.652473,-1.31268957427311,0.0,1837.9009246826179,868.49045753479,903.936862945556,790.337920188904,-63.5563127,-1.0,50.9554710388184,346.783294677734,414.792297363281,57.2900009155274,75.8401095867157,47.0170825719833,-1.835969202968855,2.29696166858061,1.13598084105724,-6.023498835163087,0.0,0.0,1.0,7.0,0.0,0.0,0.0,24060101.0,-49.1259621185118,356.253815182701,29.2080476760864,42.571522194998614
2024-06-01 19:07:05+00:00,GER,GER,21.2658014940428,21.034266618915783,0.0,20.860736100786802,20.431649956748263,20.49463796127414,6.43716215592365,-10.2742143019092,4.6434407999173,2.911235756114082,1.50670579340237,-1.542692822167386,5.22487034334552,-26.29562554035484,-0.7711632339478889,-15.55728306500248,80.8928970336914,56.90193283081054,1.0,332.623901484828,0.100646506994963,0.0,0.0,32.5036886373643,58.3309547424316,30.776484060429752,-0.19939665262317646,44.6525958,-0.511251345402238,0.0,1837.9190683364882,651.735067367554,683.183372020721,643.639624118805,-63.5561997,-1.0,53.766529083252,356.613006591797,417.976501464844,56.2900009155273,75.8304297924042,46.9918757677078,-1.96446709928904,-1.04198260376076,-1.43397591140767,-5.337910571750782,0.0,0.0,1.0,7.0,0.0,0.0,0.0,24060101.0,-46.33503958967462,355.351765759396,29.2413173675537,39.50508979797363
2024-06-01 19:07:06+00:00,GER,GER,20.721739019101378,19.52172088570702,0.0,19.06254161120434,18.84931215531718,18.66342804479112,1.637888167509782,-10.2808400122909,-0.8775139644078702,2.261442977349252,1.3139027866244302,-1.5644033895292337,5.2842255410065775,-24.989114171006783,-2.058311337164076,-15.84866986329788,77.8049011230469,52.82850997924802,1.0,332.123112014883,0.0911774709820747,0.0,0.0,27.1578395928733,54.3395565032959,25.84556644669615,-0.9713837194427606,44.6527173,-0.450784961340584,0.0,1837.891864776612,437.271386384964,438.556492328644,416.665554046631,-63.55611,-1.0,53.026798248291,366.145904541016,420.274688720703,55.2900009155273,75.7278382778168,46.8755453824997,-0.7604872427326774,3.89693454887316,3.49894113348381,-3.3333441362078573,0.0,0.0,1.0,7.0,0.0,0.0,0.0,24060101.0,-44.70699569911038,353.622006691711,29.321496963500948,37.95572507040841
2024-06-01 19:07:07+00:00,GER,GER,13.128986719768118,11.68359506496942,0.0,11.56417501299258,11.366259182734039,10.741333927454122,-7.615527735875385,-10.27966265843275,-1.461109179395002,3.136919293556466,1.07854559356362,-1.554905008304294,5.285844466594602,-18.151383789131422,-2.3876526429036082,-15.38045937116512,74.791145324707,49.426438293457046,1.0,331.314390296396,0.0800988413393498,0.0,0.0,23.3957048036858,50.754333114624,22.7396181763556,-2.459958797037678,44.6528343,0.0842806923765492,3.13344597816468,1837.891817092898,528.365075588226,413.89587521553,495.690375566483,-63.5560371,-1.0,44.5111999511719,374.736511230469,427.607299804688,54.2900009155273,75.7239639759064,46.8852400779724,-0.9279845053574289,-0.0869985407071523,-2.72795428917123,-4.306727628317894,0.0,0.0,1.0,7.0,0.0,0.0,0.0,24060101.0,-41.66864137136248,351.720700592833,29.36650142669675,37.566173662458155
2024-06-01 19:07:08+00:00,GER,GER,10.08164770505388,9.160989687487042,0.0,9.10484792307574,8.848668957027092,8.294904966765948,-10.854648473331949,-10.2803986113158,-2.015343321458786,2.362473406660448,3.6722043564285203,-1.550562907638528,5.29043017022598,-14.590041705880921,-1.786742823665298,-14.307592210114441,72.9155044555664,45.64497642517088,1.0,330.309205016624,0.0682524427771568,0.0,0.0,20.2028440837042,47.0998237609863,17.015714746209802,-3.110347894005732,44.6529462,-1.43243773146224,437.59227693080874,1837.882804870604,477.373629808426,370.349526405334,502.882361412048,-63.5559795,-1.0,37.4272804260254,381.225708007812,422.2626953125,53.3899993896484,75.7259011268616,46.9085067510605,-0.5299911033082916,3.03594886318826,-0.298995026053172,-7.152279803061488,0.0,0.0,1.0,7.0,0.0,0.0,0.0,24060101.0,-35.26223060538426,350.085252777209,29.41461124420165,38.171881484985335
2024-06-01 19:07:09+00:00,GER,GER,-3.117741189584128,-5.458232315419806,0.0,-5.564769499371962,-5.2254805780591775,-5.373681339651195,-10.8547953223991,-10.290706220547,-2.3354143529473164,1.8057155310426878,3.3617218860063103,-1.55110565154545,5.293128607212323,-1.0789918343680869,-2.2559404862404397,-12.266420229488519,70.1080856323242,41.9873634338379,1.0,324.980400709207,0.0502420227974653,0.0,0.0,12.2116072783802,43.3294841766357,10.156829817059709,-3.4041429316251324,44.6530528,-0.453947925895682,837.5922918319702,1837.810182571414,604.405522346496,352.129966020584,506.012558937073,-63.5559441,-1.0,32.8726806640625,387.442687988281,421.734008789062,52.3899993896484,75.7181584835052,46.9046294689178,-0.2624955890261085,0.946984063915994,2.48495814317357,-6.319893955044781,0.0,0.0,1.0,7.0,0.0,0.0,0.0,24060101.0,-28.528481998904784,348.728121509884,29.4722173690796,36.99853963851931
2024-06-01 19:07:10+00:00,GER,GER,-7.46568994869406,-7.335595847837013,0.0,-7.339742284927399,-7.185767964429968,-7.205429005465308,-10.85494217146625,-10.2880556802622,-3.49789218718202,1.3568931285105734,3.74838070918973,-1.551105651545452,5.295286776235318,5.985327469212824,0.2602606110574418,-10.132230976141281,68.3308067321777,38.6497087097168,1.0,317.29070053404,0.0315752595663071,0.0,0.0,7.71655989407823,39.8684955596924,4.04493215502605,-0.6309894654149419,44.6531526,-2.29819473116921,1366.1634683609,1837.8283977508559,560.666978359222,288.368970155716,428.186297416687,-63.5559242,-1.0,29.4640808105469,391.293090820312,419.917907714844,51.3899993896484,75.7142841815948,46.8852400779724,0.7114880659366015,2.42795936077617,4.54292402217603,-5.629105527107887,0.0,0.0,1.0,7.0,0.0,0.0,0.0,24060101.0,-20.291398510821757,347.567972898222,29.64692058563235,37.05783061981202
2024-06-01 19:07:11+00:00,GER,GER,-7.47344016434527,-7.2520908088180835,0.0,-7.215156560881242,-7.143236120336203,-6.941136030814773,-10.8522993151443,-10.28849750812415,-3.163684286281492,0.4657899931528163,4.95563777588723,-1.4240984760281339,5.140693982108542,5.9719763276874716,0.5323038347097266,-7.587877081058439,66.5875854492188,35.56487342834474,1.0,310.559904276829,0.0187552308663726,0.0,0.0,2.42586377336144,36.9528133392334,358.1739999244445,1.4743752637208491,44.6532455,-2.66366385294802,1790.740537643434,1837.855553627016,767.520725727081,414.883971214294,446.247965097427,-63.555918,-1.0,27.2213592529297,394.759399414062,413.334106445312,50.2900009155273,75.7065415382385,46.8619734048843,1.55097401032137,0.32999447993151,1.71997119316003,-6.585889354345943,0.0,0.0,1.0,7.0,0.0,0.0,0.0,24060101.0,-14.166023391451802,346.576967091167,30.881081771850553,34.75556635175433
2024-06-01 19:07:12+00:00,GER,GER,-7.479255387404619,-7.2229663699329665,0.0,-7.199591242781696,-7.147103629576362,-6.977772140994341,-10.8484808125114,-10.2965959780457,-3.039353114847966,1.598566907196238,4.033646761526485,-0.557029973278819,4.259541949455774,6.020040710386312,0.5014829475895026,-4.352347187492006,65.9813255310058,31.889111022949198,1.0,302.372010103601,0.00973878661170602,0.0,0.0,353.548787063809,33.5672733306885,351.78159855947297,0.792186707291102,44.6533297,-0.47817540729451,1817.07055568695,1837.8374099731482,522.148609161377,304.230839014053,285.153865814209,-63.5559282,-1.0,27.198709487915,395.641204833984,411.105010986328,49.2900009155273,75.6833136081696,46.8212574720383,0.8979849271405576,-1.03998263899442,-3.75693658834223,-5.283311405563536,0.0,0.0,1.0,7.0,0.0,0.0,0.0,24060101.0,-8.747111301144983,345.730815936029,32.475280380249,31.79327022007533
2024-06-01 19:07:13+00:00,GER,GER,-7.51220490297968,-7.209376513296119,0.0,-7.162618404276044,-7.046592017165652,-6.958490858476853,-10.8484808125114,-10.30867004495095,-1.1609744729128015,1.6112867257988719,2.6404129285179403,0.32686443018475475,3.365979377703732,6.092137284434566,0.5537135642551488,-3.188807685728186,60.9130989074707,27.695077171325682,1.0,309.566412280915,0.00541639924049377,0.0,0.0,347.67957818926,29.3395523071289,347.445179757324,-0.7591872763067236,44.6534028,0.499140993116982,1817.07966327667,1837.755751609804,335.388392210007,102.655619382858,41.5680259466171,-63.5559487,-1.0,27.0883407592773,394.609893798828,408.003601074219,48.2900009155273,75.3987610340118,46.6428846120834,0.9719837302170036,0.68898839561416,-0.655988976969478,-2.81455272086526,0.0,0.0,1.0,7.0,0.0,0.0,0.0,24060101.0,-6.182084216369194,345.070336643289,31.7046787261963,27.7914363861084
2024-06-01 19:07:14+00:00,GER,GER,-7.527712847490193,-7.191903352606661,0.0,-7.1392692318436275,-7.009871212640368,-6.935352226625604,-10.8495087559815,-10.31132058523575,0.08922389371197903,1.6149206212250722,4.210165103219235,1.2180859154119017,2.458657176425284,6.016226049734856,0.5923607702749794,-1.5216715849774116,57.4322044372558,24.192509078979477,1.0,339.502421073408,0.00517488601617515,0.0,0.0,345.636477363213,25.4592842102051,344.5127199994485,-0.8647855226914117,44.6534656,-0.114225749141979,1817.252182960508,1837.8103017807018,311.708748340607,-2.31969356536865,118.424251675606,-63.555971,-1.0,27.5277099609375,393.353698730469,407.910186767578,47.3899993896484,75.3658533096314,46.5808391571045,0.790486740908269,0.469992146977747,1.20297976745148,-4.134330708147688,0.0,0.0,1.0,7.0,0.0,0.0,0.0,24060101.0,-2.682129029245311,344.450647240272,32.159708404541,24.28101155417307
2024-06-01 19:07:15+00:00,GER,GER,-16.380248118474338,-17.68487196504524,0.0,-17.48325963640792,-16.9976669958564,-17.4162489919704,-10.84862766157855,-10.3155911610143,0.4778037996469366,1.617101073740232,4.220672495483655,2.140516676561316,1.560508025923868,11.822098494732588,-1.0360006227000453,4.331630604753462,53.9351566314697,21.26378814697266,1.0,344.095477403431,0.00425575207918882,0.0,0.0,340.896845173601,22.3513704299927,340.2587962220945,-1.8797684420239658,44.6535195,0.166536994056343,1817.1704769134521,1837.637829780578,250.920504331589,22.1712850034237,103.335030376911,-63.5559963,-1.0,28.3156204223633,391.218505859375,404.644592285156,46.3899993896484,75.3542363643646,46.5556353330612,0.8154863271679995,-0.182996936203067,-1.40497642229568,-2.999749607639136,0.0,0.0,1.0,7.0,0.0,0.0,0.0,24060101.0,6.452096663364654,344.008050982055,31.232019424438448,21.18662996292116
2024-06-01 19:07:16+00:00,GER,GER,-21.12366901401886,-21.34453206007714,0.0,-21.093357659010717,-20.615716383181482,-20.20213340252102,-10.8439276376559,-10.3244255838189,0.9878152335951065,1.94236112800727,3.8098478226864945,3.034451813788244,0.6904176233701564,15.344530527074102,0.9215352806605441,10.086438741247198,50.1068675994873,19.386066741943342,1.0,227.078791410562,0.00477008032612503,0.0,0.0,336.242098574994,19.9176120758057,338.12682097456695,-3.9557336837584125,44.6535661,2.25261922671524,1817.206764221192,1771.07994556427,210.526391863823,-24.6718395501375,99.2608219385147,-63.5560239,-1.0,29.3872699737549,389.430786132812,404.595794677734,45.3899993896484,75.3368198871612,54.4990956783295,0.18749685109099906,-1.23397932805153,-2.12996439714745,-1.6767718474852864,0.0,0.0,1.0,7.0,0.0,0.0,0.0,24060101.0,15.334562548999381,344.425020370506,30.1476121902466,18.99770896911622
2024-06-01 19:07:17+00:00,GER,GER,-21.111311152753558,-21.24529999823008,0.0,-21.14104535677682,-21.03690887759624,-21.23092757266908,-10.84392763765595,-10.3314935489494,1.303899184844328,3.2684768905092363,6.12454439761216,3.908576222115304,-0.23929761790540988,19.7485248303054,-0.11961621714427542,14.154056046252279,47.1901348114014,18.12442737579346,1.0,206.831201050058,0.0123055910691619,0.0,0.0,335.280435260613,18.4800012588501,336.182853514133,-4.679721526816619,44.6536088,1.32361616939784,1817.22493171692,1408.0010890960698,203.358501195908,-32.1627557277679,192.35372543335,-63.5560509,-1.0,31.2452697753906,386.680908203125,394.914489746094,44.2900009155273,75.3213346004486,61.7581486701965,-0.3019949198418365,-0.888985085692008,-0.617989593048083,-2.50435797216184,0.0,0.0,1.0,7.0,0.0,0.0,0.0,24060101.0,22.41441869732876,345.866982587322,29.441132926940952,16.79254579544067
2024-06-01 19:07:18+00:00,GER,GER,-21.086592698147257,-21.23703205423978,0.0,-21.21345560726272,-21.289411067437303,-21.04023893632604,-10.84289969418585,-10.3319349499245,4.51004741887036,4.621849077847008,8.38933224666402,4.952586218120796,-1.2183854298791759,25.399522479741,0.04635389897527574,16.55454805741334,46.5560451507568,17.24352401733398,1.0,202.889594502692,0.0191740695387125,0.0,0.0,334.902589195728,17.4979385375977,333.0484114021225,-2.7591537822148857,44.6536489,-0.92630694686425,1817.1795129776,832.5214266777032,111.78794503212,-78.1217887997627,144.856050610542,-63.556077,-1.0,32.5180282592773,385.0380859375,392.386291503906,43.2900009155273,75.3252029418945,61.7697834968567,-0.494491715365466,-0.00499991608467753,1.95496705320549,-4.401126136044074,0.0,0.0,1.0,7.0,0.0,0.0,0.0,24060101.0,26.14576299373774,347.691080227823,30.849786186218303,15.613898944854725
2024-06-01 19:07:19+00:00,GER,GER,-21.08041171845784,-21.24942850607386,0.0,-21.273495702142817,-21.328510826850522,-20.995125195348642,-10.83687845554565,-10.331051721087452,6.01651940635971,5.007799418314426,6.61469798235932,5.299413491154475,-1.59205220873286,26.053732000332637,0.08528642772667368,19.58077675032772,47.1092823028564,16.70210128784178,1.0,201.049104408183,0.0239424102008343,0.0,0.0,328.921337898034,16.7605670928955,328.5574937209475,-1.861368787517938,44.6536855,0.529207912730201,1817.1341419219964,214.30581957101828,105.818875133991,-20.8368077874184,55.083055049181,-63.5561062,-1.0,33.5244598388672,382.634399414062,392.082305908203,42.2900009155273,75.4065036773682,61.9384586811066,-0.12049799056406015,0.197996685290863,0.127997865107958,-3.63393892596678,0.0,0.0,1.0,7.0,0.0,0.0,0.0,24060101.0,29.364949653346894,349.276613020993,31.4079500198364,14.680819816589358
2024-06-01 19:07:20+00:00,GER,GER,-21.0680565892682,-21.253562819578498,0.0,-21.2734957021428,-21.322337360369197,-20.92544906958752,-10.813967439748499,-5.3268591976076545,6.270257433553732,4.999441230449718,3.63122759699838,5.2991420765123305,-1.585846917838878,26.01024521041554,0.14260701808867907,23.17265063294182,46.4579303741455,16.75100177764892,1.0,200.956200175093,0.0276928910985589,0.0,0.0,324.473873880359,16.671310043335,325.60305441432354,-1.952567266240606,44.6537197,1.48713495355276,1817.1159982681263,0.0,137.532085180283,3.06517211720347,-3.07551259174943,-63.5561396,-1.0,35.5116386413574,380.177185058594,388.896209716797,41.2900009155273,75.4316687583923,62.0043814182282,-0.4534923842945535,-0.74598749817668,-2.56895666336003,-2.18096339196752,0.0,0.0,1.0,7.0,0.0,0.0,0.0,24060101.0,34.37793557580754,350.450859143101,30.97650661468505,14.263909091949463
2024-06-01 19:07:21+00:00,GER,GER,-21.08453100554628,-21.247364081397258,0.0,-21.2527790553712,-21.26880609425866,-21.31744694492346,-10.78062843263605,4.24449491464819,6.929610940364017,4.999441230449719,4.068844433866855,5.299413491154474,-1.550773426875358,26.067846244743002,-0.23291616616077104,25.498886022729575,45.2836978912354,17.40585456848146,1.0,201.326205182811,0.0302927009761333,0.0,0.0,321.840180257158,17.0915679931641,323.377082103438,-2.5545572585518124,44.6537531,2.07330947208607,1817.097830772398,0.0,132.652074098587,-31.5919034183025,51.2688122689724,-63.5561766,-1.0,37.6038208007812,377.325897216797,385.683807373047,40.3899993896484,75.4761934280396,62.0896935462952,-0.51649135447568,-0.0359993924746249,-0.862985490368678,-2.584556644669612,0.0,0.0,1.0,7.0,0.0,0.0,0.0,24060101.0,38.4662108733347,351.879024377794,29.93778533935545,13.503908386230462
2024-06-01 19:07:22+00:00,GER,GER,-21.08041171845786,-21.243229767892622,0.0,-21.24863586262068,-21.242054633845942,-20.9418312783118,-10.76623594339435,6.404756963736755,7.251131850258615,4.999077864385875,3.07225420011294,5.298870661870188,-1.551582804292,26.35699513155688,0.13857990920557042,26.69995395619936,44.5878959655762,18.36740341186524,1.0,201.56239312431,0.0321757525205612,0.0,0.0,318.553329304008,18.0219537734985,320.96263755259497,-3.5217409452635393,44.6537868,2.9688036213354,1817.0614957809441,0.0,100.879117846489,-56.4749352633953,38.9258116483688,-63.5562178,-1.0,39.7560615539551,374.080810546875,381.853607177734,39.3899993896484,75.470381975174,56.8838834762573,-0.377993674344414,0.860985525602334,-0.541990931926997,-2.29656146218393,0.0,0.0,1.0,7.0,0.0,0.0,0.0,24060101.0,41.68055527033174,353.281890591802,28.7137950897217,13.708231588510362
2024-06-01 19:07:23+00:00,GER,GER,-21.05157944091452,-19.180790627248,0.0,-16.70737627216804,-13.575317554668379,-10.46779099836537,-10.719679666464248,6.405051515644709,7.306228766481627,4.999077864385875,1.340170360150975,5.299141905757606,-1.550773426875358,26.751428310841362,10.58378852792652,27.068630492123738,44.5632247924805,19.665843544006357,1.0,202.411494921169,0.0328553404659033,0.0,0.0,315.63192079221,19.0868310928345,318.892174988732,-3.780336517617916,44.6538214,3.78454165164648,1817.07055568695,0.0,194.352433085442,25.3180880099535,189.269348978996,-63.5562632,-1.0,42.636531829834,370.919494628906,377.832489013672,38.3899993896484,75.4742562770844,50.9859025478363,-0.5579906500577521,-0.158997332326509,0.0759987344922584,-1.4389758553400427,0.0,0.0,1.0,7.0,0.0,0.0,0.0,24060101.0,44.03255686574446,354.603258988632,28.26551084518435,14.11594694137574
2024-06-01 19:07:24+00:00,GER,GER,-21.070115208284058,-20.58039576743602,0.0,-19.996539244352324,-19.02661242560386,-18.98433270086782,-10.719385968329949,6.40608351453962,5.856303317489264,4.999077864385875,-0.94195595078938,5.284758808026027,-1.550773405531014,26.62707139813238,2.085781981811853,27.361028841435218,46.4673442840576,21.2637476348877,1.0,202.748796983141,0.0330379921942949,0.0,0.0,316.477197683134,20.66253490448,317.99166918818,-3.764737048572525,44.6538585,1.3198072717185,1817.1523094177242,0.0,110.613346099854,34.3919210135937,115.782991051674,-63.5563127,-1.0,45.8641014099121,366.855010986328,376.226806640625,37.3899993896484,75.4742562770844,50.9820282459259,-0.981983500687875,-1.25297888661009,-0.28099528979522,1.182580081478047,0.0,0.0,1.0,7.0,0.0,0.0,0.0,24060101.0,45.066387958895916,355.77668548804,29.175933265686048,14.993319270485337
2024-06-01 19:07:25+00:00,GER,GER,-21.06599592119564,-21.15682275225008,0.0,-20.922609418440118,-20.44294333303144,-19.31284448013268,-10.683991074277301,6.4051985781552805,7.1162888042490255,4.99871449832203,-4.82798004619581,4.758276215479852,-1.550233820586586,26.569470363804918,1.753151152914382,26.557579345969362,46.403084564209,21.62417678833008,1.0,202.557210176922,0.0325931210070848,0.0,0.0,316.033945726757,21.674952507019,320.57660892108447,-4.614722543844382,44.6538976,3.54722587516074,1817.0614957809441,0.0,190.686121582985,60.2586194872856,126.366570591927,-63.5563649,-1.0,50.0680389404297,363.448211669922,371.780487060547,36.2900009155273,75.4781246185303,50.9800851345062,0.47649201912815353,1.85996894024755,-0.432992718759097,3.8737349575835625,0.0,0.0,1.0,7.0,0.0,0.0,0.0,24060101.0,45.04577513099976,356.91126187145,27.5834581375122,14.718782166072291
2024-06-01 19:07:26+00:00,GER,GER,-21.082472386530437,-19.7469002698113,0.0,-18.16138386909524,-16.28493829275814,-14.628173456734,-10.676941465280201,6.405051729088125,5.82041741821265,4.998350961503457,-3.50251812489648,4.81282364298414,-1.549964006770028,24.95053965314076,6.454298844419114,25.283535622350435,45.9824970245361,21.783366279602042,1.0,200.544298787006,0.0322022527456284,0.0,0.0,321.258002253063,21.6684602737427,324.3460673806095,-3.2725452073109897,44.6539396,2.19860630420219,1817.043328285218,0.0,387.980908155441,94.4712162017822,298.871785402298,-63.5564128,-1.0,53.2371101379394,359.386993408203,362.444396972656,35.2900009155273,75.4723191261292,50.9839653968811,0.12349794104862999,-1.31897783062116,0.942984134383306,2.748153805245262,0.0,0.0,1.0,7.0,0.0,0.0,0.0,24060101.0,43.33213599277584,358.282681894518,27.8093876838684,15.934503021240257
2024-06-01 19:07:27+00:00,GER,GER,-21.1010084954095,-21.2845660727496,0.0,-21.327375307900958,-21.29145670909376,-21.28424539536804,-10.6939785183911,6.4051985781552805,5.640626860954593,4.999804596513561,1.4368349859055516,5.542844079872034,-1.503019668373364,22.879194287327884,-0.18323707338128972,24.376536702463135,47.2131271362305,21.3539872741699,1.0,196.206500286644,0.0324272532016039,0.0,0.0,324.561573509302,21.6439281463623,325.7440295187925,-2.731554140373288,44.6539834,1.16461865030834,1816.95249080658,0.0,195.093393325806,-47.9338429868221,85.1500481367111,-63.556457,-1.0,57.3658294677734,356.310302734375,358.781799316406,34.2900009155273,75.4742562770844,50.978147983551,0.1529974263547891,0.358993969043503,0.196996676227265,-1.647172346932038,0.0,0.0,1.0,7.0,0.0,0.0,0.0,24060101.0,41.32604181467032,359.725627658575,28.62818756103515,16.255524559021
2024-06-01 19:07:28+00:00,GER,GER,-21.1092477526053,-21.2845660727496,0.0,-21.269353875430102,-21.242052243279737,-20.56523513804482,-10.698677688540101,6.40652491551473,6.343840769029576,4.99871449832203,7.845070330198845,6.10460647778334,-1.506526991856508,23.4014172323982,0.5440132442185324,22.5253775109618,46.0092727661133,20.753380508422843,1.0,204.556898320605,0.0330458007752895,0.0,0.0,321.859058900024,20.7744186401367,322.152579449416,-4.028532572008072,44.6540249,1.5989974439017,1817.016077041626,0.0,248.220592737198,-45.3781671822071,150.186523795128,-63.5565018,-1.0,59.5378303527832,352.612213134766,354.565399169922,33.3899993896484,75.4819989204407,50.9703934192658,-0.17099712676091816,-1.14898071876019,-1.79696983666429,-6.146096888783408,0.0,0.0,1.0,7.0,0.0,0.0,0.0,24060101.0,38.506978906452694,0.703388355375251,27.31403045654295,16.886161151685222
2024-06-01 19:07:29+00:00,GER,GER,-21.09277026274208,-21.28870072776366,0.0,-21.23206514067534,-21.21118491087316,-20.74523828494078,-10.6994123607627,6.405493130063235,7.760055392486516,4.99871449832203,10.024753595305501,6.040017818425492,-1.4941164100685462,24.481339808106718,0.34753140684017036,24.76604668139386,45.2422348022461,21.07412876129152,1.0,222.393404583338,0.031872471794486,0.0,0.0,315.805872049992,20.7449254989624,315.10271773531747,-5.14131382177572,44.6540625,1.15844522651571,1816.9979095458962,0.0,168.688759207726,-52.7678467333317,372.05895781517,-63.5565518,-1.0,62.4628410339356,348.703887939453,350.494903564453,32.3899993896484,75.4800617694855,50.9762108325958,-0.7724870580111696,-0.801986564995176,-1.55097385023881,-7.70567052348448,0.0,0.0,1.0,7.0,0.0,0.0,0.0,24060101.0,42.485021097946074,1.21726094595404,27.44864473342895,16.372133445739742
2024-06-01 19:07:30+00:00,GER,GER,-21.12368404043502,-21.437903136597438,0.0,-21.37335272629892,-21.32062298288752,-21.25724463305058,-10.69618125439845,6.40578874918825,7.754256049616989,4.999441230449719,7.1316421303521995,6.020206513228413,-1.4895298953522,25.959510565260683,-0.13356137435205082,27.838877755015243,46.1464061737061,22.156453056335444,1.0,244.598308593914,0.031798942387104,0.0,0.0,308.467161635894,21.6875524520874,308.25782999821104,-5.597106261601104,44.6540968,1.11178831101706,1816.9070720672619,0.0,209.574595093727,84.5531672239304,257.460385560989,-63.55661,-1.0,65.3861312866211,344.383209228516,347.199401855469,31.3899993896484,75.4819989204407,50.972330570221,-0.911484742674235,0.194996738141347,0.0179996962373124,-5.47190829647322,0.0,0.0,1.0,7.0,0.0,0.0,0.0,24060101.0,48.29176037932688,1.65554479348365,28.40895109176635,14.53447731563025
2024-06-01 19:07:31+00:00,GER,GER,-22.95528054562506,-24.08683354579812,0.0,-24.07364376749192,-24.022820671387343,-24.453033455129457,-10.6857532630831,6.405787895414605,7.7546183911524595,4.99871449832203,4.3803778996476,6.012608098531503,-1.4892600815356443,27.2431349952284,-1.4977528027826625,30.0614780015075,47.0665798187256,23.46729709625246,1.0,267.500397333831,0.0350236315280199,0.0,0.0,302.77089315113,23.0100231170654,303.46242248383646,-5.539507020198293,44.6541284,1.47375322558653,1816.8616533279437,0.0,190.940648317337,35.3174842894077,263.124793767929,-63.5566764,-1.0,70.276496887207,338.486602783203,339.756286621094,30.2900009155273,75.4858672618866,50.9762108325958,-1.02398286750281,-0.191996764311404,-0.411993088712482,-3.649138828945726,0.0,0.0,1.0,7.0,0.0,0.0,0.0,24060101.0,52.96024795250612,1.58717470661353,28.727024173736602,14.074698772430441
2024-06-01 19:07:32+00:00,GER,GER,-24.84844335146524,-25.439779273199598,0.0,-25.37850428011754,-25.314717826477782,-25.411469846637182,-10.66945130908165,6.4049040262473245,7.715832991195813,4.999804596513561,3.311813160132495,6.009351122825782,-1.4892600815356438,28.50997457682024,-0.5630261569975448,31.60337203305146,47.2128387451172,24.61819805145264,1.0,289.04150257973,0.0436158433556557,0.0,0.0,299.286185278102,24.1947681427002,300.197974551164,-6.080098051494042,44.6541582,1.54868114783351,1816.87982082367,0.0,254.539906978607,95.3495800495148,337.50507235527,-63.5567495,0.0,75.0825576782226,334.404388427734,336.536285400391,29.2900009155273,75.4916787147522,50.972330570221,-0.439492630930143,0.869985420411736,-0.43399270114227,-2.874151884345736,0.0,0.0,1.0,7.0,0.0,0.0,0.0,24060101.0,56.76009870478092,0.78819273116207,28.79061613082885,12.14060720443724
2024-06-01 19:07:33+00:00,GER,GER,-25.03052629096348,-25.41418860343628,0.0,-25.3571363748087,-25.293500868349504,-25.120959020102838,-10.658583624338501,6.40578874918825,6.579091010932937,4.998350790748726,2.027328798676105,6.009079964315732,-1.488720475246872,29.142439848679704,-0.09043274648162174,33.340153901240136,47.7229614257812,25.98033863067628,1.0,301.920507278706,0.0540415126830339,0.0,0.0,295.462863946783,25.5251987457275,297.498000772258,-8.279460969901546,44.6541861,2.51089642687693,1816.9161558151277,0.0,335.722297430038,102.423325181007,411.405473947525,-63.556829,0.0,79.6043930053711,328.308410644531,330.234008789062,28.2900009155273,75.5149066448212,50.972330570221,-0.510491420156007,-0.446992498803934,-2.56095701773807,-1.7095712696533318,0.0,0.0,1.0,7.0,0.0,0.0,0.0,24060101.0,60.63995760997426,0.180324224483903,28.7514112472534,10.632973980903632
2024-06-01 19:07:34+00:00,GER,GER,-24.99023876165364,-22.46526808966166,0.0,-18.836929363861397,-15.413962473572429,-9.682961836548735,-10.650505644984449,6.40490488002097,6.079953934502557,4.999077864385875,1.082749334873925,6.009080220447824,-1.4873715128857978,32.444768010489156,15.307277330647347,34.30194152506416,47.9942310333252,26.94398414611818,1.0,312.380313615177,0.0685058914124966,0.0,0.0,293.304715414356,26.6493764877319,296.070026782862,-10.51762337553086,44.6542129,3.17863023428936,1816.95249080658,0.0,492.563724517822,221.757054328918,592.785596847534,-63.5569141,0.0,86.872428894043,322.175689697266,323.7744140625,27.2900009155273,75.5149066448212,55.3424954414368,-0.1444975760978254,0.144997565621885,-2.98394999270672,-1.49377492195439,0.0,0.0,1.0,7.0,0.0,0.0,0.0,24060101.0,63.99611585867044,359.867477027258,28.6511429786682,9.657336387634274
2024-06-01 19:07:35+00:00,GER,GER,-24.99871878301766,-20.92357964681172,0.0,-16.45257572367126,-11.600447244844114,-7.4126201045506495,-10.633175320626052,6.4044624118288,7.204009265268958,4.99871449832203,2.463371970631975,6.008537391163542,-1.4876413267023538,32.26090205010808,17.58609855040096,33.72443605338016,47.4626472473144,28.192115478515603,1.0,320.269974408486,0.0857475467026234,0.0,0.0,294.105978566268,27.6195671081543,294.302073297339,-9.596639131053779,44.6542405,0.878713441675661,1816.897988319398,0.0,632.661581039429,315.751135349274,759.053468704224,-63.5570024,0.0,92.6149597167969,315.284790039062,316.578186035156,26.3899993896484,75.5226492881775,59.3404054641724,-1.002983130734487,-1.1159811933938,1.6919715797095,-2.32696105469841,0.0,0.0,1.0,7.0,0.0,0.0,0.0,24060101.0,65.95624901083204,359.883104500079,28.551417160034198,9.253460333897518
2024-06-01 19:07:36+00:00,GER,GER,-25.007198804381723,-22.055580365884882,0.0,-18.64204852816058,-14.68314452672156,-10.43272890528002,-10.60600525499455,6.40564104634745,7.756068269558524,4.998714327567301,1.418973027369765,5.526289921135404,-1.522444939816294,30.614889297875358,14.57446938683746,34.146052019523424,48.6616710662842,29.691333160400397,1.0,321.147189263969,0.0923491470515728,0.0,0.0,291.018432533099,29.3676086425781,292.01561283116405,-8.870451369441266,44.6542672,1.60955947767948,1816.997909545896,0.0,428.926378488541,224.545061588287,634.148836135864,-63.5570969,0.0,99.1388320922852,308.609313964844,309.644592285156,25.3899993896484,75.5342602729797,59.3539774417877,-1.232479327796341,0.873985296583572,0.798986564484806,-2.362160391897392,0.0,0.0,1.0,7.0,0.0,0.0,0.0,24060101.0,68.16421694306538,359.872695291784,28.509470844268797,9.647303295135497
2024-06-01 19:07:37+00:00,GER,GER,-25.00931991962844,-22.05142214671816,0.0,-18.523910502690924,-14.5404106485412,-10.658373254512039,-10.5518119727987,6.405051729088125,7.750268926688996,4.997987424684882,0.16601092274790646,5.188960965293638,-1.557248574274576,29.86226119096682,14.350946323606939,34.94751461295975,48.7273864746094,30.897572937011724,1.0,319.828798829616,0.0935172758996486,0.0,0.0,288.239856937224,30.3822750091553,289.9191545673205,-9.036448359670485,44.6542916,1.96748060009519,1816.92523956299,0.0,567.521095275879,283.880978822708,659.459710121155,-63.5571973,0.0,105.837501525879,301.014007568359,302.116394042969,24.3899993896484,75.5516827106476,59.3656063079834,-0.3684938150238525,0.0989983426454317,-0.39899326437039,-0.9317843703783957,0.0,0.0,1.0,7.0,0.0,0.0,0.0,24060101.0,70.57938139584678,359.877858914796,28.4667649269104,7.979895257949829
2024-06-01 19:07:38+00:00,GER,GER,-24.949963185174823,-19.845404575002323,0.0,-13.42556446183274,-6.357886882302976,0.9703018815112397,-10.5258171265913,6.405493130063235,6.93613539319131,4.998350961503457,-0.8332094140841395,5.2337391732280505,-1.556169425730056,33.30534998930542,25.9202649813087,35.454195121064245,49.2536178588867,31.825295562744124,1.0,319.137201195017,0.0949416026473045,0.0,0.0,286.918242653584,31.73620262146,289.47863468661103,-9.771236524731151,44.654315,2.66021012510552,1816.92523956299,0.0,679.758787155151,305.23619055748,721.465706825256,-63.5573026,0.0,115.67569732666,293.028900146484,293.368194580078,23.2900009155273,75.555557012558,59.3733668327332,0.11499806911382005,0.505991512771946,-1.96696684180356,-0.232996073037459,0.0,0.0,1.0,7.0,0.0,0.0,0.0,24060101.0,73.75112043883908,359.973426921663,28.385515880584748,6.415361625807625
2024-06-01 19:07:39+00:00,GER,GER,-24.98599994625472,-19.133382625728423,0.0,-12.58378872587719,-5.525393373429474,0.42720246324280764,-10.52038328421975,6.405493130063235,6.893000528771201,5.000167962577406,0.2547946174379855,5.235096246438767,-1.5569787604580179,30.697667775521335,25.41320232412016,34.5728609784927,48.6658115386963,32.48912658691406,1.0,318.912815820404,0.096717607229948,0.0,0.0,288.89880626759,32.036393737793,288.85166430193897,-7.471474692034238,44.6543403,0.427591933435895,1817.0251607894902,0.0,806.024253368378,402.430266141892,826.386630535126,-63.5574091,0.0,121.342597961426,284.886505126953,284.955688476562,22.2900009155273,75.5594253540039,59.3733668327332,-0.24399590159721,-1.12098121203137,3.44194192419958,-1.3875766968119674,0.0,0.0,1.0,7.0,0.0,0.0,0.0,24060101.0,72.74956472159155,0.460164038370628,29.0533352851868,7.6465713500976555
2024-06-01 19:07:40+00:00,GER,GER,-25.009319236609542,-20.538142509683105,0.0,-15.41493884911424,-9.691308285025821,-3.076727909986272,-10.522439171159899,6.4051985781552805,6.102065562034734,4.997987424684882,0.8515939888131401,5.234010587870194,-1.556708989330146,27.9812667086425,21.93259154006666,34.62754210695,51.4659210205078,34.008444442749024,1.0,319.09570096562,0.0989393144845962,0.0,0.0,286.493131679642,33.6828735351562,287.22668033612297,-7.369876652658673,44.6543644,1.33734901177609,1816.9161558151259,0.0,486.353844404221,246.31455540657,573.98271560669,-63.5575208,0.0,131.358200073242,276.50048828125,276.423004150391,21.2900009155273,75.5826532840729,59.3869388103485,-0.563990577707318,0.306994831757697,-1.71097113826807,-2.295961430065346,0.0,0.0,1.0,7.0,0.0,0.0,0.0,24060101.0,74.31999733254459,0.551356828826377,29.3166801452637,9.752754707336429
2024-06-01 19:07:41+00:00,GER,GER,-24.983878831007978,-20.079663329570298,0.0,-14.1858319645732,-7.599310967139431,-0.48989252211047474,-10.52229232209275,6.405346494439495,4.838455720769268,4.999077864385875,-0.09719113395499515,5.235096417193494,-1.556169383041372,29.22216796384232,24.49398522033608,34.5072003209446,49.8103946685791,35.036462631225575,1.0,320.062282016204,0.105461206287146,0.0,0.0,283.296357261266,34.6888984680176,285.2177167955475,-8.666054543434054,44.6543855,2.20782855368559,1816.9161558151259,0.0,630.95760345459,262.602835893631,612.814247608185,-63.5576381,0.0,138.30729675293,267.762908935547,268.867309570312,20.3899993896484,75.59814453125,59.3908131122589,0.0429992806210759,0.00799986656924737,-1.48797496009897,-1.0905816622055662,0.0,0.0,1.0,7.0,0.0,0.0,0.0,24060101.0,77.58643694837912,0.683168060585105,27.66065769195555,4.270786448887416
2024-06-01 19:07:42+00:00,GER,GER,-24.98388088006472,-18.15439419500812,0.0,-10.51686488302353,-2.3140816231126116,5.103695274261419,-10.5103962669927,6.40578874918825,4.655764552925434,4.998714327567301,-1.923311420919159,5.235096417193494,-1.556169383041372,28.107911393213982,30.0875764958356,33.20985506546272,49.4800632476807,35.64884056091308,1.0,321.378678035319,0.11405420601368,0.0,0.0,283.1290176266,35.4593936920166,284.4102245111115,-7.078881565712159,44.6544058,1.3711778715181,1816.9252395629878,0.0,693.086862564087,313.466757535934,738.823473453522,-63.5577587,0.0,148.17399597168,258.670288085938,258.846893310547,19.3899993896484,75.5962073802948,59.3946933746338,-0.0169997071840335,0.618989575431255,3.7229376142012,1.327977789463589,0.0,0.0,1.0,7.0,0.0,0.0,0.0,24060101.0,76.02213511522515,0.963313125230791,27.441307926178,5.780077058390565
2024-06-01 19:07:43+00:00,GER,GER,-25.0262881585835,-21.3610747782469,0.0,-17.33883374961546,-12.71323686159348,-8.149264757716406,-10.45355927470125,6.40505087531448,6.916199522419239,4.999077693631144,-2.71291581344445,5.235638904968322,-1.556978781802358,26.008719004645496,16.877023144735,32.47803717891736,52.7481628417969,36.38471923828128,1.0,322.697205073455,0.122646206617355,0.0,0.0,283.659696004354,36.3091175079346,286.546680362735,-6.720287242776379,44.6544271,2.62261249504554,1816.970658302306,0.0,518.538534641266,277.664542198181,549.306988716126,-63.5578817,0.0,156.652603149414,249.134094238281,249.193099975586,18.3899993896484,75.6058871746063,59.4024479389191,-0.406993190136834,0.806986476911036,-0.173997081414305,2.008966272651519,0.0,0.0,1.0,7.0,0.0,0.0,0.0,24060101.0,72.83691054673552,0.864086378124667,27.85400075912475,12.104592684337064
2024-06-01 19:07:44+00:00,GER,GER,-24.94784172841862,-17.95702051101496,0.0,-8.941084831591947,0.4179652727206098,10.40518692517604,-10.39319747791125,6.40534628099608,7.758968538634842,4.999077864385875,-4.300001514155355,5.235910148855735,-1.5577882019076879,29.793216857703918,35.35302840813473,31.656032791552242,51.343677520752,35.53307075500491,1.0,323.910492556859,0.131429904699326,0.0,0.0,285.133049770596,36.2227821350098,288.90015864504596,-6.536090274352652,44.6544506,3.27475319402624,1816.9434070587163,0.0,749.38029050827,429.854661226273,711.938858032226,-63.5580041,0.0,166.318496704102,239.479995727539,239.488204956055,17.3899993896484,75.6116926670074,59.4063222408295,2.15396381426102,3.73093747326657,1.36497712696879,2.6087562183423776,0.0,0.0,1.0,7.0,0.0,0.0,0.0,24060101.0,73.60561145479896,0.713501571019366,25.83951587677005,10.468935585021987
2024-06-01 19:07:45+00:00,GER,GER,-24.94148418833914,-16.384624562185017,0.0,-6.983638419717735,3.1887189359576578,12.672365351109558,-10.42198245639465,6.40475717718017,6.717558838335053,4.998350790748726,-0.5069647780430856,5.726298948242438,-1.467406699187118,28.376461112509958,37.61384902718456,31.734898936841642,49.323034286499,34.40904510498048,1.0,324.878685532087,0.136399501562119,0.0,0.0,288.990822576089,34.6487022399902,289.5496413332225,-3.2377457349992342,44.6544772,1.47041945294133,1816.9161558151259,0.0,1544.47507858276,995.959877967834,1254.99308109283,-63.5581205,0.0,177.619705200195,228.152893066406,228.45849609375,16.2900009155273,75.6155610084534,59.4237744808197,3.412942648531,0.264995571664466,2.66695536379773,-2.1357640815264323,0.0,0.0,1.0,7.0,0.0,0.0,0.0,24060101.0,71.30026551556874,1.05563124271315,26.236208152771,11.266161244256164
2024-06-01 19:07:46+00:00,GER,GER,-24.988117987916343,-18.24936797541714,0.0,-10.89052626175892,-2.915886346542578,5.001852650080534,-10.42139548701285,6.404904666577555,6.409449175630509,4.999077693631145,-4.9882120152560745,6.285890626658154,-1.2262094969507882,24.1471782671152,29.989971043539356,33.5213485746368,53.5280857086182,35.8762589263916,1.0,325.517799993103,0.136412215232849,0.0,0.0,284.000904934531,35.005651473999,288.9781867261245,-0.46799215286293466,44.6545,4.40228103565536,1816.979742050172,0.0,1751.19709968567,1355.8863401413,1421.65553569794,-63.5582391,0.0,186.189300537109,218.872497558594,219.653198242188,15.289999961853,75.6271779537201,59.4373464584351,0.19549671599272206,-4.47192463264057,3.65693835002501,3.2769450017309,0.0,0.0,1.0,7.0,0.0,0.0,0.0,24060101.0,68.40005654491675,0.882724683709162,29.0910810470581,14.5624620437622
2024-06-01 19:07:47+00:00,GER,GER,-24.82136677404802,-18.236981085847862,0.0,-11.288348068645352,-3.454190758570256,4.927873056911126,-10.37806988956015,6.4049040262473245,6.675874108453099,4.998350961503457,-6.536421880036855,5.795501656516729,-1.529999171727008,23.59214889893296,29.74924000171386,31.40802930580802,57.7420120239258,38.373890075683576,1.0,326.584101805569,0.135791417956352,0.0,0.0,286.830788911451,37.6598865509033,294.4105640221155,0.23839600492052054,44.6545269,5.74540059678475,1816.9161558151259,0.0,1129.76121902466,1096.98164463043,1089.47122097015,-63.5583643,0.0,193.645492553711,209.705703735352,210.718002319336,14.289999961853,75.6252408027649,59.4334661960602,-2.122964413743535,-0.874985332327597,0.592990033468778,7.736269856343503,0.0,0.0,1.0,7.0,0.0,0.0,0.0,24060101.0,67.04951094598964,0.406933092476266,29.2817110061645,16.45139808654785
2024-06-01 19:07:48+00:00,GER,GER,-22.55849265862424,-15.485220812654779,0.0,-8.558129699830305,-1.0002468929199586,7.0635583778186914,-10.3692580917572,6.40593581169882,5.143665029020136,4.999441230449718,-5.327063036065695,5.613675873640734,-1.5718175171845978,18.598031715563923,29.62205095106558,29.254550915225725,58.6667518615723,39.54470237731934,1.0,328.148406370799,0.135428112745285,0.0,0.0,296.275301288178,39.4432903289795,301.8359358764035,0.4907917805477286,44.6545685,4.0071763633981,1816.834402084352,0.0,900.084733963013,933.671176433563,888.510286808014,-63.5584885,0.0,203.804595947266,201.676498413086,202.412002563477,13.289999961853,75.6484687328339,51.4570474624634,-0.945984081532824,2.14696409766137,0.521991230902701,6.096897798220018,0.0,0.0,1.0,7.0,0.0,0.0,0.0,24060101.0,65.61814235257589,0.0252458115777619,28.5931248664856,17.21790451322285
2024-06-01 19:07:49+00:00,GER,GER,-22.3089346218249,-16.802538224288703,0.0,-11.026210872451596,-4.8458655795564045,1.091566820943806,-10.392022685374,6.405787895414605,3.940951190715116,4.99871415681257,-0.05306155186686501,5.633214825044661,-1.571008182456638,20.95051552233204,23.40050198704942,27.287884004104104,58.7078956604004,40.00937324523925,1.0,330.176999875049,0.13547411262989,0.0,0.0,302.849358364315,39.8003322601318,305.295399370258,-0.08559856336967923,44.6546206,2.90796050965233,1816.90707206726,0.0,1126.88183784485,984.963059425354,966.927349567413,-63.5586074,0.0,213.219100952148,192.440307617188,193.279098510742,12.3900003433228,75.6484687328339,43.9653337001801,0.01099981705381725,1.11098128147794,0.957983976852594,-1.953567125893818,0.0,0.0,1.0,7.0,0.0,0.0,0.0,24060101.0,63.587581753844475,0.26350773768374,28.25902290344235,18.33630827390232
2024-06-01 19:07:50+00:00,GER,GER,-22.296465769985563,-15.17965556617076,0.0,-7.635717604307233,0.6244860180873925,8.737091925896777,-10.389378975278401,6.4051985781552805,4.4806863139305,4.998714327567301,-0.10822306006827599,5.654926203491477,-1.5718175171845978,20.48818274948956,31.033556671354,25.818710313634334,59.8308082580566,41.35577590942383,1.0,332.283211649028,0.134093807637692,0.0,0.0,301.434197809802,40.8661708831787,302.83343036317,-0.8607855611422119,44.6546741,1.9453038296338,1816.90707206726,0.0,1092.8510427475,934.430003166199,917.81610250473,-63.5587285,0.0,221.274002075195,183.234497070312,185.10139465332,11.3900003433228,75.6484687328339,36.7101609706879,-0.21049647175062203,-0.552990684781038,-0.0849985692707014,-1.920767719734026,0.0,0.0,1.0,7.0,0.0,0.0,0.0,24060101.0,62.24432396676174,1.38581357952726,28.04940891265865,20.90956506729128
2024-06-01 19:07:51+00:00,GER,GER,-22.26946739823436,-13.854802406825579,0.0,-4.758370728222493,5.064413639717216,15.006278556543364,-10.38262349130245,6.405051729088125,4.3951405424536185,4.998350961503457,-1.2513885464309644,5.912738865412233,-1.48035688726385,21.16985748526216,37.27574715006084,25.29677935915108,61.0261688232422,42.6061477661133,1.0,334.151787481403,0.132229310274124,0.0,0.0,299.642775794291,42.2645896911621,301.214470624202,0.036399388095936194,44.6547265,1.85309883715957,1816.8707370758061,0.0,1012.6645565033,833.81450176239,879.194855690002,-63.5588563,0.0,230.858200073242,173.982192993164,176.784194946289,10.3900003433228,75.6542801856995,31.1766862869263,0.160997297092853,0.960983817280405,0.948984028682339,-0.7345877310250291,0.0,0.0,1.0,7.0,0.0,0.0,0.0,24060101.0,62.34132904542994,1.84136243773137,27.88321323394775,20.893476772308333
2024-06-01 19:07:52+00:00,GER,GER,-22.30269558552752,-15.17566400361982,0.0,-7.600656535750264,0.6417418000023843,9.054173212830843,-10.3870289633171,6.40475717718017,4.0333843115076276,4.99871449832203,0.3729986582868049,6.068241440736452,-1.501940498484502,20.6159728567848,31.35686777383004,24.6155718083177,62.3938911437988,44.066898880004885,1.0,335.834582168354,0.129958203434944,0.0,0.0,298.063772661967,43.5759590148926,300.45545902249546,0.8193862691345416,44.6547784,2.90838825024911,1816.870737075808,0.0,1176.37550830841,1002.95329093933,945.870935916901,-63.5589897,0.0,240.028503417969,164.237106323242,168.499298095703,9.28999996185303,75.6678283214569,25.6761729717255,-0.5754903617735849,-1.64997231961627,0.785986793503568,-4.24592876478807,0.0,0.0,1.0,7.0,0.0,0.0,0.0,24060101.0,62.35813540890166,2.06122878843502,27.740616703033453,21.006552641732352
2024-06-01 19:07:53+00:00,GER,GER,-21.1462383496028,-13.386434649587198,0.0,-5.762412378195774,2.714592432786618,11.717009204162782,-10.3886443030558,6.40637827989099,5.337229601890534,4.999077693631144,5.6942804728286145,6.190635357077958,-1.309576374049416,21.60625124869368,32.8632482367845,24.031823885241756,62.1892295837402,45.92155586242676,1.0,337.179501057443,0.127446609735489,0.0,0.0,295.336805975461,45.1036869049072,292.43460395560953,0.2305961356616708,44.6548265,0.177332054678696,1816.9979095458998,0.0,983.205497264862,916.542947292328,794.973373413086,-63.5591317,0.0,239.568801879883,153.940093994141,160.061599731445,8.28999996185303,75.6775081157684,22.2948208451271,-1.1509806835265302,0.160997297092853,-0.13499772844995,-12.149595820150981,0.0,0.0,1.0,7.0,0.0,0.0,0.0,24060101.0,66.89745454261114,2.15391594957598,27.551986598968497,19.367752838134734
2024-06-01 19:07:54+00:00,GER,GER,-20.295730558302818,-12.707579757413418,0.0,-4.869806289059628,3.7781161084961083,12.055880032520994,-10.39319747791125,6.4046101146696,5.149102030354192,4.999441230449718,5.347549334707505,6.245997711527586,-1.289341661156816,19.91751327263636,32.35161106039934,25.59966136581964,61.564395904541,48.80759902954102,1.0,337.695808717183,0.125461104512215,0.0,0.0,283.348239378201,47.6440521240234,280.2333179468385,-0.1951967292818958,44.6548565,-0.0866671964911274,1816.9161558151277,0.0,870.935201644898,899.50567483902,845.570623874664,-63.5592913,0.0,239.789093017578,142.81559753418,150.684097290039,7.28999996185303,75.6910562515259,22.2754329442978,-1.7439706636344599,-2.39595971107125,-2.01796615678875,-11.66580430048356,0.0,0.0,1.0,7.0,0.0,0.0,0.0,24060101.0,76.29423482534227,2.20813527186801,27.41471586227415,12.459441551795377
2024-06-01 19:07:55+00:00,GER,GER,-20.275244088906298,-13.557893742095661,0.0,-6.406310191442697,1.4621979755817276,9.190887303786198,-10.381595547832351,6.405494197280295,5.145114907426196,4.998350961503457,3.7173849905710954,6.062813916289866,-1.405623518686512,21.05961413394466,29.4661307096736,27.023134260552837,61.0041069030762,52.144744262695326,1.0,338.022783533129,0.122538301348686,0.0,0.0,271.527422226957,51.0189388275146,269.0609726157735,-0.576590333056925,44.654863,0.153795663025868,1816.825318336488,0.0,667.695939540863,687.533438205719,711.036324501038,-63.5594673,0.0,242.127197265625,131.121002197266,139.890701293945,6.28999996185303,75.6929934024811,22.2657382488251,-1.8249693967539602,1.17298029595632,-1.1809801550217,-9.070447846075707,0.0,0.0,1.0,7.0,0.0,0.0,0.0,24060101.0,89.21662215385057,2.25446188368726,26.848854732513452,4.182652702331544
2024-06-01 19:07:56+00:00,GER,GER,-20.310071564993656,-16.297849399346198,0.0,-12.278426848275739,-7.9862623785514115,-4.200214926325046,-10.3836514347725,6.4051985781552805,3.8231451551277944,4.997987253930153,0.294194070077315,5.71083002118756,-1.5664216463959462,22.45424416434126,16.109856297159162,28.4498757423133,56.8425441741943,54.09078071594238,1.0,338.116493728542,0.119010807573795,0.0,0.0,262.366144134732,53.7230895996094,262.95160062962896,-0.09059848128863625,44.6548489,0.986404393989017,1815.953397750854,0.0,878.05837392807,844.775021076202,855.162441730499,-63.5596527,0.0,249.893798828125,117.127700805664,127.827003479004,5.28999996185303,75.7007360458374,22.2560450434685,-0.8799852175630294,0.356994004277159,0.442992569271246,-2.2089628773519996,0.0,0.0,1.0,7.0,0.0,0.0,0.0,24060101.0,99.26016534343076,2.26591354960444,26.1410502433777,-13.071471047401431
2024-06-01 19:07:57+00:00,GER,GER,-20.33056486457938,-16.36553486647376,0.0,-12.356094636875259,-8.133534917435238,-3.678355635467206,-10.385119925444101,6.40593581169882,2.711051961541662,4.997623887866308,-0.114526731032709,5.739325314272756,-1.566151875268072,20.991713515858258,16.652209346506048,28.072060413279456,56.296231842041,55.02046508789063,1.0,337.738101248523,0.117689497768879,0.0,0.0,260.150949862357,54.4606086730957,260.7296034888405,1.0305826765265524,44.6548258,1.24042638629778,1815.8988952636705,0.0,1155.85768222809,1129.70900535584,1053.02953720093,-63.5598406,0.0,257.239501953125,102.620300292969,113.790901184082,4.28999996185303,75.7026731967926,22.2347170114517,-0.909984769099475,-0.37299374908834,1.64497251442212,-2.26496201887569,0.0,0.0,1.0,7.0,0.0,0.0,0.0,24060101.0,99.6668334405754,2.22961408237358,25.75366716384885,-15.407203438702766
2024-06-01 19:07:58+00:00,GER,GER,-20.328514100281062,-16.671585739407696,0.0,-12.687946378644218,-8.609168032271123,-3.4470880875410392,-10.342088026125701,6.4049040262473245,3.006836974775742,4.998350790748726,-0.6834831297410005,5.756150973028895,-1.562104817430114,22.04989320887244,16.881425713919278,25.9281244799866,59.5806083679199,56.82214393615722,1.0,337.297198877221,0.116482704877853,0.0,0.0,257.298635544203,56.3215999603272,258.82667180494,1.0163829373576783,44.6547958,2.06087511270206,1815.998816490174,0.0,1105.2725315094,1160.22348403931,1039.92915153503,-63.560032,0.0,266.232086181641,86.8136215209961,100.029899597168,3.39000010490418,75.6949305534363,22.2308397293091,-2.05196566453831,1.69897156311341,3.7439370308044,-0.19679668241867426,0.0,0.0,1.0,7.0,0.0,0.0,0.0,24060101.0,96.64238879307224,1.801073499695,24.899974536895748,-5.563561725616455
2024-06-01 19:07:59+00:00,GER,GER,-20.361305838486338,-16.76898013885858,0.0,-13.271869325317642,-9.38419275635496,-5.557657991785508,-10.35324940900315,6.4044624118288,2.936878292626382,4.998350961503457,-1.37642078875803,5.755607972989878,-1.562104817430114,20.26197473889624,14.80364801745554,24.902487906291878,60.9605255126953,57.436215133667,1.0,336.846788882593,0.115562707185745,0.0,0.0,258.015340954191,57.3365615844726,259.89464018356296,1.531974291680246,44.6547662,1.41519097019943,1815.953397750854,0.0,1009.20259952545,1049.99673366547,990.398228168488,-63.5602278,0.0,276.596099853516,72.0443496704102,85.5090866088867,2.39000010490417,75.696861743927,22.2230836749077,-2.02396615780949,-0.451992410719795,0.899984998628608,2.057165466209102,0.0,0.0,1.0,7.0,0.0,0.0,0.0,24060101.0,94.15143656126045,0.84848756008168,24.501403427124,-1.8839392325457438
2024-06-01 19:08:00+00:00,GER,GER,-20.37155590337376,-17.04022573382,0.0,-13.68551360692588,-9.959945430743215,-5.5260082612095065,-10.35207461646595,6.404020797410276,3.326908134330318,4.997987424684882,-0.1518262206673771,5.756693802313182,-1.558867307763526,20.27494492662064,14.84554764216422,23.7272312576956,60.9978446960449,57.490664062500024,1.0,336.453807118508,0.115006604790688,0.0,0.0,260.383312897921,57.4994853973389,261.1031192137915,0.9475840853624087,44.6547409,0.960800896276696,1815.9352302551258,0.0,914.586007595062,1036.2845659256,914.507389068604,-63.5604259,0.0,289.795806884766,52.8713912963867,61.1045684814453,1.28999996185303,75.7007360458374,22.2095116972923,-1.947467292053405,-0.0339994277082805,-1.57797348130617,0.0643989201711624,0.0,0.0,1.0,7.0,0.0,0.0,0.0,24060101.0,94.26685036577962,359.916435823228,23.8438425064087,-2.6557604915217357
2024-06-01 19:08:01+00:00,GER,GER,-20.359256098716422,-16.150354879314357,0.0,-11.826654572418459,-7.486439124241542,-2.4341400683252212,-10.359417923597299,6.403726885832549,2.647255476061482,4.997260351047734,0.49855733210806147,5.757508558503804,-1.556439196857928,21.04168557039226,17.92511601438292,23.412130042601902,60.3566070556641,57.130317306518556,1.0,336.132378416167,0.114366307854652,0.0,0.0,260.203979451073,57.4733379364014,260.750148697864,0.5875901392718192,44.6547167,0.971984050382122,1815.9806489944458,0.0,965.596377849579,975.711584091186,956.990838050842,-63.5606239,0.0,300.484313964844,40.5318603515625,49.9420509338379,0.28999999165535,66.782808303833,22.2056344151497,-1.147480691824575,1.40997644093324,1.3359777445785,-1.7913699993515464,0.0,0.0,1.0,7.0,0.0,0.0,0.0,24060101.0,94.88015764003609,359.269097814451,23.2553667068481,-5.826768273573654
2024-06-01 19:08:02+00:00,GER,GER,-20.379754520943997,-17.28616786847278,0.0,-14.19874699852006,-10.741844313339843,-6.926319899089816,-10.36235490494045,6.40416764647743,3.106881615690634,4.99689681422916,1.24560745830921,5.756151143783626,-1.556169383041372,21.09509116102208,13.45343504874098,23.34175313943192,60.9498138427734,57.095947265625,1.0,335.656997249934,0.113591001927853,11.078125,11.078125,258.767126215756,57.0393161773682,258.50617200832596,0.269195487001618,44.6546896,0.592831445013987,1815.917062759398,0.0,1026.42786502838,1029.88064289093,948.930442333221,-63.5608198,1.0,306.842498779297,34.1338996887207,44.4049606323242,-0.709999978542328,64.5199358463287,22.1998184919357,-1.811469581220285,0.508991459921462,2.92495103209956,-2.5817566513080483,0.0,0.800000071525574,2.0,7.0,0.0,0.0,0.0,24060101.0,91.60659140482154,358.627770372144,23.80320596694945,0.3523397278327209
2024-06-01 19:08:03+00:00,GER,GER,-20.3674550577961,-17.39925975018362,0.0,-14.456317530234742,-11.172681205617382,-7.751117492316001,-10.3633828484105,6.40387288112606,3.089482647931036,4.997260351047734,1.297616200548536,5.756422558425768,-1.556169383041372,22.46263607626498,12.61633833387636,24.05203578103366,61.5521255493164,57.16865890502928,1.0,335.048400074129,0.112560403347015,26.939453125,26.939453125,256.299324227117,57.1830207824707,255.9107001237215,-0.1155980588772286,44.6546566,0.400083666718786,1815.971565246582,0.0,1017.21620559692,1030.14862537384,1000.38874149323,-63.5610143,1.0,314.490905761719,34.1338996887207,44.4049606323242,-1.71000003814697,64.5238101482391,22.1940010786057,-1.60897304190621,-1.5229744502317,-2.96895004351573,-2.700554643806268,0.0,1.80000030994415,2.0,7.0,0.0,0.0,0.0,24060101.0,92.02720948032709,357.270803029359,24.59353923797605,0.030971834957599642
2024-06-01 19:08:04+00:00,GER,GER,-20.32646743409628,-17.03902088845044,0.0,-13.40446259239198,-9.393396521638905,-4.955712801246398,-10.3481096916527,6.40431534931823,3.2544114392627463,4.997260351047734,-1.67534593877434,5.756422558425768,-1.557248552930234,23.99573726378092,15.370754696882901,25.730977558273917,62.5989990234375,57.838925170898435,1.0,334.442398370209,0.111444510519505,42.833984375,42.833984375,253.144924302351,57.6743843078613,254.679217016368,-0.35799400266858716,44.654617,0.997013812204162,1815.9806489944458,0.0,934.741735458374,993.492901325226,957.319259643555,-63.5612077,1.0,324.193115234375,34.1338996887207,44.4049606323242,-2.71000003814697,64.5199358463287,22.1881851553917,-1.551973992704545,0.701988273317104,-0.739987603877647,2.4331592264799786,0.600000023841858,2.79999947547913,2.0,7.0,1.0,0.0,0.0,24060101.0,93.30404094565577,355.823567906503,25.644033908844,-2.3753424002574026
2024-06-01 19:08:05+00:00,GER,GER,-20.310071564993656,-14.972842902254138,0.0,-9.300684814505658,-3.0711924018497347,3.0598868272756055,-10.349137208236,6.40416764647743,3.0833204939505316,4.996533277410586,-2.54480298002075,5.756965387710056,-1.557248574274574,23.260657278887976,23.36995874711894,26.03128390060648,62.4311004638672,58.20541122436524,1.0,333.859810554763,0.110636602342129,58.90625,58.90625,255.244770340023,57.8519439697266,258.0551746174305,0.5823902308793227,44.6545795,1.87342163814812,1815.9352302551263,0.0,1166.18812084198,1117.49696731567,1125.22113323212,-63.5614037,1.0,333.640686035156,34.1338996887207,44.4049606323242,-3.60999989509582,64.5121932029724,22.1843063831329,-1.716471254818925,-1.20697969698417,1.98096680861138,3.9331339111439876,1.60000026226044,3.79999852180481,2.0,7.0,1.0,0.0,0.0,24060101.0,91.02695286505976,354.805514550335,25.891063213348403,-4.842403144102832
2024-06-01 19:08:06+00:00,GER,GER,-20.29982867180486,-14.003356630707179,0.0,-7.536384455660444,-0.407494245877435,6.876761412510037,-10.342234875192851,6.40387394834312,3.346844346611846,4.997623887866308,-2.5705450025071803,5.756422558425768,-1.558057951691222,19.60356875007858,27.17659051120172,26.355431359746383,66.7247291564941,59.49763961791994,1.0,333.383910294154,0.110117802768946,75.095703125,75.095703125,258.915477924528,58.8142570495606,261.476621278365,2.8897516095232176,44.6545497,1.9972188168546,1815.9261465072639,0.0,1076.91729068756,1150.60174465179,1041.46182537079,-63.5616052,1.0,343.138397216797,34.1338996887207,44.4049606323242,-4.6100001335144,64.5160675048828,22.1804291009903,-2.3939598530266046,-0.638989223094699,2.72995425393758,1.8767686015961558,2.59999966621399,4.79999780654907,2.0,7.0,1.0,0.0,0.0,24060101.0,86.54155397673405,354.007338643927,27.509761333465548,5.999196389743257
2024-06-01 19:08:07+00:00,GER,GER,-20.33466366110028,-14.258133615051298,0.0,-8.184728892811764,-1.718698366063856,4.837104674666885,-10.29068487620585,6.404315562761646,3.2380997949303323,4.998350961503457,-1.1988524914096086,5.650854215463042,-1.47172342143125,20.86010874791154,25.171768455829103,24.553386009509858,69.2893569946289,61.96010696411132,1.0,332.875498333094,0.110385004431009,91.6796875,91.6796875,259.461264680726,61.0255439758301,262.71110966895253,3.0803483798218863,44.654522,3.09307507130237,1815.9624814987183,0.0,982.388317584991,1066.07174873352,940.18143415451,-63.5618144,1.0,353.687103271484,34.1338996887207,44.4049606323242,-5.71000003814697,64.518004655838,22.1823677420616,-2.625955979365965,0.282995254561565,0.735987620984106,-0.41059311871212695,3.59999871253967,5.79999685287476,2.0,7.0,1.0,0.0,0.0,24060101.0,86.40293392149081,353.174957150156,26.430411243438748,5.730218296051024
2024-06-01 19:08:08+00:00,GER,GER,-20.32646675107738,-14.273386793505761,0.0,-7.842952117782493,-0.8465560146009123,6.4057104534758125,-10.279670342395551,6.4051985781552805,2.990887586601432,4.997987253930153,0.0877327526923955,5.479340054554382,-1.32846201785923,22.75025978183718,26.73217810568458,22.28017679334346,70.697021484375,64.77793533325196,1.0,332.324575274641,0.111378407478333,108.95703125,108.95703125,259.449735321407,63.5127868652344,260.41163086221945,1.5415741225586999,44.6544931,2.13155369678994,1815.9624814987178,0.0,923.222839832306,1047.19090461731,891.416549682617,-63.5620324,1.0,363.04541015625,34.1338996887207,44.4049606323242,-6.71000003814697,64.5102620124817,22.178490459919,-1.9704669402272201,2.86295191089948,0.0499991625143019,-3.8939346444123215,4.59999799728394,6.79999589920044,2.0,7.0,1.0,0.0,0.0,24060101.0,87.41024612217079,352.532509556824,25.074039173126202,5.103525567054749
2024-06-01 19:08:09+00:00,GER,GER,-20.35310824544448,-14.90279760476838,0.0,-9.42610049191332,-3.671151205291524,1.70579071725905,-10.282607323738649,6.404609260895954,2.231126713142646,4.997987253930153,-1.2398302388492901,5.179733635857042,-1.01738786095583,21.91561817846972,22.05889949631204,21.52117680295822,72.1473403930664,67.78687774658206,1.0,331.793787613861,0.112160304933786,127.029296875,127.029296875,255.765340037805,66.5842758178711,257.36068098262353,2.0065663149319057,44.6544538,2.02555684483416,1815.9170627594,0.0,1160.05480289459,1146.38650417328,1071.18737697601,-63.5622579,1.0,370.322296142578,34.1338996887207,44.4049606323242,-7.71000003814697,64.5296156406403,22.1843063831329,-1.9379675661349751,0.124997904618228,3.08894792949639,-0.548190780013982,5.59999704360962,7.79999494552612,2.0,7.0,1.0,0.0,0.0,24060101.0,87.38851519230748,351.756217576517,24.35272321701045,0.12374064098386206
2024-06-01 19:08:10+00:00,GER,GER,-20.3674550577961,-15.466094233922002,0.0,-10.253631612222732,-4.682566215228568,1.8334353428590198,-10.2782014248372,6.404756963736755,2.740775834903816,4.997260351047734,-0.630947956007476,4.906993766259951,-0.7416568487499458,21.60472572594258,22.200890932929582,20.18506988242706,74.7136917114258,69.36713607788086,1.0,330.832315544777,0.112238001823425,145.92578125,145.92578125,255.519562510711,69.248316192627,257.342184830351,1.3985765350433739,44.6544103,2.14199790980454,1815.871644020078,0.0,1047.9918718338,1116.21868610382,1027.79400348663,-63.5624909,1.0,273.410095214844,34.1338996887207,44.4049606323242,-8.60999965667725,64.5238101482391,22.1804291009903,-2.449958866484245,0.138997671322852,0.0319994662769895,-0.8925850756322798,6.5999960899353,8.79999732971191,2.0,7.0,1.0,0.0,0.0,24060101.0,90.16644465228653,350.694915462524,23.908414649963348,0.41502597928047164
2024-06-01 19:08:11+00:00,GER,GER,-20.3818066512801,-14.997983462551119,0.0,-9.635197939484708,-3.938454265653628,1.7977545400225565,-10.2928880391,6.403726032058906,2.87815599736929,4.99689681422916,0.695039543012395,4.836434240907038,-0.6483075541298117,20.631612282436862,22.17956110592528,19.04695272895216,73.2585388183594,69.5137335205078,1.0,329.711099011384,0.112595003843308,165.205078125,165.205078125,255.906806915894,69.6939765930176,255.245234792887,2.557757074111916,44.6543676,0.279003595961074,1815.7989740371704,0.0,933.749914169312,1024.78528022766,923.9741563797,-63.5627269,1.0,290.690704345703,34.1338996887207,44.4049606323242,-9.60999965667725,64.5315527915955,22.1804291009903,-1.87496851591257,0.687988413230988,1.13898089492846,-3.2307457729396623,7.59999513626099,9.80000114440918,2.0,7.0,1.0,0.0,0.0,24060101.0,89.56300017119158,350.258411733047,23.9740219116211,-5.551399278640748
2024-06-01 19:08:12+00:00,GER,GER,-20.586962994323024,-18.415428657160383,0.0,-16.47674161597368,-14.28808126248614,-13.33341462313606,-10.30067146654605,6.40475717718017,2.168417166891512,4.998714327567301,0.173890062888779,4.880669619557167,-0.6787945944100103,18.900531573148378,7.25354824312092,18.856390451108798,74.3516784667969,68.93616989135742,1.0,329.127992101562,0.113678415119648,184.505859375,184.505859375,252.755221029067,69.2290214538574,253.14876286866502,4.269328329875934,44.6543183,0.428421828100478,1815.726351737976,0.0,1021.32487297058,1114.80855941772,933.406054973602,-63.5629592,1.0,307.649688720703,34.1338996887207,44.4049606323242,-10.6099996566772,64.5257472991943,22.1804291009903,-1.8624687894837701,0.302994902225008,2.45195915141571,-0.5203913177865636,8.59999656677246,10.8000049591064,2.0,7.0,1.0,0.0,0.0,24060101.0,86.79848793481808,349.268170907178,23.47252950668335,5.503475418090821
2024-06-01 19:08:13+00:00,GER,GER,-20.308049828999337,-18.91282727969226,0.0,-17.43816416618656,-16.15994566019216,-14.422702583479799,-10.298615579605851,6.403726032058906,2.0672851598607562,4.996533277410586,-0.022592164690819497,4.938474449653996,-0.7373402012110092,20.54997956902418,5.885346904010083,18.616765899928858,72.6596534729004,68.38506271362301,1.0,328.35429559314,0.114882096648216,203.634765625,203.634765625,251.50895739235,68.5353446960449,252.524770446471,2.482958349161952,44.654265,1.1173952559954,1815.4539108276338,0.0,940.403342247009,1078.25422286987,833.220362663269,-63.5631875,1.0,327.430786132812,34.1338996887207,44.4049606323242,-11.6099996566772,64.5218729972839,22.1843063831329,-1.8879684469763651,-0.779986952565387,-4.58992255385489,-0.4589923314247041,9.60000038146973,11.8000087738037,2.0,7.0,1.0,0.0,0.0,24060101.0,93.428614033852,347.916613074216,21.55591049194335,-1.4754673824590792
2024-06-01 19:08:14+00:00,GER,GER,-20.2363229389399,-17.254812177540536,0.0,-14.068843801450319,-10.742456981308408,-7.232258415411948,-10.293622284435749,6.40387394834312,2.35473285999578,4.99689681422916,0.2243252402671044,4.976196389156872,-0.7640499441089499,21.744340939747882,13.004065121169521,18.3469986994133,68.5579216003418,68.12202667236329,1.0,327.58040783942,0.115196907520294,222.625,222.625,251.119363402092,68.2314834594726,251.9062694963695,0.42719283675735753,44.6542095,1.27934234958928,1815.3085708618178,0.0,946.51448726654,1038.88082504272,875.019133090973,-63.5634135,1.0,345.977508544922,34.1338996887207,44.4049606323242,-12.6099996566772,64.5238101482391,22.178490459919,-1.5679737108353,0.828986035979971,-1.15598059544239,-1.8457690783487082,10.600004196167,12.800012588501,2.0,7.0,1.0,0.0,0.0,24060101.0,100.1964012295697,347.777714347255,20.156471157074,-22.03447004045758
2024-06-01 19:08:15+00:00,GER,GER,-20.16465717907356,-14.807414354518599,0.0,-8.991287661142554,-2.9059106418163667,4.359613996504711,-10.2934750084818,6.40446305215903,1.8802445702421402,4.996533277410586,0.252692760123046,4.951500559552222,-0.7667477727815696,22.37680791915462,24.52427164515376,18.713759025766016,67.1913940429688,68.61136047363284,1.0,327.012600553339,0.115555304288864,241.55078125,241.55078125,249.035554648592,68.2939064025879,249.5063186069455,-0.7287877905139485,44.6541491,1.29130265115621,1815.3630733490002,0.0,1153.5712480545,1138.79239559174,1102.23257541656,-63.5636371,1.0,366.402099609375,34.1338996887207,44.4049606323242,-13.710000038147,64.5218729972839,22.1823677420616,-1.701471358988785,0.182996936203067,0.788986740653084,-2.335160824863061,11.6000080108643,13.8000164031982,2.0,7.0,1.0,0.0,0.0,24060101.0,102.511060814752,348.40696601511,20.5766098022461,-25.511466884613036
2024-06-01 19:08:16+00:00,GER,GER,-20.18922571102756,-15.552111928781821,0.0,-10.720718025972818,-5.553506005166424,-0.4288160314012095,-10.253968340548798,6.40402058396686,2.9339776820406063,4.99689681422916,-1.157874745637455,4.862215729080264,-0.6782549027438733,21.45595464355488,19.7604103839896,19.51121263966898,69.6200042724609,70.09384872436526,1.0,326.366382695586,0.116702310740948,260.640625,260.640625,247.147171267623,69.4755683898926,248.549340802335,0.06459891998285038,44.6540827,1.08609153853388,1815.344905853274,0.0,987.104058265686,1034.32011604309,1065.82772731781,-63.5638613,1.0,382.451904296875,34.1338996887207,44.4049606323242,-14.710000038147,64.5160675048828,22.1746131777763,-2.862452026429595,-0.0199996643387101,3.82993594264403,1.2765785775746612,12.6000118255615,14.8000202178955,2.0,7.0,1.0,0.0,0.0,24060101.0,99.30160136904948,348.793445439106,22.19919605255125,-12.135111904144281
2024-06-01 19:08:17+00:00,GER,GER,-20.17693956674854,-15.1941355672112,0.0,-9.91526643130649,-4.2705618193513555,1.764922183536104,-10.243688052074301,6.403726032058906,2.2800616034512,4.997260351047734,-1.1016622620878205,4.728424019938668,-0.5603543757582524,21.315195031554104,21.94186249733658,18.90625663771068,70.163875579834,70.50002288818357,1.0,325.725082574035,0.118311502039433,280.138671875,280.138671875,248.241640780226,70.5566368103027,249.6073234443915,0.01859967933061457,44.6540168,1.25360555646644,1815.3630733490002,0.0,852.011382579804,929.176926612854,882.8125,-63.56409,1.0,400.364410400391,34.1338996887207,44.4049606323242,-15.710000038147,64.518004655838,22.178490459919,-1.62347278646221,1.09898159960158,-1.76397041801961,1.259378901928443,13.6000156402588,15.8000240325928,2.0,7.0,1.0,0.0,0.0,24060101.0,102.0838502406594,348.714925584407,21.4593097686768,-16.04491443634033
2024-06-01 19:08:18+00:00,GER,GER,-20.1851282805445,-16.107757038517722,0.0,-11.720152969483019,-6.884273339936579,-1.9312054013802282,-10.24618533998955,6.403137568573225,2.24091322162885,4.997260351047734,-1.3086499976267252,4.741992788366447,-0.53715187096609,21.21830299251666,18.253923028574622,18.97449910676504,70.1170600891113,70.61002761840821,1.0,325.280601183607,0.119722799956799,299.724609375,299.724609375,249.388238296574,70.6784271240234,251.433784330345,0.33139443392361,44.6539542,1.65326308341404,1815.353989601136,0.0,1054.9418926239,1071.93171977997,1019.66917514801,-63.564321,1.0,414.545989990234,34.1338996887207,44.4049606323242,-16.6100006103516,64.5160675048828,22.178490459919,-1.693471606645115,0.132997763683606,0.482991864598133,2.3661603214300784,14.6000194549561,16.80002784729,2.0,7.0,1.0,0.0,0.0,24060101.0,102.30645156986161,349.214922752409,21.02430095672605,-15.389382705688496
2024-06-01 19:08:19+00:00,GER,GER,-20.191271694193443,-16.226231792313477,0.0,-12.01095339603818,-7.463876789601516,-2.537544964876602,-10.2536750693013,6.404168500251075,2.120569664043162,4.996533277410586,-1.9206859602352249,4.6855454583671605,-0.5066648840467444,21.590229673957598,17.65372664393944,19.55977118655426,69.5705657958984,70.50635925292968,1.0,325.179678308431,0.120317807793617,319.345703125,319.345703125,251.702005859051,70.7106582641602,254.053243839315,0.8855851242448803,44.6538978,1.66921253562137,1815.3630733490002,0.0,1139.38772678375,1131.53493404388,1085.9135389328,-63.5645554,1.0,434.318298339844,34.1338996887207,44.4049606323242,-17.6100006103516,64.5160675048828,22.1804291009903,-1.6334726636547852,-1.77697018900084,-3.31394439259695,3.4587419270576505,15.6000232696533,17.8000316619873,2.0,7.0,1.0,0.0,0.0,24060101.0,102.37002833669405,349.989220317478,21.371842288970953,-18.8566343307495
2024-06-01 19:08:20+00:00,GER,GER,-20.22198671338148,-17.37943102800418,0.0,-14.3422854729846,-11.119545407459814,-7.574876285548827,-10.243100655805652,6.403284631083795,2.1289069131092,4.99689681422916,-2.46967751589637,4.746063751866506,-0.5393102320881552,20.320338363844577,12.6471108974082,18.625095998640617,71.1879524230957,70.12127334594727,1.0,325.106404039015,0.120988802611828,338.912109375,338.912109375,254.907249711998,70.24658203125,258.719164627404,1.0083830782923016,44.6538512,2.47095433438434,1815.399408340454,0.0,1201.75397396088,1220.58188915253,1151.40604972839,-63.5647928,1.0,451.298187255859,34.1338996887207,44.4049606323242,-18.6100006103516,64.5160675048828,22.1804291009903,-2.56945697471674,0.702988202339424,3.43594224334396,5.955299908564698,16.6000270843506,18.8000354766846,2.0,7.0,1.0,0.0,0.0,24060101.0,95.83793047866598,350.999541899507,20.6946527481079,-7.495245552062989
2024-06-01 19:08:21+00:00,GER,GER,-20.199462115536683,-15.743638629335981,0.0,-11.012658411100457,-5.888903639643003,-0.04532370526134803,-10.2432475048728,6.40402058396686,2.552647623037238,4.99689681422916,-1.1415900271914066,4.81499504549865,-0.6151228345873816,20.72774104783452,20.1541390292612,16.058862446325282,70.9888801574707,69.18945144653323,1.0,325.057800412881,0.122489807009697,358.369140625,358.369140625,261.667634348693,69.7172332763672,263.441584740307,0.2857952105705322,44.6538223,1.38402620439884,1815.372157096864,0.0,940.565884113312,1027.86326408386,986.945569515228,-63.5650336,1.0,469.523498535156,34.1338996887207,44.4049606323242,-19.6100006103516,64.5160675048828,22.1823677420616,-1.91296789983397,2.43395904163179,0.2699954568999,2.242762324591904,17.6000308990478,19.8000392913818,2.0,7.0,1.0,0.0,0.0,24060101.0,94.7152577489423,351.814793278839,18.23761882781985,-1.8271847963333123
2024-06-01 19:08:22+00:00,GER,GER,-20.213795950528816,-16.36365793048982,0.0,-12.3987896371128,-8.084875539882324,-4.040260092190352,-10.258227817269951,6.40328441764038,2.276074437834526,4.996533277410586,-1.0748701780577838,4.917849071285214,-0.7111699045192823,19.220579552748458,16.17353568758376,17.124152366265456,69.6108581542969,68.11127517700194,1.0,324.999907729476,0.124165610969067,377.548828125,377.548828125,264.030579273194,68.3749649047852,265.436040959086,1.5257744435932619,44.6538034,1.0295730038125,1815.3994083404575,0.0,1137.8356218338,1113.64090442657,1068.43936443329,-63.5652724,1.0,492.118286132812,34.1338996887207,44.4049606323242,-20.7099990844727,64.5121932029724,22.1804291009903,-1.65197239110432,0.069998826853012,4.50292429996232,1.8513689209975361,18.6000347137451,20.8000431060791,2.0,7.0,1.0,0.0,0.0,24060101.0,94.3769188642544,352.814459765762,18.61741533279415,-3.672269353866578
2024-06-01 19:08:23+00:00,GER,GER,-20.22813012703044,-16.8932223043895,0.0,-13.353900068004203,-9.33345247629405,-4.85719562541767,-10.256318779396949,6.40416764647743,2.39351834532979,4.995806203773438,-0.646183626766117,4.99872115775647,-0.7850938743356358,18.460704273621083,15.37093433085806,17.36115856442708,69.3859268188476,67.5682141113281,1.0,324.820710886412,0.126467201113701,396.44921875,396.44921875,264.951917150716,67.8383102416992,266.78352799930246,1.274378637676026,44.653788,1.78051527062349,1815.372157096864,0.0,1092.44740009308,1160.93909740448,1072.89481163025,-63.5655093,1.0,472.17138671875,34.1338996887207,44.4049606323242,-21.7099990844727,64.5121932029724,22.1765518188477,-1.925467786345325,0.0129997818201616,-0.826986177935333,0.5481907973562595,19.6000385284424,21.8000469207764,2.0,7.0,1.0,0.0,0.0,24060101.0,96.6446646121037,353.909393731229,18.7347527503967,-5.37351608276367
2024-06-01 19:08:24+00:00,GER,GER,-20.21584364124198,-16.863030819201338,0.0,-13.290410044574362,-9.27513888248142,-5.0896597477812175,-10.260430980164099,6.40357811577469,1.9074309002615881,4.995806203773438,-0.4885782389676895,5.055982987814282,-0.8474165970919927,19.42084787091188,15.126184064215519,17.21259785186582,67.2239135742187,66.88770996093749,1.0,324.736918125674,0.128780499100685,415.203125,415.203125,265.513741191084,67.1982261657715,267.0670218309935,1.0841818603306312,44.653775,1.55183594817812,1815.353989601136,0.0,1165.34793376923,1146.76058292389,1098.35028648376,-63.5657443,1.0,456.528900146484,34.1338996887207,44.4049606323242,-22.6100006103516,64.5141303539276,22.178490459919,-1.67797182634509,-1.39597658084713,-2.94695064452935,0.2153964001024004,20.6000423431396,22.8000507354736,2.0,7.0,1.0,0.0,0.0,24060101.0,100.23159992643839,355.385424931625,18.0890330314636,-14.989186355045858
2024-06-01 19:08:25+00:00,GER,GER,-20.2260820948078,-18.02281606479914,0.0,-15.783046601035522,-13.309316008196948,-11.272485125052722,-10.24471599554435,6.40357918299175,2.488851052179702,4.996169740592012,-1.25559042011142,5.093433854184473,-0.878712950755814,20.75482479695036,8.95359756739668,18.19478383564606,66.3187774658203,66.92448806762697,1.0,325.138314682817,0.130105805397034,433.779296875,433.779296875,265.93314212688,66.949976348877,268.333994601274,0.4589923060782991,44.6537639,1.50754419912299,1815.44482707977,0.0,1070.27316093445,1134.81640815735,1052.01196670532,-63.5659783,1.0,440.314300537109,34.1338996887207,44.4049606323242,-23.6100006103516,64.5083248615265,22.1765518188477,-2.5959565078708,-1.56497371032493,-0.83498603700071,2.9607501773015437,21.6000461578369,23.8000545501709,2.0,7.0,1.0,0.0,0.0,24060101.0,102.1725033640108,357.156629587193,19.11754302978515,-17.668990993499765
2024-06-01 19:08:26+00:00,GER,GER,-20.189223661970843,-16.492387530305443,0.0,-12.507457776052979,-8.647657941168807,-3.770229758637,-10.25866879135825,6.40416764647743,2.229314365135064,4.996169740592012,1.004471151478198,5.088006329737889,-0.9005664504982167,22.08117342621436,16.41899373257908,17.80433299815712,64.0813774108887,66.30093292236327,1.0,325.520395464988,0.131254810094833,452.369140625,452.369140625,269.229992476975,66.6376762390137,269.3334835032785,-0.8799852549156284,44.6537594,0.954518082735636,1815.3903245925917,0.0,900.015294551849,929.021120071411,942.105770111084,-63.5662118,1.0,420.486907958984,34.1338996887207,44.4049606323242,-24.6100006103516,72.1215665340424,22.178490459919,-1.5094747414197252,1.61697279424988,-3.73493740279926,-3.086948135484774,22.6000499725342,24.8000583648682,2.0,7.0,1.0,0.0,0.0,24060101.0,108.4248257453326,359.268660682344,19.5113513946533,-27.074252815246602
2024-06-01 19:08:27+00:00,GER,GER,-20.43750923452778,-16.84314096682878,0.0,-12.80404747094866,-8.299598843518316,-4.068783346362464,-10.2636620865283,6.40387288112606,3.084770671177374,4.996533277410586,2.317324863734798,5.197373453162245,-0.9720620852933892,22.18874549054748,16.368726613872898,18.39689869545156,63.3883666992188,66.40659942626954,1.0,325.520395464988,0.131254810094833,470.775390625,470.775390625,266.437073483843,66.3457077026367,265.6710404476695,-0.04999916251430202,44.6537505,0.384985079991223,1815.344905853274,0.0,1012.85028457642,988.315165042877,1003.68666648865,-63.5664438,1.0,403.523895263672,34.1338996887207,44.4049606323242,-25.6100006103516,87.5687181949616,22.178490459919,-2.241462432871145,-1.59797312896961,1.28497842959331,-6.589489248236674,23.6000537872314,25.8000621795654,2.0,7.0,1.0,0.0,0.0,24060101.0,105.9911514799004,1.85514149060823,21.070760250091553,-22.645504989624037
2024-06-01 19:08:28+00:00,GER,GER,-22.67394300465552,-19.903809522595118,0.0,-15.79736728791352,-11.39365609602334,-7.061163457363589,-10.2804045877313,6.404315562761646,3.2616612154912104,4.99689681422916,5.155270971835185,5.15286674524734,-0.9599213600106683,23.52234129203032,15.612779718046642,17.694803060098444,62.4742286682129,66.4537870788574,1.0,326.293299671466,0.137479104101658,489.224609375,489.224609375,260.550297362749,66.4571708679199,255.78971015276352,0.5475908252686337,44.653725,-1.43878970066865,1815.3358221054082,0.0,851.056098937988,891.038537025452,877.016127109528,-63.5666732,1.0,380.485992431641,34.1338996887207,44.4049606323242,-26.7099990844727,87.5803351402283,37.4701887369156,-1.8684686304219502,1.02498279652513,0.552990684781038,-12.78698548764722,24.6000576019287,26.8000659942627,2.0,7.0,1.0,0.0,0.0,24060101.0,112.1587658551352,3.28472334922376,22.04601917266845,-22.113156550271192
2024-06-01 19:08:29+00:00,GER,GER,-23.903095651464,-23.409066361249664,0.0,-22.13328367146806,-20.244174241390837,-20.302157595557098,-10.27746675261455,6.403726032058906,3.0434477278780223,4.996533277410586,4.0058017878276395,5.345820272319118,-0.9337511486963059,23.68713360764464,3.600938290694657,17.51551674155586,59.2591346740723,66.67381988525392,1.0,326.603608825839,0.140086801350117,507.6953125,507.6953125,248.181316549476,66.749764251709,244.651406484522,1.975166953477664,44.6536679,-1.37319768652172,1815.33582210541,0.0,955.187916755676,1017.48096942902,936.421930789948,-63.5668917,1.0,361.338195800781,34.1338996887207,44.4049606323242,-27.7099990844727,87.5803351402283,37.6427471637726,-1.5209744854653549,0.32099463848296,2.14696409766137,-8.823651596267258,25.600061416626,27.80006980896,2.0,7.0,1.0,0.0,0.0,24060101.0,119.42665813584361,4.41553587151341,22.0286427497864,-33.40291580200194
2024-06-01 19:08:30+00:00,GER,GER,-25.106933568151675,-26.141786201470875,0.0,-26.041199713111403,-25.84476560701595,-25.693431240010103,-10.2808451349328,6.403726032058906,2.2323953033870976,4.9964423932059425,4.26164914819209,5.411901882963485,-0.9610680473866925,24.130489297519826,-0.5864974817603785,16.20059057915035,55.7274318695068,65.89542446136475,1.0,326.767096233812,0.142796503007412,526.205078125,526.205078125,239.400835163858,66.3380241394043,235.9915462396465,1.0564822816156942,44.6535818,-1.39618970409357,1815.3812408447259,0.0,1167.89972782135,1177.30033397675,1036.4578962326,-63.5671033,1.0,346.644897460938,34.1338996887207,44.4049606323242,-28.6100006103516,87.5803351402283,37.64468729496,-1.076981933810935,-0.35299407474447,-2.54995721152317,-7.666121294935214,26.6000652313232,28.8000736236572,2.0,7.0,1.0,0.0,0.0,24060101.0,129.97706898071152,5.3799914526046,21.71143226623535,-42.16189956665038
2024-06-01 19:08:31+00:00,GER,GER,-26.5630581822121,-27.3406427758195,0.0,-27.3263420672448,-27.3631158057361,-27.6442566372576,-10.2840758144102,6.40299071950607,2.1263695832099,4.99689681422916,3.65119159961209,5.49535206702564,-1.01064270764098,24.5477152449515,-1.08119866848892,16.1362792254728,52.8109016418457,65.4089653015137,1.0,327.062898066387,0.146340814232826,544.5,544.5,231.691354760855,65.3888671875,230.53115150768,0.545990861459686,44.6535293,-1.10626130059634,1815.33128023148,0.0,1281.79526329041,1285.32445430756,1245.26238441467,-63.5672062,1.0,333.459594726562,34.1338996887207,44.4049606323242,-29.6100006103516,87.5861406326294,37.6485645771027,-1.75297050508301,-1.3109781849992,-0.238995976341136,-6.09289714297973,27.6000690460205,29.8000774383545,2.0,7.0,1.0,0.0,0.0,24060101.0,132.577113676966,6.20240599282937,21.6769781112671,-46.2168937683106
2024-06-01 19:08:32+00:00,GER,GER,-27.4582005767192,-28.3098397888551,0.0,-28.2100456024394,-28.1325349081908,-28.1748974489705,-10.2840758144102,6.40299071950607,2.22967662129317,4.99326272670389,3.65119159961209,5.53198877484677,-1.08213877999515,19.7641649389764,-0.71669713905558,19.6717336964859,52.8109016418457,63.5777435302734,1.0,327.062898066387,0.146340814232826,562.61328125,562.61328125,231.691354760855,65.3888671875,230.53115150768,1.99996647389165,44.6533388,-1.10626130059634,1815.35398960114,0.0,1281.79526329041,1285.32445430756,1245.26238441467,-63.5675155,1.0,318.745697021484,34.1338996887207,44.4049606323242,-30.6100006103516,87.5861406326294,37.6485645771027,-1.75297050508301,-1.3109781849992,-0.238995976341136,6.53189004952255,28.6000728607178,30.8000812530518,2.0,7.0,1.0,0.0,0.0,24060101.0,134.842277613309,6.20240599282937,21.6769781112671,-46.2168937683106
2024-06-01 19:08:33+00:00,GER,GER,-27.937880664015683,-28.35141480882354,0.0,-28.30648958106724,-28.269657102948997,-28.518500360451743,-10.26234001803715,6.404315562761646,3.246074296918418,4.995079386268384,-1.39638463128918,5.6508543862177705,-1.1976111960751719,19.30679020045236,-0.5806199952568448,18.773683690449122,50.4322414398193,62.682541809082025,1.0,327.036588177704,0.151196900010109,580.427734375,580.427734375,233.862617256488,63.2787986755371,236.16803832779948,1.342777496718026,44.6532839,1.39042288999997,1815.44482707977,0.0,760.76728105545,890.472292900086,779.190480709076,-63.5676235,2.0,306.719909667969,34.1338996887207,44.4049606323242,-31.6100006103516,87.5783979892731,32.702562212944,-2.993949816538445,-0.302994902225008,-0.828986035979971,4.15913010049563,29.600076675415,31.800085067749,2.0,7.0,1.0,0.0,0.0,24060101.0,138.0127148222452,5.02755198388465,21.630827808380097,-46.616059341430685
2024-06-01 19:08:34+00:00,GER,GER,-27.94003353964204,-28.362367700176577,0.0,-28.289045277927016,-28.124490652895776,-27.98585488821744,-10.26439633186415,6.404609260895954,2.23330148806306,4.996533277410586,-2.198070881404285,5.9195233776921725,-1.3751366278166999,20.12769936698404,-0.04582137792387577,18.74027586918076,47.0773944854736,60.55582214355468,1.0,326.370398846818,0.151981003582478,597.791015625,597.791015625,237.783582972183,61.5377334594726,240.5224751689795,0.12539790557562483,44.653201,1.56913895177987,1815.535664558412,0.0,619.667887687683,681.853771209717,618.573248386383,-63.5678058,2.0,288.153015136719,34.1338996887207,44.4049606323242,-32.7099990844727,87.5706553459168,26.9693851470947,-0.967483782812301,2.76095370781591,-1.45297557668794,4.817519099217744,30.6000804901123,32.8000717163086,2.0,7.0,1.0,0.0,0.0,24060101.0,143.87337776410442,6.45688731535982,21.53700370788575,-50.22479415893554
2024-06-01 19:08:35+00:00,GER,GER,-27.92698173115706,-25.56272097071254,0.0,-22.57105201047004,-19.44703208411404,-15.97714025743448,-10.267480589161199,6.403873734899705,2.541773321548346,4.994715849449809,0.5432114347048476,6.167839003081488,-1.402655737459116,21.317102020370378,11.949841132213141,18.214712961606317,43.9250289916992,58.76021255493164,1.0,325.626099472583,0.152457900345325,614.5546875,614.5546875,242.316916128104,59.2749618530273,243.335912050378,-1.2349792890903601,44.6531299,1.53891760585839,1815.3903245925878,0.0,1033.22899341583,942.650735378265,972.970008850098,-63.5679891,2.0,275.697692871094,34.1338996887207,44.4049606323242,-33.7099990844727,87.5648498535156,26.959690451622,-1.321477839939945,-0.716987955703834,-0.718987920470179,-1.098181538989844,31.6000843048096,33.8000564575195,2.0,7.0,1.0,0.0,0.0,24060101.0,143.301841194736,8.97239433336992,21.46021785736085,-49.565091934204105
2024-06-01 19:08:36+00:00,GER,GER,-27.9465604684129,-26.97282957580622,0.0,-25.379633993406323,-23.56778322359734,-22.4843851061296,-10.26454318093125,6.404756963736755,3.194239564420366,4.995442923086958,-1.5687002188474097,6.178152332596114,-1.401576524881572,19.97892828459636,5.462174679264397,20.23038511398496,44.5798141479492,58.230921478271476,1.0,324.964609311846,0.152973300218582,0.0,630.857421875,241.711816009154,58.5601364135742,243.47941432483952,-0.3035949049951248,44.6530621,0.939690489099478,1815.3994083404564,0.0,952.358186244964,908.238708972931,943.877279758454,-63.5681707,2.0,264.200012207031,34.1338996887207,44.4049606323242,-34.7099990844727,87.5648498535156,26.9558131694794,-1.73247097294968,0.136997693216294,2.03796580445219,3.9605334711315905,0.100000001490116,34.8000411987305,2.0,7.0,2.0,0.0,0.0,24060101.0,138.4068713788684,11.4185471836609,21.3933403015137,-42.080499669125196
2024-06-01 19:08:37+00:00,GER,GER,-28.67359517348252,-27.777099718500857,0.0,-25.882061684224063,-23.97907262673446,-21.53542287001958,-10.2679211363627,6.4044624118288,2.1013583696203297,4.994352824895424,-0.593648514731083,6.1797803081847835,-1.398339100592348,22.063244179643064,7.138172559595022,20.764503175004283,44.3705589294434,56.746193389892554,1.0,325.263689635222,0.153377804160118,16.146484375,647.00390625,245.129123575451,57.3680923461914,247.222863424005,-0.4291928097154267,44.6530003,1.71108789181419,1815.344905853274,0.0,1105.06641864777,1100.25262832642,1063.32898139954,-63.5683526,2.0,247.212203979492,34.1338996887207,44.4049606323242,-35.7099990844727,87.5745236873627,26.9635677337646,-0.9524840737451461,-0.0399993286774202,-1.87696842731806,1.6679719811690288,1.10000014305115,35.8000259399414,2.0,7.0,2.0,0.0,0.0,24060101.0,138.70949520438643,13.0608661695904,21.255873870849598,-40.92240335564866
2024-06-01 19:08:38+00:00,GER,GER,-28.82904344880284,-27.03956598814856,0.0,-24.790403135974163,-22.1227730348638,-20.462274817439322,-10.2661589475568,6.403726032058906,3.183727817910354,4.995442923086958,-0.45127684168253046,6.17896614963572,-1.3986088503758822,22.031583520764404,8.366768887495619,20.13261471262026,43.7884860992432,56.54590576171876,1.0,325.670113211595,0.153799594938755,31.87890625,662.736328125,246.885957513005,56.3296508789062,248.1193257525695,-0.346594190160211,44.6529442,1.31548536279946,1815.326738357544,0.0,1206.62128925323,1170.51494121552,1184.80968475342,-63.5685343,2.0,234.958602905273,34.1338996887207,44.4049606323242,-36.6100006103516,87.5706553459168,26.9635677337646,-2.447458910526315,-0.656989012713504,4.18292993734722,0.7741869853738809,2.10000014305115,36.8000106811523,2.0,7.0,2.0,0.0,0.0,24060101.0,136.21744604419382,14.9968687756786,20.342350387573198,-40.24138595581054
2024-06-01 19:08:39+00:00,GER,GER,-28.804919220654334,-27.132354791042122,0.0,-24.58782484783344,-22.000745216661798,-18.62827357339724,-10.265717973468501,6.403726032058906,3.587532059424774,4.995442923086958,1.1972742016118343,6.1784240887477155,-1.3988786001594158,23.41171681615712,10.176645177681584,18.78260869863756,45.4923797607422,57.04157180786135,1.0,325.329805866388,0.157558509707451,47.6015625,678.458984375,247.422263966635,57.0025463104248,247.9568492125935,-1.4541755982364297,44.6528889,1.35459513270866,1815.426659584046,0.0,814.459919929504,862.61773109436,855.451464653015,-63.5687179,2.0,221.672302246094,34.1338996887207,44.4049606323242,-37.6100006103516,87.5745236873627,26.9655078649521,-1.93646759256022,0.974983677366521,-2.92795097924908,-3.812936028686695,3.09999918937683,37.7999954223633,2.0,7.0,2.0,0.0,0.0,24060101.0,137.5808337647982,16.351761448503,20.1133352279663,-38.19976570129394
2024-06-01 19:08:40+00:00,GER,GER,-28.77421888637296,-25.467511207267677,0.0,-21.524444706966598,-17.299336814702002,-12.9940416478078,-10.27159278992835,6.40387288112606,3.0684587280241855,4.995806203773438,1.7809397562082347,5.704859667456685,-1.557518388091132,24.1422192082683,15.78017604328206,18.83055594359216,43.4829219818115,57.16146903991698,1.0,323.8844831965,0.167355814576149,63.443359375,694.30078125,243.755982344712,56.9906227111816,243.1264301485335,-2.110164617894588,44.6528275,0.629683250433115,1815.372157096862,0.0,1079.95522022247,989.300191402435,1073.08995723724,-63.5688982,2.0,206.094100952148,34.1338996887207,44.4049606323242,-38.6100006103516,87.5764608383179,26.9635677337646,-1.228479318222375,-1.49597492588605,-1.29897818295772,-4.061331951487437,4.09999847412109,38.7999801635742,2.0,7.0,2.0,0.0,0.0,24060101.0,138.7239670091998,17.5927094904986,20.336105346679652,-45.290846557617186
2024-06-01 19:08:41+00:00,GER,GER,-28.78737587977116,-26.037146593480543,0.0,-22.76202136758792,-19.01859446653718,-15.5592745774097,-10.27100539365975,6.40357918299175,3.1043442857913357,4.995442923086958,1.6974088905365048,5.699974886917022,-1.5701988050399922,23.668442111962,13.228100533965184,20.66342525453402,44.6268390655518,57.483790740966796,1.0,322.823099120236,0.179104010760784,79.3359375,710.193359375,240.226277185433,57.3957607269287,239.4574984132125,-1.4403758200043115,44.6527568,0.339607570981906,1815.363073348998,0.0,1043.94888877869,1048.01368713379,1074.30303096771,-63.569073,2.0,188.761001586914,34.1338996887207,44.4049606323242,-39.7099990844727,87.572592496872,26.9616305828094,-1.898968146469555,-0.589990139680115,0.488991812258019,-3.1325473748461077,5.09999752044678,39.7999649047852,2.0,7.0,2.0,0.0,0.0,24060101.0,135.1436665406248,18.0032585011297,21.853466606140152,-39.23297189411363
2024-06-01 19:08:42+00:00,GER,GER,-28.815883040310062,-29.221944616656504,0.0,-29.142092533560383,-28.58059736680038,-29.64018237123628,-10.270271148324,6.40475717718017,3.3265457074174862,4.996169740592012,1.283957903281771,5.71245816753096,-1.5707383899844198,22.46416228203504,-0.8242999285677879,21.16968809657076,44.8261962890625,57.17112396240232,1.0,323.709411787694,0.198349007964134,95.30859375,726.166015625,237.230446932438,57.4882587432861,236.703538819107,-0.5213912414727978,44.6526797,0.284355022495353,1815.326738357544,0.0,910.384237766266,903.187692165375,938.493072986603,-63.5692428,2.0,176.940902709961,34.1338996887207,44.4049606323242,-40.7099990844727,87.572592496872,26.9655078649521,-1.4189762023405146,1.45697550622063,0.809986424060553,-2.423959303177428,6.09999656677246,40.7999496459961,2.0,7.0,2.0,0.0,0.0,24060101.0,135.624500929891,17.3494915767963,22.4504817008972,-37.90283477783204
2024-06-01 19:08:43+00:00,GER,GER,-28.80491648857868,-28.639209269125,0.0,-27.895701172305724,-27.168260412489964,-25.83362847131004,-10.27790772670285,6.4034314801509495,1.926279682394228,4.996169740592012,1.0449234537657048,5.715443387085078,-1.5707383899844238,21.350289568038,2.97128778248087,20.1868846636895,42.4159297943115,55.94901031494142,1.0,325.16989747754,0.221958710253239,111.158203125,742.015625,234.654126898266,56.2988582611084,234.24408332163398,-0.060798976254625624,44.6525982,0.439504690482896,1815.3176546096838,0.0,1217.91529655457,1127.0854473114,1079.21516895294,-63.5694046,2.0,166.486404418945,34.1338996887207,44.4049606323242,-41.7099990844727,87.5745236873627,26.9616305828094,-0.13899766381898215,0.41899293871426,-0.257995668301834,-2.552557208408104,7.09999561309814,41.799934387207,2.0,7.0,2.0,0.0,0.0,24060101.0,140.9283231374,16.6072600423329,21.5641553878784,-45.156375274658195
2024-06-01 19:08:44+00:00,GER,GER,-28.820268021757204,-29.259287992924623,0.0,-29.306901924647683,-29.2434870332987,-29.83710970236716,-10.27394237500285,6.4031367147995795,2.7628869074831224,4.995079642400478,1.74889304223107,5.717072216447398,-1.558597557979994,20.23031305548922,-1.0168416405893401,18.5592563901363,41.6646125793457,55.798794250488285,1.0,325.753605444009,0.245701423287392,126.681640625,757.5390625,231.210454801772,55.6423290252686,231.470630367637,0.060198991493796775,44.6525116,1.35822697907811,1815.372157096866,0.0,1320.4470872879,1254.847407341,1216.43626689911,-63.5695579,2.0,153.084503173828,34.1338996887207,44.4049606323242,-42.6100006103516,87.5745236873627,26.959690451622,-1.66397201961983,-2.78195333786253,-1.61297286471719,-4.042532111929072,8.09999465942383,42.799919128418,2.0,7.0,2.0,0.0,0.0,24060101.0,143.3328393252654,16.3467839481453,20.703164577484152,-46.170379028320305
2024-06-01 19:08:45+00:00,GER,GER,-29.60083296840894,-30.091435211207216,0.0,-30.020761877827237,-29.954366974943376,-30.195094260164797,-10.27408922407,6.404609260895954,3.00973656083314,4.99507913013629,2.4628455124573554,5.717886460373828,-1.553741250791432,21.496008921904558,-0.5942607498097152,14.188169767571381,40.2515510559082,55.7334152984619,1.0,325.595199696778,0.261183133721352,142.189453125,773.046875,227.905585809592,55.7778900146484,226.584709186381,-0.17639704180196042,44.6524187,0.294671329545569,1815.33582210541,0.0,1053.76195907593,1044.46125030518,1011.39235496521,-63.5697035,2.0,142.051895141602,34.1338996887207,44.4049606323242,-43.6100006103516,87.5687181949616,26.9616305828094,-1.005483140053273,1.73597080456908,-0.30999480558764,-5.282911412610266,9.09999847412109,43.7999038696289,2.0,7.0,2.0,0.0,0.0,24060101.0,151.68674534438378,16.0501232192823,19.754009342193598,-49.638433914184546
2024-06-01 19:08:46+00:00,GER,GER,-30.05375374057512,-29.42206164612974,0.0,-28.359803988671622,-27.370152266619062,-25.496367048963698,-10.2752640166072,6.40387394834312,2.023062096895474,4.908949164041959,0.810615315062404,5.717886460373828,-1.5532016658470043,22.223458902475677,4.55738552300876,12.7268113503047,39.2212120056152,55.61549011230468,1.0,326.29450178476,0.276141303777695,157.6640625,788.521484375,222.37339212907,55.5457317352295,222.6072714666295,-0.3549940608551556,44.6523174,0.885667481385233,1815.517497062682,0.0,1233.60979557037,1112.58769035339,1151.535987854,-63.5698368,2.0,131.078994750977,34.1338996887207,44.4049606323242,-44.6100006103516,87.572592496872,26.9635677337646,-0.5239912223494715,0.57999026248754,-0.0509991448974741,-1.1667804371971635,10.1000022888184,44.7998886108398,2.0,7.0,2.0,0.0,0.0,24060101.0,156.85611937619478,16.2088363250259,18.77695055007935,-52.92204551696774
2024-06-01 19:08:47+00:00,GER,GER,-30.0803996745652,-28.95061671791556,0.0,-27.735667107976646,-26.474673485295362,-25.347431359016984,-10.27364867686855,2.65864441096,2.109695341209928,0.25173653097120074,0.22327238728387733,5.717615045731685,-1.55320164450266,21.161846356384643,4.732968144793473,14.06639688618014,39.4085186004639,55.66185859680176,1.0,326.802695179766,0.28916380405426,173.109375,803.966796875,220.669628761367,55.5251461029053,222.2417675535745,-1.353377341996161,44.6522122,1.85301089847401,1815.562915802002,0.0,1274.67441558838,1143.86689662933,1187.7076625824,-63.569964,2.0,114.446800231934,34.1338996887207,44.4049606323242,-45.7099990844727,87.5803351402283,26.9655078649521,-1.622972795270625,-2.39895944477735,-2.72395414619513,-0.36759380153052745,11.1000061035156,45.7998733520508,2.0,7.0,2.0,0.0,0.0,24060101.0,156.0719699462664,16.6451522243009,18.940570449829103,-51.9053823852539
2024-06-01 19:08:48+00:00,GER,GER,-30.0892830185997,-28.95724883159964,0.0,-27.809855598212938,-26.4618200938058,-25.43203930283216,-10.272327035264151,-6.680649435211315,3.317120942825196,-0.7313116574700582,2.197019032272105,5.717615045731684,-1.5540110432636456,22.43288240620258,4.657244228031752,13.25327977020832,39.53078956604,55.346275634765604,1.0,327.171279508137,0.300751215219498,188.580078125,819.4375,220.366081494273,55.7322624206543,220.59530264281898,-2.762153729364404,44.6521062,1.65064722768363,1815.4629945755019,0.0,908.115327358246,945.45167684555,966.862261295319,-63.57009,2.0,103.637397766113,34.1338996887207,44.4049606323242,-46.7099990844727,87.5667810440064,26.9674479961395,-1.665972037747025,0.986983465964587,-0.868985384667711,-5.096714671519266,12.1000099182129,46.7998580932617,2.0,7.0,2.0,0.0,0.0,24060101.0,155.355294589111,16.8438492574457,19.3927127838135,-50.006495285034184
2024-06-01 19:08:49+00:00,GER,GER,-30.06263571857184,-29.08497815021128,0.0,-27.84696538201144,-26.53041465911186,-25.3176609549911,-10.277026205413101,-11.0344510687984,2.287311315646644,-1.678381210808468,1.901245694392635,5.71924353358454,-1.5537412507914319,22.6430685005503,4.74497365367497,14.007619010258718,37.6241088867188,53.79818595886228,1.0,327.166115885124,0.304484716057777,203.921875,834.779296875,216.005101331868,54.4969871520996,215.2668876561845,-3.243745586609582,44.6519974,0.447952887434262,1815.4084920883179,842.5363779067993,969.528555870056,900.560021400452,968.079805374146,-63.570205,2.0,87.4298934936524,34.1338996887207,44.4049606323242,-47.7099990844727,87.582266330719,26.9674479961395,-0.661988897948938,2.55995703535489,1.24097920473373,-3.63033898938736,13.1000137329102,47.7998428344727,2.0,7.0,2.0,0.0,0.0,24060101.0,154.6498371346484,16.700640681118,19.901546287536597,-48.760677161583544
2024-06-01 19:08:50+00:00,GER,GER,-30.058194729573483,-29.09159045634676,0.0,-27.81640062698508,-26.49824310208326,-25.17587135046352,-10.27776045074885,-11.03430421973125,2.332983787442482,-1.248456703737992,1.9501035316296198,5.7195147774719555,-1.554011043263646,22.23681021475578,4.882322183826853,15.4637234752611,35.9405090332031,52.19254508972166,1.0,327.359492200906,0.30509942471981,218.8125,849.669921875,212.425084999163,52.5344444274902,211.853951410956,-3.5667401951949755,44.6518865,0.642509011673077,1815.53566455841,1468.199753761292,1103.73532772064,958.905458450317,1038.14733028412,-63.5703053,2.0,77.3092803955078,34.1338996887207,44.4049606323242,-48.7099990844727,87.5764608383179,26.9616305828094,-1.1359810011398,-0.00199996664231184,1.7029713859244,-3.7625370019521815,14.1000175476074,48.7998275756836,2.0,7.0,2.0,0.0,0.0,24060101.0,153.83359674392378,15.5628814295557,20.1272234916687,-46.173772048950184
2024-06-01 19:08:51+00:00,GER,GER,-30.040433505655763,-29.100407547546318,0.0,-27.81421940607364,-26.43395941067186,-25.11033022122594,-10.27717305448025,-11.026499447944051,3.161616233066858,-1.4821352337359701,2.00526499314029,5.592235909836064,-1.425318582601652,22.06591478360854,4.9301023452788515,13.83123808343432,33.8464221954346,50.39873588562012,1.0,328.382982387654,0.296715214848518,233.2734375,864.130859375,208.876200668694,51.1353698730469,207.794524100407,-2.9843499429713063,44.6517748,0.24006439401814,1815.4084920883179,1815.7390594482422,1013.55993747711,850.227475166321,1006.06513023376,-63.5703934,2.0,64.8042373657226,34.1338996887207,44.4049606323242,-49.6100006103516,87.5783979892731,26.9616305828094,-0.6094897694715455,1.60497311237352,2.44695902605644,-3.892134548056564,15.1000213623047,49.7998123168945,2.0,7.0,2.0,0.0,0.0,24060101.0,156.7972130927166,14.0147703890744,20.30389909744265,-46.46620063781738
2024-06-01 19:08:52+00:00,GER,GER,-29.98495939223584,-29.140099825870045,0.0,-27.862256809525256,-26.57542355668548,-25.44267868850228,-10.286425826371499,-10.93623764428865,3.135517781427464,0.33277888658794497,7.891301532813134,4.731409068738054,-0.5940786909172846,25.62267842030368,4.542281130620404,15.383188202493262,31.410835647583,47.93334754943849,1.0,329.435214010429,0.287933206558228,247.2109375,878.068359375,205.964217817951,48.7239154815674,201.033634029713,-1.5779735880278758,44.6516642,-1.14681373452429,1815.417575836182,1843.0625200271581,1022.34494686127,878.38488817215,946.378588676453,-63.5704671,2.0,53.9036598205566,34.1338996887207,44.4049606323242,-50.6100006103516,87.5745236873627,26.9577533006668,-0.809486459549393,-0.414993035861998,1.10698145866695,-16.05473103565107,16.100025177002,50.7997970581055,2.0,7.0,2.0,0.0,0.0,24060101.0,151.441609855072,12.5180044419051,20.410879325866702,-43.14269274661414
2024-06-01 19:08:53+00:00,GER,GER,-22.338874756051638,-19.238683993671962,0.0,-18.23022961460802,-17.15331420043629,-15.833660351842042,-10.3025809313059,-10.6589712375739,1.4608537836808986,1.288207401523432,14.357324012744451,3.9183460820154083,0.2870733310633118,25.29538326848472,6.505214745719068,5.813120577711947,29.4748626708984,44.902443466186526,1.0,330.822917204479,0.276773098111153,260.45703125,891.314453125,189.817391072852,46.1197540283203,179.968982289746,-1.3271777715405393,44.6515519,-2.9216234493133,1816.3621187210078,1842.563605308532,993.040204048157,824.863731861114,851.409137248993,-63.5704994,2.0,45.5074501037598,34.1338996887207,44.4049606323242,-51.6100006103516,87.5087082386017,26.9480586051941,0.0179996962373125,1.01498307941511,-0.126997856044359,-29.37710704856002,17.1000289916992,51.7997817993164,2.0,7.0,2.0,0.0,0.0,24060101.0,163.0218595475214,11.0017391584291,20.47239589691165,-39.094871929713676
2024-06-01 19:08:54+00:00,GER,GER,-5.76118832291914,-2.433951592456726,0.0,-1.7120605747850282,-1.5312894905107597,-1.3093329898632973,-10.318149493745299,-10.612882401715101,0.4604048745760224,1.284209371637106,17.30191845545355,3.1549458703234263,1.2221844451285606,9.769062515538966,4.451855188981546,-8.00010495218756,22.2859176635742,41.51483665466308,1.0,332.182807868228,0.266585800051689,272.8359375,903.693359375,161.554423457177,42.4438831329346,148.202523780826,-2.258362177835434,44.6514502,-5.2461244406274,1817.370247840882,1842.5364017486559,1101.25339031219,955.228209495544,985.194802284241,-63.5704617,2.0,40.8830909729004,34.1338996887207,44.4049606323242,-52.7099990844727,87.2706174850464,26.9403040409088,-0.2514957894813213,-1.23297923894665,-0.843985825088407,-33.15924472975077,18.1000328063965,52.7997665405273,2.0,7.0,2.0,0.0,0.0,24060101.0,105.66023427876459,9.70407322556566,20.4001564979553,-41.442809404645644
2024-06-01 19:08:55+00:00,GER,GER,18.01239353763516,17.67483790489034,0.0,15.59242558356529,12.543947720184317,9.855398798702947,-10.31697427432125,-10.60625669133335,2.1028081839933686,1.6639822328870717,12.52332259794765,2.147843826026468,2.12033387310641,-13.495242209763816,-8.156994781620895,-28.976291740515098,21.3144945144653,39.37096939086914,1.0,333.096086122529,0.252136605978012,284.29296875,915.150390625,128.242648308919,39.8214328765869,117.8745201865825,-1.8055697171760783,44.6513826,-4.81436128932104,1818.015050888062,1842.5182342529279,1008.25142860413,819.418966770172,881.926000118256,-63.5703613,2.0,40.2062492370606,34.1338996887207,44.4049606323242,-53.7099990844727,87.2454524040222,26.7444789409637,-0.31549471244702176,-0.479991970809469,-0.630989417390174,-21.7796345762461,19.1000366210938,53.7997512817383,2.0,7.0,2.0,0.0,0.0,24060101.0,-150.8877907964108,8.59473780623428,20.214772510528547,-38.290107650756866
2024-06-01 19:08:56+00:00,GER,GER,27.902520091663582,22.67271186305764,0.0,15.767699336725224,8.489964155781474,1.214898596963544,-10.31917743721535,-10.6200980696864,0.858047220910076,2.6303129356931736,4.80065896935064,1.1228304003717804,3.012007684109534,-25.383547008781825,-26.687621025124535,-35.31173786554524,34.7990776062012,37.94424018859864,1.0,332.939510865996,0.251802510023117,295.1875,926.044921875,107.363374733215,38.2401775360107,101.688300325446,0.7263878327943349,44.6513492,-3.93219582735017,1713.0129575729359,1842.5000905990578,1065.39916992188,838.673412799835,891.167461872101,-63.5702355,2.0,43.9750289916992,34.1338996887207,44.4049606323242,-54.7099990844727,87.3693406581879,44.7428107261658,1.4074763782536048,1.99396636614921,1.94296747805084,-7.10988033657158,20.100040435791,54.7997360229492,2.0,7.0,2.0,0.0,0.0,24060101.0,-114.2705169125312,7.64706613436794,20.759135627746552,-16.329981136322033
2024-06-01 19:08:57+00:00,GER,GER,29.347934969105438,21.31985561113426,0.0,12.1483921700645,2.2713759720488143,-7.569576784460494,-10.323583336116851,-10.621717251406551,2.1064329653858964,4.370725732444628,0.29209409373244,0.5871203716673103,4.257923279999848,-25.783701837534,-36.91751124130176,-32.39566782960268,36.9156383514404,37.47952949523926,1.0,332.133903713771,0.262045007944107,305.703125,936.560546875,98.7727384555776,37.3278007507324,97.53136864940065,1.079581920023694,44.6513325,-1.49167468147329,1087.995314598083,1842.572665214538,1244.82023715973,953.953981399536,911.331593990326,-63.5701062,2.0,50.7193717956543,34.1338996887207,44.4049606323242,-55.6100006103516,87.3693406581879,52.2791147232056,1.1994799091516604,-0.871985385178081,-1.12398115918088,-0.38559353778848104,21.1000442504883,55.7997207641602,2.0,7.0,2.0,0.0,0.0,24060101.0,-103.92901901474934,5.87654705903817,20.3975326538086,-11.072281857899247
2024-06-01 19:08:58+00:00,GER,GER,30.995448996917723,23.46833908437652,0.0,14.11127942525414,4.244980882607638,-5.773370989832237,-10.322408543579598,-10.61464971316285,3.5045237459132337,6.62537689774927,-0.6766549149225425,-0.24195441541721024,5.225679720762169,-25.74174125338696,-36.7688193891084,-31.06872463237146,41.2910533905029,37.73819160461424,1.0,331.411269699584,0.272875794768333,316.115234375,946.97265625,98.5585505533951,37.4366580963135,97.93735509366624,0.8627855259085557,44.6513182,-1.24106138044718,339.36562836170214,1842.5817251205438,1058.00807476044,857.836902141571,820.282995700836,-63.5699765,2.0,60.4748497009277,34.1338996887207,44.4049606323242,-56.6100006103516,87.3886942863464,54.2916417121887,-0.16499723996575516,-0.997983165457776,-0.872985260839547,1.1217811445770487,22.1000480651855,56.7997055053711,2.0,7.0,2.0,0.0,0.0,24060101.0,-97.42528829838226,4.31917300138194,20.490519905090352,-2.106940026283264
2024-06-01 19:08:59+00:00,GER,GER,32.92756334706612,25.16028724934376,0.0,15.869059344008202,5.967617727845996,-4.221687931169823,-9.496876448885544,-10.6128824017151,4.7989447839680395,6.943005538967965,-0.7034470256330045,-1.0840556192248605,6.07985225006129,-26.969671637843458,-37.14924999757547,-32.109954186431885,41.0545280456543,37.46023681640624,1.0,330.830184525756,0.277728796005249,326.59765625,957.455078125,99.8910384981946,37.4870544433594,99.2993323802072,0.8101864205371863,44.6513022,-1.47629298874072,57.78253020253017,1842.636179924012,932.216882705688,819.167673587799,729.690372943878,-63.569847,2.0,68.7550430297852,34.1338996887207,44.4049606323242,-57.6100006103516,87.3886942863464,54.2935788631439,0.4394926175899295,0.347994162828609,-2.37696004579097,1.828569322661212,23.1000518798828,57.799690246582,2.0,7.0,2.0,0.0,0.0,24060101.0,-97.84534766441375,3.79346742823122,21.07914419174195,-4.385925029453477
2024-06-01 19:09:00+00:00,GER,GER,33.303548868421295,25.17092390293822,0.0,15.86504114371948,5.882766714673748,-4.4117111363329355,-2.837842694767483,-10.5977163935499,5.0066471654014455,6.9102976413347985,-0.6724511736122369,-1.29247772116989,6.28408728596254,-23.611267964457642,-37.7152588948485,-31.10603727278832,42.2058712005615,38.28153076171874,1.0,330.367480190622,0.276895621418953,337.009765625,967.8671875,101.628645453235,37.586157989502,100.917308571935,0.31599470255471573,44.6512835,-1.30277630174477,0.0,1842.5908088684077,1037.65726089478,838.706374168396,821.366012096405,-63.5697179,2.0,78.4886703491211,34.1338996887207,44.4049606323242,-58.6100006103516,87.4061167240143,54.3013334274292,-0.265995534037318,-2.05596527390588,-0.653988958842281,1.899968043475362,24.1000556945801,58.799674987793,2.0,7.0,2.0,0.0,0.0,24060101.0,-91.44420502334235,3.54934067248251,21.867709350585947,-2.7754029464721643
2024-06-01 19:09:01+00:00,GER,GER,33.328847889107024,26.285885007579502,0.0,18.35865510025084,9.877682120115407,1.7352345742095778,5.91226382575546,-10.59594908210215,5.001210164067388,6.0093822001865025,-3.79724046741742,-1.290035394933082,6.2471254611369265,-24.141884187489516,-31.59361237574644,-28.672559375294885,46.1078853607178,39.559310760498036,1.0,329.831392303046,0.276775324344635,347.673828125,978.53125,103.731817793033,38.7763481140137,104.35225168666949,1.6647721015759025,44.6512601,-1.05617947211575,0.0,1842.6906347274798,796.742379665375,683.036863803864,694.671630859375,-63.5695863,2.0,88.1924591064453,34.1338996887207,44.4049606323242,-59.7099990844726,87.4312818050384,54.3207228183746,-0.9479840729795905,0.0669988797034955,2.61895578251864,6.76808635800333,25.1000595092773,59.7996597290039,2.0,7.0,2.0,0.0,0.0,24060101.0,-82.96983222575662,4.64120318725652,22.3410776138306,4.168740320205688
2024-06-01 19:09:02+00:00,GER,GER,33.31964557523828,25.703777695942183,0.0,16.858079956581417,7.344933740960795,-2.5545519744933536,6.4351062689834695,-10.59226846391315,5.001210164067388,7.763241675734328,-5.920710421881235,-1.411343503295622,5.9873122368082665,-28.223542397748776,-35.87419643048772,-26.99259204515074,50.2487937927246,40.61981552124024,1.0,329.374698534383,0.277406716346741,358.6953125,989.552734375,110.601410324367,40.0320613861084,113.074604747356,3.266745224111226,44.6512257,-0.453439983937015,0.0,1842.7450418472301,594.896674156189,614.322602748871,481.119275093079,-63.5694551,2.0,95.2573471069336,34.1338996887207,44.4049606323242,-60.7099990844726,87.4467670917511,54.3439924716949,-1.3794768715247852,-0.495991688940224,2.14696409766137,10.383226084741978,26.1000633239746,60.7996444702148,2.0,7.0,2.0,0.0,0.0,24060101.0,-83.638794613446,6.27003681844354,22.336875343322752,10.380109037671762
2024-06-01 19:09:03+00:00,GER,GER,33.3495419962543,27.86428059457632,0.0,21.50784598124564,14.522014558540132,10.021509340827121,6.434078325513385,-10.58976519958235,5.000485054109626,7.753065547644658,-4.213844334026055,-1.573901770754172,5.67515944362453,-27.30612197522588,-23.328031630898824,-29.116889818542,44.3067283630371,41.86896240234376,1.0,329.093677231172,0.27341183423996,370.0078125,1000.865234375,120.196972334589,41.1403038024902,122.552445032138,2.399759857570712,44.6511757,0.259822210296283,0.0,1842.7359819412238,489.605456590652,504.094660282135,388.440668582916,-63.5693299,2.0,105.604301452637,34.1338996887207,44.4049606323242,-61.7099990844726,87.4467670917511,54.3401122093201,-1.473475268903825,-0.27899529834845,-1.80496990917308,6.847885507133339,27.1000671386719,61.7996292114258,2.0,7.0,2.0,0.0,0.0,24060101.0,-101.26613043096073,7.66423552239406,21.3554117202759,-8.347910479136877
2024-06-01 19:09:04+00:00,GER,GER,33.33574091601736,28.71713967849808,0.0,23.481595798536624,17.8548118527276,11.5136418584182,6.436134212453555,-10.55810684589255,5.00084765177719,7.16832468581813,0.15602804098697748,-1.5635892523245098,5.783617041983538,-25.41826007920056,-21.8220975208066,-30.147130622756237,42.0788623809814,42.4407238769531,1.0,329.010977300701,0.267376515269279,381.669921875,1012.52734375,127.661822682279,42.3197341918945,127.14487298475751,2.086764987439678,44.6511126,-1.10369378979865,0.0,1842.6362037658698,479.359298944473,491.777569055557,388.33874464035,-63.5692119,2.0,112.115097045898,34.1338996887207,44.4049606323242,-62.6100006103516,87.4487042427063,42.9164171218872,-0.0019999647663445086,1.20197978506831,-1.20897976847222,1.2473789959365007,28.1000709533691,62.7996139526367,2.0,7.0,2.0,0.0,0.0,24060101.0,-108.332676931164,9.11609895218605,20.95570335388185,-16.674896049499498
2024-06-01 19:09:05+00:00,GER,GER,33.28744669745296,28.15510526830306,0.0,22.036683623017616,15.242093740468471,8.468577766273123,6.43569366525209,-10.55280619220975,5.000485054109626,6.063167976220969,-0.1807220729978965,-1.2048210370413321,6.24712520500483,-28.62102662253548,-24.8188699983969,-31.038723709461085,40.0734970092773,41.6343088531494,1.0,329.003600696398,0.261687308549881,393.443359375,1024.30078125,128.801726613241,41.719437789917,128.121842753069,1.5427741441071883,44.6510464,-1.17137466789284,0.0,1842.618060112,1088.06145191193,927.587449550629,839.824199676514,-63.5690981,2.0,118.077003479004,34.1338996887207,44.4049606323242,-63.6100006103516,87.4467670917511,39.0891283750534,2.111464616337055,2.04196552054147,-0.904984803822763,1.792169921225058,29.1000747680664,63.7995986938476,2.0,7.0,2.0,0.0,0.0,24060101.0,-112.55849174800778,10.50565056618,20.8099920272827,-19.52296772003173
2024-06-01 19:09:06+00:00,GER,GER,33.308147634789435,26.77193322174864,0.0,19.37313251087964,11.30261496778368,3.624642547586538,6.43539996711778,-10.5672362474919,5.000485054109626,5.54602267915703,0.9314457437399725,-1.2723954068731458,6.25441054090566,-28.2288829226608,-29.683503870575475,-32.565117309702615,38.8051254272461,42.04752799987794,1.0,329.017998735168,0.256189423799515,404.99609375,1035.853515625,131.964268123497,41.280334854126,130.20931931815397,-0.9551839468054435,44.6509774,-2.25362091664571,0.0,1842.6724910736098,1810.97900867462,1512.78841495514,1430.00710010529,-63.5689896,2.0,124.267303466797,34.1338996887207,44.4049606323242,-64.6100006103516,87.4428987503052,39.0774965286255,0.7624871741484887,-2.40695973072955,-2.11596443033962,2.085165015626604,30.1000785827637,64.7995834350586,2.0,7.0,2.0,0.0,0.0,24060101.0,-115.06994684167041,11.2534931010466,20.75073108673095,-21.569619712829578
2024-06-01 19:09:07+00:00,GER,GER,33.39095958036234,31.5353822809964,0.0,28.96279836030028,24.889825418589623,24.59127955751564,6.43628106152071,-10.56296567171335,5.000485054109626,6.26159453387468,0.7612329873322495,-1.2878641631732979,6.25521966219021,-23.70434500133416,-8.799678912940987,-31.991711317558433,40.5119682312012,43.97582977294922,1.0,329.16438334946,0.250492304563522,416.716796875,1047.57421875,135.799528625486,42.8748870849609,131.89429283545002,-3.8235359273256817,44.650901,-4.31306083584842,0.0,1842.699718475344,1599.95794296265,1470.74615955353,1559.53049659729,-63.5688841,2.0,129.286605834961,34.1338996887207,44.4049606323242,-65.6100006103516,87.44096159935,39.0193313360214,-2.752453750837245,-4.01293293220795,-2.81095304041793,1.0137830151779421,31.1000823974609,65.7995681762695,2.0,7.0,2.0,0.0,0.0,24060101.0,-115.0182628002206,11.8879775475794,20.824715423584,-21.630486631393435
2024-06-01 19:09:08+00:00,GER,GER,33.3909616294191,32.61421407549448,0.0,31.62420206096324,30.65380156859586,29.44305491556272,6.43613421245356,-10.5620824428763,5.000122456442062,5.343234874963536,1.89914381039727,-1.2903068095752261,6.2541404923013495,-21.043256855410863,-3.947907055365858,-30.489774575678002,42.1596221923828,45.2878775024414,1.0,329.428902915636,0.244677007198334,428.98046875,1059.837890625,135.59985487529,44.6808574676514,132.466778801113,-3.8537353099201184,44.650821,-3.10722871736652,0.0,1842.5635814666741,1096.99404239655,1094.24757957458,1239.71593379974,-63.5687751,2.0,135.386703491211,34.1338996887207,44.4049606323242,-66.7099990844726,87.4448299407959,38.9980018138886,-2.414459598603345,1.68697166779364,0.204996561973069,-1.124781171767845,32.1000823974609,66.7995529174805,2.0,7.0,2.0,0.0,0.0,24060101.0,-114.4182238514458,12.691634680796,20.927419567108153,-18.97136531242959
2024-06-01 19:09:09+00:00,GER,GER,33.386357398899605,32.15122150637818,0.0,30.39982918053592,28.503630355609697,26.01965277146882,6.4359873633864,-10.562229718830299,5.00084765177719,4.75885763533295,0.6015257288786704,-1.290035394933082,6.254410028641469,-22.73008784265192,-7.366703944411846,-30.68602093694862,42.8989883422852,46.100503234863275,1.0,329.65410791295,0.238757210969925,441.587890625,1072.4453125,134.967611584578,45.5368606567383,131.50579167546,-2.708754627414326,44.6507399,-3.66145737393462,0.0,1842.509150505064,1091.51148796082,1010.07080078125,1222.95713424683,-63.5686628,2.0,139.883407592773,34.1338996887207,44.4049606323242,-67.7099990844726,87.4487042427063,39.0096366405487,-1.0999815553043222,3.05394854608536,4.27492831659906,1.7509705936775126,33.1000671386719,67.7995376586914,2.0,7.0,2.0,0.0,0.0,24060101.0,-113.91840290232501,13.4216837191011,20.95568189620975,-20.010504817962655
2024-06-01 19:09:10+00:00,GER,GER,33.381757949512526,30.809695855268963,0.0,27.78067293196516,24.68103507339876,20.757110178246663,6.43628106152071,-10.56429115529915,5.0004850541096255,3.7376503539375916,-0.5426888018363693,-1.290578032118298,6.2506334462946445,-23.082178288705297,-12.6246481127753,-30.575440174286097,44.7240165710449,47.40497039794922,1.0,329.752298712458,0.232709500193596,454.41015625,1085.267578125,137.966009988701,46.3457736968994,134.5027489096675,-1.8463689877373337,44.6506539,-4.3963434668325,0.0,1842.481970787046,1424.84939098358,1268.82708072662,1372.12574481964,-63.5685525,2.0,145.095794677734,34.1338996887207,44.4049606323242,-68.7099990844726,87.4506413936615,38.999941945076,-0.7199879295337774,-0.531991054734423,1.15898054259191,3.93913393350907,34.1000518798828,68.7995223999024,2.0,7.0,2.0,0.0,0.0,24060101.0,-112.88202278257499,14.1465418136369,21.090435218811052,-17.0869602203369
2024-06-01 19:09:11+00:00,GER,GER,33.38405767420606,29.942139570291197,0.0,26.046691099826724,21.589390585218077,16.41828971083034,6.437015306856495,-10.56075781306415,5.000485054109626,1.557863760875381,0.09718922630450445,-1.285693102168246,6.253870443697039,-24.54356453899286,-16.96576813413042,-28.60682119509972,45.4077987670898,49.716785659790034,1.0,329.841391699991,0.226981803774834,467.638671875,1098.49609375,141.794699848708,48.4968521118164,138.091692299618,-0.313794719967395,44.6505592,-4.38193347523107,0.0,1842.627120018006,1496.56915664673,1388.39340209961,1435.48095226288,-63.5684465,2.0,148.976303100586,34.1338996887207,44.4049606323242,-69.6100006103516,87.44096159935,39.0018820762634,-0.970983694472981,-0.4139930267984,1.54197411551197,1.8273692690962107,35.1000366210938,69.7995071411133,2.0,7.0,2.0,0.0,0.0,24060101.0,-116.65029278918439,15.3509816407452,20.8529974937439,-23.55718529564993
2024-06-01 19:09:12+00:00,GER,GER,33.388660538687745,28.57114780008364,0.0,22.91492539744242,16.76485214327898,9.91700479982761,6.4359873633864,-10.48492521091725,5.000847566399824,4.500466797898948,0.39033425536452027,-1.2859645168103881,6.22662114787118,-25.390413056444977,-23.47165582423748,-24.164140700409458,46.9517177581787,52.74798568725588,1.0,330.12489919206,0.221772108972073,481.521484375,1112.37890625,141.710483616242,51.4046413421631,138.85166695799802,1.757170495125352,44.6504585,-2.88937428426026,0.0,1842.5091743469216,1165.24934768677,1196.7910528183,1187.81507015228,-63.568336,2.0,153.330795288086,34.1338996887207,44.4049606323242,-70.6100006103516,87.4506413936615,38.999941945076,-3.04144897973912,-0.73198774481227,3.19594625793922,-0.44399255165441787,36.1000213623047,70.7994918823242,2.0,7.0,2.0,0.0,0.0,24060101.0,-117.6190540361512,16.2853429814665,19.54450521469115,-26.196008148193357
2024-06-01 19:09:13+00:00,GER,GER,33.37485399429948,26.8022462843041,0.0,19.4210428728127,11.258568443864101,2.341152224114312,6.436574759655025,-10.4750598564348,5.000485054109626,4.02656846573487,-0.639879975812005,-1.57363039880071,5.786045174233478,-25.33624521670378,-31.033702837402238,-23.80334995939134,48.2264682769775,54.730664291381856,1.0,330.341197622696,0.217491410672665,496.24609375,1127.103515625,140.164989391986,53.9755348205566,139.081666748109,3.131147570264394,44.6503544,-1.75090351908543,0.0,1842.599892616272,870.650708675384,1017.18592643738,891.301929950714,-63.568217,2.0,157.89469909668,34.1338996887207,44.4049606323242,-71.6100006103516,87.4506413936615,39.0057593584061,-1.76997031231864,2.17496381783361,2.28396168415596,2.709954459531788,37.1000061035156,71.7994766235352,2.0,7.0,2.0,0.0,0.0,24060101.0,-120.8672488506746,16.9645523604582,20.6860104560852,-29.855483273097445
2024-06-01 19:09:14+00:00,GER,GER,33.372549488473524,25.829216510615698,0.0,17.36546124209474,8.257380846616918,-1.92687064316782,6.43628106152071,-10.485808439754301,5.00084765177719,3.369507383853454,-1.218815400959598,-1.58312875868131,5.832988979021608,-25.38926899975898,-35.29942030239604,-24.15427961479526,47.6675491333008,56.48916893005372,1.0,330.493811369511,0.214056117832661,511.48828125,1142.345703125,143.054241373172,55.4443244934082,142.415611855586,3.7793366206121077,44.6502443,-1.40491281615903,0.0,1842.5545215606678,1184.31842327118,1207.60238170624,1013.26155662537,-63.568099,2.0,163.559799194336,34.1338996887207,44.4049606323242,-72.7099990844726,87.4583840370178,39.0076965093613,-1.410476378763975,-1.11698128249868,1.60997302428938,3.409342797328942,38.0999908447266,72.7994613647461,2.0,7.0,2.0,0.0,0.0,24060101.0,-124.47687541946982,17.1842983290777,22.3006178855896,-34.699933403416665
2024-06-01 19:09:15+00:00,GER,GER,33.104033578613894,24.418077571485682,0.0,15.737982891193758,6.205624548721009,-3.7928002041266735,6.4370155202999,-10.490078588646,5.00084765177719,3.7976149752273445,-1.0890549334991682,-1.577158426294774,5.83433836826951,-24.665632655310937,-36.89683352660846,-24.09224851977212,47.9570320129394,58.05739723205564,1.0,330.835293507255,0.211627109348774,527.23046875,1158.087890625,145.543681401101,57.2902988433838,145.83106161042951,2.063165413868985,44.6501266,-0.542772508339288,0.0,1842.590832710266,1226.18937492371,1301.05197429657,1092.73171424866,-63.5679853,2.0,167.847595214844,34.1338996887207,44.4049606323242,-73.7099990844726,87.4564468860626,39.0076965093613,-2.0134662894253252,-1.23597918609617,-2.24796231836176,2.5143578386822445,39.0999755859375,73.799446105957,2.0,7.0,2.0,0.0,0.0,24060101.0,-127.3533030374698,17.3882819286401,23.7308798789978,-36.326065545333066
2024-06-01 19:09:16+00:00,GER,GER,32.66441255079948,27.11529024641976,0.0,22.4898000801036,17.30624623406638,14.614617751042994,6.437015306856495,-10.4841888311474,5.000485054109626,3.9640605381303002,0.6745511632973256,-1.557890249202758,5.83406797815574,-22.24334055862122,-18.04979497051124,-26.180578858503498,47.6391254425049,59.53174942016602,1.0,331.337886147141,0.209896011650562,543.404296875,1174.26171875,147.605223737908,58.8587791442871,146.965036937192,-0.9763836206864525,44.6500028,-0.411215594405437,0.0,1842.5091743469216,1010.95187664032,1106.79769515991,1022.10414409637,-63.5678745,2.0,171.12060546875,34.1338996887207,44.4049606323242,-74.7099990844726,87.4583840370178,39.0115737915039,-2.3869600830661097,0.637989294072379,-1.95996717856476,-0.36279391343873896,40.0999603271484,74.799430847168,2.0,7.0,2.0,0.0,0.0,24060101.0,-129.18044694234,17.5863096032463,25.95105199813845,-41.08586728232247
2024-06-01 19:09:17+00:00,GER,GER,32.0934025890162,26.85633694290764,0.0,21.720580760682143,16.328356780783523,9.761928001420786,6.43745585405796,-10.4908153953027,5.00084765177719,2.3297656584376663,-0.584718434260055,-1.478103671889686,5.766619433215045,-20.59618306668362,-22.33147492910486,-25.64027503666236,48.3122577667236,60.173074951171884,1.0,331.749282101229,0.206767912209034,559.966796875,1190.82421875,148.446716704032,59.6882606506348,147.399532591053,-0.5835902257473862,44.6498754,-1.54247432014697,0.0,1842.5182342529279,1081.75790309906,1095.50499916077,1118.12078952789,-63.567765,2.0,174.812698364258,34.1338996887207,44.4049606323242,-75.6100006103516,87.4583840370178,39.0096366405487,-1.2454791254580049,2.61295610166302,4.63092204500836,2.4515589130025193,41.0999450683594,75.7994155883789,2.0,7.0,2.0,0.0,0.0,24060101.0,-129.52859534471378,17.5774115743051,25.60683059692385,-41.375576019287095
2024-06-01 19:09:18+00:00,GER,GER,31.721987147234678,26.138887383809738,0.0,20.44807997679672,14.51092847849832,7.439860649196646,6.436574759655025,-10.4897840367381,5.000485054109626,2.917050851107386,-0.514843891503532,-1.4303402657454962,5.7215640903550575,-20.56795389484396,-24.28212777869848,-23.02536545820804,49.4295948028564,61.3638885498047,1.0,331.885503394036,0.204704314470291,576.6953125,1207.552734375,150.735034981661,60.5643035888672,149.831482916739,-0.09719836835262588,44.6497436,-1.34272746558235,0.0,1842.5364017486559,1264.36161994934,1250.53918361664,1227.80168056488,-63.5676602,2.0,177.724304199219,34.1338996887207,44.4049606323242,-76.6100006103516,87.4603152275086,37.7784669399262,-2.194963252053635,-3.1859464341075,-1.76397041801961,1.53437420671118,42.0999298095703,76.7994003295898,2.0,7.0,2.0,0.0,0.0,24060101.0,-130.6282612652372,17.7186684240774,24.1055926322937,-40.24973899841308
2024-06-01 19:09:19+00:00,GER,GER,31.679057359244382,26.14317810864634,0.0,20.55732577898592,14.388139264958578,8.241537454440792,6.437309004990805,-10.4837470032854,5.000122456442062,3.0340715003175185,-0.13816983563680363,-1.346482917031438,5.620930217558205,-20.53171427714572,-23.437520929331946,-22.928962119205718,50.3418067932129,62.66411361694336,1.0,332.053498726862,0.202744799852371,593.78125,1224.638671875,152.011283148835,62.0406257629394,151.060971608854,-0.30059495784560836,44.649607,-1.15831854785095,0.0,1842.509174346922,1026.15666389465,1083.14692974091,1087.61274814606,-63.5675579,2.0,180.286193847656,34.1338996887207,44.4049606323242,-77.6100006103516,87.4603152275086,32.6153129339218,-1.900968004514195,2.24596214015201,1.18898012080878,1.2373791934491192,43.0999145507812,77.7993850708008,2.0,7.0,2.0,0.0,0.0,24060101.0,-131.4041707549508,17.9691604892457,24.26342668533325,-42.72690162658692
2024-06-01 19:09:20+00:00,GER,GER,29.9217145725972,23.38606569921966,0.0,17.01938477760556,10.303795595072412,2.720649247107431,6.4373090049908,-10.48786987622315,4.999397431861665,2.6237712793269123,-0.645132684768434,-1.264525321401998,5.546736263170564,-19.24389406197084,-27.20106546956408,-23.07739237515386,50.5150062561035,63.675438079833995,1.0,332.217887719806,0.200846908986568,611.212890625,1242.0703125,153.448559855881,63.013444519043,152.67194002649347,0.23259609709296192,44.6494661,-1.27756095087638,0.0,1842.545461654662,1293.99347305298,1201.47097110748,1214.19584751129,-63.5674588,2.0,182.654296875,34.1338996887207,44.4049606323242,-78.6100006103516,87.4641895294189,32.6036810874939,-1.71847121958527,-2.20996277435781,0.0879985230903245,2.29856136291725,44.0998992919922,78.7993698120117,2.0,7.0,2.0,0.0,0.0,24060101.0,-132.523745310867,18.2509296981709,25.175238704681398,-44.05071058273314
2024-06-01 19:09:21+00:00,GER,GER,29.331951984938172,24.596414920620475,0.0,20.058126889343598,14.875807728064919,11.338910486311423,6.43745585405796,-10.487723027156,5.000394404692735,3.065325666891048,0.105070260755654,-1.1318189613360274,5.4212813335195,-18.851845472480328,-17.993042032235273,-21.948462423754172,50.5150062561035,64.8342481613159,1.0,332.699579980832,0.200700809061527,628.931640625,1259.7890625,153.448559855881,63.013444519043,155.560386045357,-0.299494990564332,44.6493057,-1.27756095087638,0.0,1842.5454378128038,1293.99347305298,1201.47097110748,1214.19584751129,-63.5673559,2.0,184.461807250977,34.1338996887207,44.4049606323242,-79.6100006103516,87.4641895294189,32.6036810874939,-2.84995213991824,-2.20996277435781,0.0879985230903245,0.9739836949833478,45.0998840332031,79.7993545532226,2.0,7.0,2.0,0.0,0.0,24060101.0,-134.8592881994365,18.5871440525174,25.3501522064209,-47.44398822784424
2024-06-01 19:09:22+00:00,GER,GER,29.332503522713683,25.680639405600402,0.0,21.997335244718663,18.11496556198634,12.54879715449502,6.436868457789335,-10.4828637744484,4.999759858774498,2.495485086854488,-0.03099770964545885,-1.04551916899129,5.313363384137946,-18.27650363397068,-16.7837063682186,-21.60061019545818,50.9092918395996,65.39536148071291,1.0,333.529393323475,0.202890215814114,646.939453125,1277.796875,156.721996317501,65.1703559875488,155.951387054583,0.18399689857591972,44.649171,-0.956790828181957,0.0,1842.454719543454,962.643921375275,1033.82253646851,1061.92362308502,-63.5672751,2.0,186.011795043945,34.1338996887207,44.4049606323242,-80.7099990844726,70.8207488059998,32.5862288475037,-2.089464950546415,2.81295279174087,1.96096694750452,0.84098586726672,46.0998687744141,80.7993392944336,2.0,7.0,2.0,0.0,0.0,24060101.0,-135.9186034114006,18.8710442804636,25.2121055603027,-49.41419906616211
2024-06-01 19:09:23+00:00,GER,GER,29.33029805463068,25.129054160307142,0.0,20.75994265769546,16.04384969052962,10.109133496179753,6.437309004990805,-10.48610299166225,4.999759858774498,2.4751333429393276,-0.2679303118517495,-1.0194665009636759,5.3039203914783055,-18.3875088928901,-19.22116524146978,-20.076703467093477,50.3822193145752,65.42103240966797,1.0,334.310302511661,0.204065211117268,665.10546875,1295.962890625,157.644427025289,65.1481979370117,156.687374088598,1.3751769472771445,44.6490201,-1.12287071983223,0.0,1842.5726890563958,1092.85807609558,1124.34339523315,1046.84841632843,-63.5671877,2.0,186.756805419922,34.1338996887207,44.4049606323242,-81.7099990844726,70.8110749721527,32.5745970010757,-1.896468190511625,-0.902984839056418,1.52497441499804,0.9079847349640229,47.099853515625,81.7993240356445,2.0,7.0,2.0,0.0,0.0,24060101.0,-138.5801969913222,19.0479342271359,24.6439707756042,-50.7195276260376
2024-06-01 19:09:24+00:00,GER,GER,29.32644087605165,25.211666835111025,0.0,21.265587794499123,17.012677019576426,12.606222951781596,6.43745585405796,-10.48669166859135,4.99994115760828,2.85408835306921,-0.10297030608862587,-1.019195091657615,5.292454147376125,-18.32971763779425,-16.72021856460025,-19.160926473462226,49.2757484436035,65.18408374786378,1.0,335.114598267565,0.204203908145428,683.28125,1314.138671875,158.199994612378,65.1549339294434,157.9093427424375,1.0707320572563233,44.648861,-0.640560967016595,0.0,1842.472887039184,1041.78869724274,1123.56543540955,1043.8472032547,-63.5670987,2.0,187.088104248047,34.1338996887207,44.4049606323242,-82.7099990844726,70.8130061626434,32.5745970010757,-1.568473755387735,0.830986054107169,0.184996900969412,1.002733155149014,48.0998382568359,82.7993087768555,2.0,7.0,2.0,0.0,0.0,24060101.0,-141.50614826193726,18.8886439704074,24.395133018493652,-53.65081071853635
2024-06-01 19:09:25+00:00,GER,GER,29.328093952585515,26.484843978479024,0.0,23.707024826054997,20.70204587617696,16.908901686648182,6.436868457789335,-10.48919493292215,4.9990348341941,2.2185598054000577,0.1975312519216305,-1.0759141724724217,5.356530350447154,-17.927846040994137,-12.41919311971094,-19.80244678323644,48.162915802002,64.74692642211915,1.0,336.128908680068,0.205421523749828,701.3828125,1332.240234375,159.34977499688,64.8361999511719,158.34734228334298,0.4523924303534904,44.6487168,-0.858576389816024,0.0,1842.4275159835802,1199.89359378815,1206.11393451691,1115.32044410706,-63.5670223,2.0,187.521194458008,34.1338996887207,44.4049606323242,-83.7099990844726,70.8130061626434,32.5687795877457,-1.19197996123659,1.20497983893953,-0.101998289794948,-0.16119730774346414,49.0998229980469,83.7992935180664,2.0,7.0,2.0,0.0,0.0,24060101.0,-143.1029761389376,18.5421228606033,24.8488924026489,-54.274484522202435
2024-06-01 19:09:26+00:00,GER,GER,29.336913092841836,27.30586959973602,0.0,25.483325144253023,23.37540753052932,21.77979850078618,6.436721608722181,-10.49169819725295,5.000122456442062,2.363563696951054,-0.19280492443359373,-1.1331758958085278,5.4207418979854545,-17.74131050117598,-7.55711476281035,-19.3335556627529,46.7712364196777,64.31978622436525,1.0,337.274112837826,0.207904404401779,719.3515625,1350.208984375,159.378475451772,64.1679222106934,158.277851938727,0.08699854170766823,44.648566,-1.10080856848285,0.0,1842.472887039184,1388.97299766541,1378.97944450378,1305.13787269592,-63.5669433,2.0,187.307998657227,34.1338996887207,44.4049606323242,-84.7099990844726,70.8110749721527,32.5513303279877,-1.66597209110788,-0.607989875938067,0.722987850002868,-0.35819400031248916,50.0998077392578,84.7992782592774,2.0,7.0,2.0,0.0,0.0,24060101.0,-145.15576490530418,18.0228526063112,24.83451747894285,-54.93648490905762
2024-06-01 19:09:27+00:00,GER,GER,29.338384315589067,28.489075905507303,0.0,27.939682809428167,27.093508317810635,26.8280399245222,6.436574759655025,-10.492140452001749,4.9972225288752,2.0562325762049602,1.8676216336040148,-1.18880943722733,5.472542650292383,-17.19263912841917,-2.5103453248817478,-20.429894370458566,46.5934604644775,63.94074554443359,1.0,337.274112837826,0.207904404401779,719.3515625,1350.208984375,159.202010684376,63.9021492004394,156.6998733347795,-0.41365974380471937,44.6484067,-1.49652742415688,0.0,1842.4880107243832,1313.845038414,1306.94508552551,1317.37887859344,-63.5668573,2.0,187.307998657227,34.1338996887207,44.4049606323242,-84.7099990844726,70.8052635192871,32.5377583503723,-1.875968551656595,-0.733987656217761,-0.944984205871356,-3.80493609847351,50.0998077392578,84.7992782592774,2.0,7.0,2.0,0.0,0.0,24060101.0,-146.716488630025,18.0228526063112,25.2171069145203,-54.93648490905762
2024-06-01 19:09:28+00:00,GER,GER,29.334706258721,29.1132134692212,0.0,29.1641154540107,29.3381418438735,29.8391874459127,6.43745585405796,-10.4830110504024,4.99903466343937,1.80789579145878,1.96376177553553,-1.21866166834242,5.50356878459717,-17.5009885876818,0.504483374986695,-20.172195317351,44.9117935180664,63.8152198791504,1.0,339.000292886385,0.214691519737244,754.958984375,1385.81640625,155.452400754579,63.576734161377,153.508433294145,-0.234996073488874,44.6483283,-2.00640627506192,0.0,1842.38219261169,1234.48741436005,1215.08467197418,1225.20351409912,-63.5668113,2.0,186.882598876953,34.1338996887207,44.4049606323242,-86.6100006103516,70.7936525344849,32.5203090906143,-2.09696476505935,0.848985737004268,1.31797784823799,-4.55092345435458,52.0997772216797,86.7992477416992,2.0,7.0,2.0,0.0,0.0,24060101.0,-148.53173889882,16.0665071355538,25.3557483673096,-55.8689014434814
2024-06-01 19:09:29+00:00,GER,GER,29.317071393302918,27.089287716249498,0.0,24.937601225795998,22.681933642965497,19.44701091052758,6.43642791058787,-10.4835993004446,4.9986724072812665,2.6590231662938177,0.409771729767494,-1.242271967444546,5.515710043488416,-19.52579645958478,-9.870062104945236,-18.949867737070658,45.9737045288086,63.52953002929688,1.0,339.928788802157,0.218001218140125,772.63671875,1403.494140625,152.044109037986,63.3509033203125,150.44998386684,1.5943732777675579,44.6481301,-1.52014056205638,0.0,1842.48192310333,1055.85169792175,1159.18934345245,1093.5640335083,-63.5666701,2.0,187.702301025391,34.1338996887207,44.4049606323242,-87.7099990844726,70.7975208759308,32.5203090906143,-1.854468983779245,-0.884985156159319,-2.77995337309619,-0.7003882428070897,53.0997619628906,87.7992324829102,2.0,7.0,2.0,0.0,0.0,24060101.0,-146.30784296544238,14.3612291734024,24.118759918212902,-52.91851203918459
2024-06-01 19:09:30+00:00,GER,GER,28.906553289277753,25.886755048712253,0.0,22.8971914942814,19.704983911139102,15.446163315037051,6.43657475965502,-10.4862502676162,4.998128596157285,1.84423816081536,0.620965100926976,-1.2383369353811449,5.49614949161124,-19.67532979108385,-13.46039125490115,-19.53183434681105,46.0162147521973,63.749792861938445,1.0,339.928788802157,0.218001218140125,790.287109375,1421.14453125,151.573071872065,63.3572959899902,150.000489117561,2.622456147746565,44.6479907,-1.57631918814485,0.0,1842.5409197807298,1217.97513961792,1220.11613845825,1132.87675380707,-63.5665636,2.0,189.655502319336,34.1338996887207,44.4049606323242,-88.7099990844726,70.7936525344849,32.5164318084717,-1.51497459116632,-0.330994435634256,1.78397006568305,-1.0089831317552285,54.0997467041016,88.7992172241211,2.0,7.0,2.0,0.0,0.0,24060101.0,-145.544473703045,12.8756510760936,24.4556591033936,-52.102242279052746
2024-06-01 19:09:31+00:00,GER,GER,28.30020068438893,23.5593350764494,0.0,18.569952466376503,13.317814471071733,6.8773514839360805,6.43672160872218,-10.480802337979501,4.9984306185846465,2.0846999864658335,0.5805128119796855,-1.1761448791239533,5.259853832337163,-20.428720147103803,-21.4228496273397,-18.657968560751033,46.4897083282471,64.09559555053714,1.0,341.935689625603,0.223307405412197,808.0078125,1438.865234375,149.654567356857,63.7388236999512,148.22250891433703,3.45760888405171,44.6478798,-1.33506089840413,0.0,1842.41239229838,1171.22435569763,1257.93600082397,1111.83798313141,-63.5664754,2.0,191.456298828125,34.1338996887207,44.4049606323242,-89.7099990844726,70.7955837249756,32.5183719396591,-2.3869599763444,-2.13496430906331,-0.903984821439591,-0.8106531056630946,55.0997314453125,89.799201965332,2.0,7.0,2.0,0.0,0.0,24060101.0,-145.94351612165465,11.558559231457,24.19007320404055,-52.766836166381864
2024-06-01 19:09:32+00:00,GER,GER,28.219283433291825,23.1002935725541,0.0,18.065740644770177,12.378868365870076,6.950287160953447,6.43774955219227,-10.4691696720493,4.999488123967238,3.0348892233715596,1.54137892855883,-1.0951823869170374,5.142380590602373,-19.86653837557745,-21.268996485781773,-20.9592802772071,46.4897083282471,64.96975765228272,1.0,343.050513101932,0.223501919209957,825.890625,1456.748046875,149.654567356857,63.7388236999512,146.599546684515,1.415976281871422,44.6477012,-1.33506089840413,0.0,1842.7110314369224,1171.22435569763,1257.93600082397,1111.83798313141,-63.566322,2.0,194.28190612793,34.1338996887207,44.4049606323242,-90.7099990844726,70.7955837249756,32.5183719396591,-2.12496448523158,-2.13496430906331,-0.903984821439591,-2.376710076875605,56.0997161865234,90.799186706543,2.0,7.0,2.0,0.0,0.0,24060101.0,-144.368451731752,11.558559231457,26.8014221191406,-52.766836166381864
2024-06-01 19:09:33+00:00,GER,GER,28.25146079598118,25.15253122803176,0.0,21.9433186936676,18.444964785697678,14.60838930153886,6.43745585405796,-10.4593038906801,4.999397431861664,2.8530890750492937,0.9461549696642045,-1.066144440638364,5.079450749406162,-19.60323304628088,-13.643072006706529,-23.44855031880366,46.4897083282471,65.03741455078126,1.0,344.362483158465,0.220217098295689,843.93359375,1474.791015625,146.232369375114,64.90458984375,144.65807224312852,0.9423842089864248,44.6475795,-1.25544565211752,0.0,1842.536401748656,1171.22435569763,1257.93600082397,1111.83798313141,-63.5662089,2.0,197.479797363281,34.1338996887207,44.4049606323242,-91.6100006103516,75.9872257709503,32.5164318084717,-1.8494689651416798,-3.12594749111717,-5.2529119411151,-1.2533789142479168,57.0997009277344,91.7991714477539,2.0,7.0,2.0,0.0,0.0,24060101.0,-143.72626914976064,9.01322264290732,28.4756157875061,-51.85330787658692
2024-06-01 19:09:34+00:00,GER,GER,28.24709562208262,24.436759163394058,0.0,20.557321339363,16.47360929122034,12.32368368171624,6.436281061520715,-10.461954857851701,4.9990348341941,2.273798960312536,0.1859729043193165,-1.073743090123026,5.092940287639574,-19.97401601254528,-15.923411940366401,-24.616843931050642,45.0673530578613,65.04104965209959,1.0,344.362483158465,0.220217098295689,843.93359375,1474.791015625,145.180247035365,64.7061012268066,144.1240812236275,1.5719736510401598,44.6474461,-0.995080975390755,0.0,1842.5272941589342,988.441169261932,983.480155467987,887.703657150269,-63.5660795,2.0,197.479797363281,34.1338996887207,44.4049606323242,-91.6100006103516,99.9690294265747,32.5183719396591,-1.419976158043255,0.321994594185706,1.70797129784026,-0.06359892959555018,57.0997009277344,91.7991714477539,2.0,7.0,2.0,0.0,0.0,24060101.0,-143.589026060654,9.01322264290732,29.6380216598511,-51.85330787658692
2024-06-01 19:09:35+00:00,GER,GER,28.23837107994632,23.67213212166108,0.0,18.765999386123376,13.26910907511932,7.202230598631722,6.436574759655025,-10.46180672812405,4.99903500494883,2.570712534240914,0.08405544537757435,-1.038734592678328,5.0589463507630565,-20.379891807746297,-21.03614082282408,-25.01705681641078,45.6663105010986,65.34571289062498,1.0,347.525215914018,0.209747122228146,880.072265625,1510.9296875,145.390849088233,65.0750358581543,144.1630816037885,2.2221627728759223,44.6473123,-1.25821113167944,0.0,1842.5182342529279,1010.8151435852,1077.11219787598,966.808319091797,-63.5659496,2.0,206.298294067383,34.1338996887207,44.4049606323242,-93.7099990844726,99.9651551246643,32.5203090906143,-1.5274743709559702,1.0549822680203,2.18796337537143,-0.13039780215024085,59.0996704101562,93.7991409301758,2.0,7.0,2.0,0.0,0.0,24060101.0,-142.5522634503108,6.74382014729747,29.817927932739252,-52.13239013671874
2024-06-01 19:09:36+00:00,GER,GER,28.235644297674924,23.1674010349231,0.0,17.992722080561325,12.52113352231865,6.687470019427808,6.436721608722181,-10.4623962588268,4.998128596157285,2.31486567546848,0.328869072863618,-1.0337819478059576,5.069535662608832,-20.4997664941898,-21.548174491690524,-25.173895462113997,46.0702159881592,65.45005760192872,1.0,348.593894632315,0.207168513536453,898.228515625,1529.0859375,145.063833291151,65.2112663269043,143.688096588527,1.9832168223343674,44.647192,-1.15080256499958,0.0,1842.5522744655598,1241.70017242432,1245.22745609283,1138.57901096344,-63.5658317,2.0,210.481704711914,34.1338996887207,44.4049606323242,-94.7099990844726,99.9651551246643,32.5203090906143,-1.8434691242035002,-1.12898107109674,0.111998120296777,-1.1729803626573858,60.0996551513672,94.7991256713867,2.0,7.0,2.0,0.0,0.0,24060101.0,-141.93185687743073,6.02082285242364,30.06243724823,-50.42758169174195
2024-06-01 19:09:37+00:00,GER,GER,28.2656326701127,24.989626349817126,0.0,21.669234045200273,18.115971563473728,13.644147462680051,6.43657475965502,-10.4653413510195,4.997222635596907,2.1177105041679125,0.16706186474559,-1.0297112617823376,5.042555881778755,-19.983837909949123,-14.621484780545849,-25.198004749223674,46.5177612304688,65.17975959777833,1.0,349.287104191558,0.196678407490253,916.41015625,1547.267578125,145.063833291151,65.2112663269043,141.788620980347,0.6162396905785976,44.6470342,-1.15080256499958,0.0,1842.5295650959,1118.67737770081,1130.41591644287,1057.74867534637,-63.5656691,2.0,213.788299560547,34.1338996887207,44.4049606323242,-95.7099990844726,99.9651551246643,32.5203090906143,-1.53897427508416,1.22097966379199,-1.35797725028658,-0.8092364506133867,61.0996398925781,95.7991104125976,2.0,7.0,2.0,0.0,0.0,24060101.0,-141.29244530318576,5.3551304177994,29.8706176757812,-50.12014732360841
2024-06-01 19:09:38+00:00,GER,GER,26.93760253365242,22.67094147802474,0.0,18.96010380007034,15.119454278826282,10.424206365988393,6.43672160872218,-10.4632799145507,4.998309809613703,2.426798570126722,0.916736464454887,-1.075914108439398,5.104271742227356,-18.6240164872423,-16.51339616766402,-24.78132035041586,46.6839191436768,64.94063049316406,1.0,349.604598704937,0.181076614558697,934.517578125,1565.375,142.430126007573,64.8474952697754,140.941629711941,0.24279592540544614,44.6469185,-1.04689788536394,0.0,1842.5726890563958,1130.87117671967,1111.42206192017,1075.26874542236,-63.5655442,2.0,218.703399658203,34.1338996887207,44.4049606323242,-96.7099990844726,99.9632239341736,32.5144916772842,-1.84146905271545,-0.279995307412048,1.14598077161067,-2.4095595568597497,62.0996246337891,96.7990951538086,2.0,7.0,2.0,0.0,0.0,24060101.0,-141.21427037304016,4.66125790332015,29.24307346343995,-49.21698806762696
2024-06-01 19:09:39+00:00,GER,GER,25.49374254877512,21.812707718245157,0.0,18.4322257998767,14.431945024709922,11.153165391479277,6.43628106152071,-10.46254353478075,4.9983099803684325,2.563080608928388,1.1021848516006099,-1.1310049842138639,5.153644276906981,-16.046087602011177,-14.340576986541132,-23.671107934795064,46.3445274353027,64.37641387939453,1.0,350.059106813066,0.169114109873772,952.546875,1583.404296875,139.836716840097,64.4003242492676,138.17967879650598,-0.8087864131842345,44.6467941,-1.10427030045328,0.0,1842.536401748656,1067.18182563782,1042.59657859802,1057.25491046906,-63.5654001,2.0,223.35969543457,34.1338996887207,44.4049606323242,-97.620002746582,99.9651551246643,32.5086772441864,-1.990966739164805,1.44197577047305,2.30396111837599,-2.3389608432964804,63.099609375,97.7990798950195,2.0,7.0,2.0,0.0,0.0,24060101.0,-140.7255512133962,3.83565110343204,27.89619770050045,-50.320169305801386
2024-06-01 19:09:40+00:00,GER,GER,25.24484225919286,22.8612240596216,0.0,20.28427428200796,17.707774272351223,14.270424881972193,6.436574759655025,-10.4598934213828,4.9983099803684325,2.069194240422456,0.644079848460474,-1.1700839328944341,5.1973514258021725,-16.92421599529576,-10.974417206465935,-22.33427223307942,48.5754455566406,64.07407424926757,1.0,351.200486064888,0.156885999441147,970.416015625,1601.2734375,138.284938841805,64.0313278198242,136.5432132826955,-0.059399014258397685,44.6466737,-1.67774888470171,0.0,1842.4910068511958,985.67920923233,971.800923347473,999.652981758118,-63.5652516,2.0,228.568099975586,34.1338996887207,44.4049606323242,-98.620002746582,99.9651551246643,32.5047999620438,-1.4494756917076899,1.30097814772406,1.21197960890003,-0.649189118108249,64.0995941162109,98.7990646362305,2.0,7.0,2.0,0.0,0.0,24060101.0,-138.4010629859982,2.87151910255279,25.3671192169189,-46.84216964721679
2024-06-01 19:09:41+00:00,GER,GER,25.22146901034364,20.54029538530944,0.0,15.581898042242779,10.148416816926904,3.840977797211002,6.436574759655025,-10.46180672812405,4.998309809613703,1.7544735735872323,0.3314954406820465,-1.1822962470973961,5.207872905331758,-18.963519236164778,-21.38049198152888,-19.84536086179164,49.350458908081,64.11594314575196,1.0,353.023900686472,0.134753201901913,988.2109375,1619.068359375,137.80028227868,63.8805198669434,136.23071846778902,1.0203828989068788,44.6465548,-1.78681217142971,0.0,1842.5454854965199,1149.07395839691,1138.8304233551,1095.47078609467,-63.5651017,2.0,236.649703979492,34.1338996887207,44.4049606323242,-99.7099990844726,99.9690294265747,32.5086772441864,-1.389476695356505,-0.812986264488364,1.55497399321491,0.34119427061684743,65.0995788574219,99.7990493774414,2.0,7.0,2.0,0.0,0.0,24060101.0,-139.0820738273834,2.16228869428135,23.29638862609865,-48.150668792724595
2024-06-01 19:09:42+00:00,GER,GER,25.234216533901083,20.287020359563762,0.0,15.171749963715959,9.740197925331126,3.859994580652882,6.436721608722181,-10.4492916871305,4.998309809613702,2.983193165058002,0.0220619379059645,-1.1288337951427638,5.143122114358482,-18.94025014770038,-21.3742218678708,-18.43397330377586,50.0348831176758,64.88540084838866,1.0,356.135488985519,0.105603209137917,1006.037109375,1636.89453125,137.798287863442,64.503980255127,136.637702119673,0.9603839132278658,44.6464352,-1.31928700340281,0.0,1842.545461654662,1006.59739971161,1019.26517486572,997.691094875336,-63.5649503,2.0,242.523101806641,34.1338996887207,44.4049606323242,-100.709999084473,99.9709665775299,33.4335058927536,-2.46095877942085,1.33797749590143,3.41794277389027,0.8487857558688798,66.0995635986328,100.799034118652,2.0,7.0,2.0,0.0,0.0,24060101.0,-139.29266495194878,1.42941067699946,22.330925559997553,-50.79330515180319
2024-06-01 19:09:43+00:00,GER,GER,25.22359217464714,20.10672214849566,0.0,14.693741223709377,8.79634108487096,2.381668842237804,6.437015306856495,-10.45680062634925,4.998672407281267,2.44496952001726,-0.42816398845931,-1.0520325014168381,5.081609003806525,-18.85899821733394,-22.84192433559334,-19.61441679802786,50.4077247619629,65.00820602416994,1.0,359.569079722798,0.0789439961314201,1024.0703125,1654.927734375,138.506865348317,65.0004386901856,138.1916794388775,0.6451891939116454,44.6463135,-1.01351875089009,0.0,1842.481946945188,835.13480424881,918.828308582306,828.374445438385,-63.5647998,2.0,249.62370300293,34.1338996887207,44.4049606323242,-101.709999084473,99.9670922756195,35.775637626648,-1.351977302626695,2.24496215776884,-0.395993370581727,2.487758349978546,67.0995483398438,101.799018859863,2.0,7.0,2.0,0.0,0.0,24060101.0,-138.3935743665922,0.894197373802374,23.63257112503055,-48.16682693481446
2024-06-01 19:09:44+00:00,GER,GER,25.07716350563524,19.463005847525917,0.0,13.9986272369711,7.991322182688558,2.6769552303181254,6.436427910587865,-10.4631326385967,4.998672236526536,2.438791315092208,-0.119781394330377,-1.06234506253518,5.116412403477052,-17.85155351098402,-22.40020831800578,-19.42638647130984,49.7048606872559,65.14389541625977,1.0,0.72858956561763,0.0616612829267979,1042.125,1672.982421875,140.71689599768,64.9432342529297,140.548641117666,-0.7703870789982521,44.646188,-0.658354997186653,0.0,1842.5908088684077,1047.81579971313,1027.66311168671,975.811243057251,-63.5646552,2.0,253.983703613281,34.1338996887207,44.4049606323242,-102.620002746582,99.9651551246643,35.7775747776032,-1.75097059367751,-0.825986142191308,-1.86096870918731,0.8389858838240787,68.0995330810547,102.799003601074,2.0,7.0,2.0,0.0,0.0,24060101.0,-138.4646875641546,0.834558189682232,24.05425214767455,-49.05060556851899
2024-06-01 19:09:45+00:00,GER,GER,24.5717353127151,21.92712841325902,0.0,19.72134580005062,17.4074440243566,15.342423755224598,6.436427910587865,-10.45842066184305,4.997947468078233,2.272708904809684,-0.07775175190153102,-1.0257082479923494,5.040599865010853,-16.356598246963703,-9.22931172824522,-19.06157138283272,51.055269241333,65.34893463134765,1.0,0.104806898266212,0.0457064241170883,1060.232421875,1691.08984375,141.639736516819,65.4661560058594,140.60063934781698,-0.697788288610844,44.6460597,-1.15493194796138,0.0,1842.5545454025257,861.073791980744,857.378780841827,905.07161617279,-63.5645135,2.0,260.619293212891,34.1338996887207,44.4049606323242,-103.620002746582,99.9670922756195,35.7775747776032,-1.9244678039621501,1.02098276027074,1.16598041927411,0.9849834349974376,69.0995178222656,103.798988342285,2.0,7.0,2.0,0.0,0.0,24060101.0,-137.58401936502742,1.06070233800677,23.06948575973515,-47.801007614135756
2024-06-01 19:09:46+00:00,GER,GER,21.50822266617838,18.502276220004358,0.0,16.37481675204632,13.9959190669652,10.985881678987798,6.435840514319245,-10.4648995231576,4.998309980368431,1.87004095064106,-0.684007640244487,-1.0460619982755754,5.075943276512634,-15.55171099667756,-10.522340816435861,-17.70051275673514,51.4021007537842,64.90545776367188,1.0,355.386490441136,0.0304069731384516,1078.373046875,1709.23046875,142.959151479547,65.0314476013184,142.347617322399,1.5505739213185656,44.64593,-1.10557038427311,0.0,1842.5454616546617,922.489702701569,941.252052783966,912.226438522339,-63.5643757,2.0,265.364410400391,34.1338996887207,44.4049606323242,-104.620002746582,99.9632239341736,35.7736974954605,-1.33147766377167,0.0919984526230132,2.20296311111902,2.010766326318592,70.0995025634766,104.798973083496,2.0,7.0,2.0,0.0,0.0,24060101.0,-137.7100500155924,1.40403663095456,21.637293434143103,-47.53413459777833
2024-06-01 19:09:47+00:00,GER,GER,19.631268582257558,16.9472033384569,0.0,14.780031443117101,12.44565839519742,9.328007449487714,6.438043463769985,-10.46637185581055,4.998309809613703,2.2112910753966455,-0.35671399320161495,-1.096539252020426,5.563463567202654,-14.30241765879928,-10.303260962015141,-16.92338476127376,51.5250789642334,64.15656234741209,1.0,230.669394536481,0.00457165217958391,1096.388671875,1727.24609375,144.684156735569,64.5157287597656,144.50608004352802,2.2809618223838117,44.6457982,-0.769003794936595,0.0,1842.5454616546617,921.367108821869,982.679903507233,864.459156990051,-63.5642449,2.0,259.400787353516,34.1338996887207,44.4049606323242,-105.709999084473,99.9632239341736,35.775637626648,-1.49197494299251,1.54897399219418,1.21097962651686,1.558573887105653,71.0994873046875,105.798957824707,2.0,7.0,2.0,0.0,0.0,24060101.0,-136.5664823711596,1.9555781416928,20.65522298812865,-46.35968041419981
2024-06-01 19:09:48+00:00,GER,GER,18.6193697387952,17.1262007399976,0.0,16.1371577585548,14.9554897821393,14.01305387715863,6.43657475965502,-10.4644576952957,4.9972225288752,2.7854931901215947,0.591542833777529,-1.22544618062236,5.74638457091206,-13.134186542783251,-4.606316181801669,-17.65153278717805,50.8822860717773,63.3123310089111,1.0,230.669394536481,0.00457165217958391,1114.181640625,1745.0390625,145.707605941182,63.6381820678711,145.116562351544,1.2784786241439665,44.6456666,-0.681759280707937,0.0,1842.4955606460549,950.053334236145,1019.90294456482,867.634057998657,-63.5641189,2.0,244.237106323242,34.1338996887207,44.4049606323242,-105.709999084473,99.9535441398621,35.7659429311752,-1.97696687907869,-2.28196171938962,-4.26692803064686,-3.03994927296863,71.0994873046875,105.798957824707,2.0,7.0,2.0,0.0,0.0,24060101.0,-136.57317049239498,2.8933178647323,20.5175428390503,-45.78319816589355
2024-06-01 19:09:49+00:00,GER,GER,18.4074960754583,18.3418668367804,0.0,18.415009966564238,18.53525647143068,18.0687135699838,6.4359873633864,-10.46018754640395,4.996860187339732,1.954353958350118,3.315490363226905,-1.311745940950588,5.856461692500642,-13.34799707701402,-0.33878291235101327,-19.891218410369618,50.608650970459,61.96409912109376,1.0,176.142805939353,0.0637001775205135,1131.75,1762.607421875,143.668439304096,62.7775131225586,140.1331470500755,1.142380824359078,44.6455399,-1.87556375622657,0.0,1842.5454378128038,895.598471164704,924.175143241882,919.547915458679,-63.5639891,2.0,232.651397705078,34.1338996887207,44.4049606323242,-107.709999084473,99.9516069889069,35.7620656490326,-1.554474002023325,1.23397932805153,-0.734987691961786,-7.847267858186919,73.0994567871094,107.798927307129,2.0,7.0,2.0,0.0,0.0,24060101.0,-135.23097275067158,3.56629405577612,20.773947429657,-43.55128166198729
2024-06-01 19:09:50+00:00,GER,GER,18.399398203178343,18.13735867868974,0.0,17.849021218349257,17.44288929105436,16.187603145198302,6.4351062689834695,-10.3730176840085,4.996860272717098,2.485309129519544,6.71871557355968,-1.355167203740336,6.065553078279139,-13.70619115086446,-2.211795527555534,-23.80515586140788,49.4286609649658,60.41170074462891,1.0,172.888507667787,0.0922377683222294,1148.91796875,1779.775390625,136.062613851937,61.1291793823242,129.5238347028625,2.5455573744145803,44.6454283,-2.80645258608513,0.0,1842.6906108856201,905.061304569244,935.523331165314,895.600855350494,-63.5638425,2.0,217.003997802734,34.1338996887207,44.4049606323242,-108.709999084473,99.9554753303528,49.3359446525574,-1.9769668790786898,-1.00398316647851,-0.317994664653017,-16.87431668227638,74.0994415283203,108.79891204834,2.0,7.0,2.0,0.0,0.0,24060101.0,-130.2794435043246,4.01406759738382,21.69032049179075,-42.1564240399529
2024-06-01 19:09:51+00:00,GER,GER,18.34270490099158,15.58927703711262,0.0,12.26846621265438,8.746293385991885,4.961143079112985,6.43804346376999,-10.3183889772531,4.997222614252566,1.0098282289268012,8.37987755730543,-1.162485326098452,6.33723708600791,-15.69514121264378,-13.38156165112386,-27.9313834465677,53.1938919067383,57.99214668273926,1.0,171.696202525513,0.0894408144056797,1165.642578125,1796.5,119.863672763471,59.0205390930176,110.50964673286799,4.425925784524108,44.6453498,-4.3961957639917,0.0,1842.708754539492,976.464629173279,1064.27943706512,852.418661117554,-63.5636677,2.0,208.506805419922,34.1338996887207,44.4049606323242,-109.620002746582,99.9477326869964,52.0367622375488,-0.84698579891835,1.11298124624428,2.3939597463049,-19.77266749996464,75.0994262695312,109.798896789551,2.0,7.0,2.0,0.0,0.0,24060101.0,-108.80027441381912,4.39662435836212,23.22751893997195,-25.836201095581043
2024-06-01 19:09:52+00:00,GER,GER,18.31638920664788,13.93354987757814,0.0,8.973249131544545,3.8536816075577676,-2.15906947671514,6.4376027031251155,-10.29909881548965,4.998309809613702,1.369249474327654,8.948307671261865,-1.1646563444148241,6.345600908778686,-16.469129711653178,-20.475458107065798,-25.891071386758238,64.2780876159668,56.215555114746095,1.0,169.661502832145,0.0890903636813164,1181.697265625,1812.5546875,100.425876461152,56.8537673950195,90.62598251172065,5.328910687613552,44.6453187,-4.62014742159266,0.0,1842.5817728042598,1165.12942314148,1192.90387630463,926.751554012299,-63.5634739,2.0,201.19580078125,34.1338996887207,44.4049606323242,-110.620002746582,99.957412481308,52.0929872989655,-1.06198219806335,0.61998961117528,1.72897103460858,-20.99744814268542,76.0994110107422,110.798881530762,2.0,7.0,2.0,0.0,0.0,24060101.0,-80.93409570967212,4.72346385118604,24.85930881500245,8.464475212097167
2024-06-01 19:09:53+00:00,GER,GER,18.342705242501022,13.929594002765601,0.0,9.376383288812708,4.675278659516257,-0.43408493537649095,6.436574759655025,-10.306461759414901,4.997947382700868,1.571310589082138,8.14031678301687,-1.074014504765172,6.423841323362737,-16.128865055128763,-18.7767904019931,-22.6386483436289,68.9596778869629,54.10929954528806,1.0,167.643291215433,0.0876177974045276,1.53125,1828.123046875,79.4420326892559,54.9662338256836,70.0138273891724,5.157913486647696,44.6453375,-4.76563984242404,0.0,1842.599892616272,1133.71789455414,1150.54833889008,867.192208766937,-63.5632838,3.0,200.625396728516,34.1338996887207,44.4049606323242,-111.620002746582,99.9593496322632,52.1356403827667,-0.9299844167629185,-0.492991688429855,-0.994983325029965,-17.99389772687224,0.200000002980232,111.798866271973,2.0,7.0,3.0,0.0,0.0,24060101.0,-65.66603290696037,5.00270759766555,25.11076440811155,20.559733772277838
2024-06-01 19:09:54+00:00,GER,GER,18.352826558322597,12.67956300445694,0.0,6.368117737283377,-0.6995649648882638,-7.816111395335038,6.43745585405796,-10.319272206090101,4.998672407281266,3.08167958369112,4.24694001564935,-0.8859460570538342,6.614047406840872,-14.86850988438016,-26.168938508610516,-19.80750419680738,70.3214881896973,51.88626480102539,1.0,167.200599334568,0.0748490743339062,16.509765625,1843.1015625,60.8373282203823,52.8981983184814,55.12457507405655,3.9929330711010977,44.6453962,-3.4988284353625,0.0,1842.6270723342882,988.775968551636,1045.39811611176,787.293016910553,-63.5631179,3.0,201.518707275391,34.1338996887207,44.4049606323242,-112.709999084473,99.9632239341736,49.7120797634125,-0.7779869877990431,-0.975983659749693,-3.45194196147471,-7.259078135027686,1.20000016689301,112.798851013184,2.0,7.0,3.0,0.0,0.0,24060101.0,-58.00783219820748,5.24129464311056,24.919665813446052,29.671799468994134
2024-06-01 19:09:55+00:00,GER,GER,18.33865459881376,10.747316490148119,0.0,2.415955602130648,-6.38269165342489,-15.30600843090996,6.4376027031251155,-10.3323776315601,4.9986724072812665,4.4626710069756745,0.31258250679804267,-0.8873029701819923,6.613777272859197,-11.301446322416671,-33.6446635419879,-19.457957996219882,67.3734169006348,50.2911557006836,1.0,168.830787904531,0.0647949546575546,30.86328125,1857.455078125,52.9081991789549,50.5236545562744,51.891127662479406,0.47359208088912386,44.6454704,-1.37881658433112,0.0,1842.563605308532,1109.43758487701,1079.21457290649,896.204829216004,-63.5629732,3.0,209.166198730469,34.1338996887207,44.4049606323242,-113.709999084473,99.9593496322632,42.4006819725037,-1.37997686271637,-2.07796509977908,-4.71392122314188,1.0397825758167183,2.20000004768372,113.798835754395,2.0,7.0,3.0,0.0,0.0,24060101.0,-58.06307886632808,4.54660848234643,24.8425778388977,26.706325607299803
2024-06-01 19:09:56+00:00,GER,GER,18.34473107660888,11.07298417864258,0.0,3.4697245083892283,-4.640958324974777,-13.01722826173798,6.434665721782006,-10.3345859170961,4.9986724072812665,3.352426404088404,0.315735299440558,-0.789062288948607,6.658293884548405,-8.767385522413067,-31.361959679856263,-20.200092200487582,66.9640525817871,49.894485397338876,1.0,175.412699698214,0.050425811111927,44.818359375,1871.41015625,54.6402702656731,50.0113655090332,53.06310957687815,-1.952567308929288,44.6455427,-2.01488040538779,0.0,1842.536377906798,968.835175037384,947.918176651001,965.122163295746,-63.5628299,3.0,216.071304321289,34.1338996887207,44.4049606323242,-114.709999084473,99.7619032859802,34.9865257740021,-1.542974151255995,0.710988061404801,-3.12694747350034,1.598973180721893,3.1999990940094,114.798820495605,2.0,7.0,3.0,0.0,0.0,24060101.0,-58.42657743584264,3.03883589877306,24.8298397064209,25.55399797102984
2024-06-01 19:09:57+00:00,GER,GER,18.37104984453764,12.70886297920374,0.0,6.79539439345605,0.35569199413054,-6.062942537289673,6.434665721782006,-10.33532144309235,4.997585041165399,3.93934805993955,0.06146517916584898,-1.115264663861182,6.365295844627781,-9.049287066253356,-24.433992936780196,-19.249717481257182,67.5207572937012,49.86637756347654,1.0,207.119899485896,0.0296530310064554,58.67578125,1885.267578125,56.3955537502855,49.8348289489746,54.668081088426106,-1.602973147607178,44.6456113,-2.12437516797226,0.0,1842.590832710266,872.575581073761,889.882504940033,982.595980167389,-63.562684,3.0,224.550506591797,34.1338996887207,44.4049606323242,-115.620002746582,64.9051487445831,34.963259100914,-2.193463171757175,-1.51697455593267,-0.767987057245616,0.7253877837100969,4.19999837875366,115.798805236816,2.0,7.0,3.0,0.0,0.0,24060101.0,-55.19130602224758,1.93055275546069,24.8479319572449,29.937215178353455
2024-06-01 19:09:58+00:00,GER,GER,18.326509156431662,11.48929155100818,0.0,4.0346134040487724,-4.0175235450377995,-12.477756527692454,6.43642791058787,-10.3357636978411,4.997947382700868,3.50215478017698,-0.03519953330011255,-1.1187926059778819,6.370961657299036,-10.89862106045374,-30.80426551336936,-19.11642599809496,67.9015365600586,49.401445083618164,1.0,268.7166081382,0.0323774613440037,72.52734375,1899.119140625,57.4661039404149,49.7029483795166,55.461069466159145,-0.06539889988629222,44.6456777,-2.51160612622037,0.0,1842.5182342529279,755.174338817596,736.614048480988,782.476544380188,-63.5625369,3.0,231.407196044922,34.1338996887207,44.4049606323242,-116.620002746582,34.65156853199,34.9322378635406,-1.15398063067605,2.77395326535374,4.06693155401243,1.9901664971261765,5.19999742507935,116.798789978027,2.0,7.0,3.0,0.0,0.0,24060101.0,-54.16753238264896,1.63794456993129,24.902305698394798,30.359439325332648
2024-06-01 19:09:59+00:00,GER,GER,18.32043745976896,10.947078520539302,0.0,2.841127919708721,-5.621812763376331,-14.17408164863456,6.437309004990805,-10.332818605648349,4.997584955788033,3.9778701561036924,0.45180137386386654,-1.112279380274038,6.4052255574025,-11.374687294660358,-32.49451842538462,-19.375265578957404,67.7367622375488,49.434651947021464,1.0,296.539875495867,0.058158103376627,86.234375,1912.826171875,59.520474578593,49.2327129364014,57.837031023670804,0.3633939022016316,44.6457403,-2.25439721033356,0.0,1842.5545454025257,902.815580368042,849.350988864899,850.3497838974,-63.562388,3.0,239.616500854492,34.1338996887207,44.4049606323242,-117.620002746582,30.6116908788681,34.9264204502106,-0.8574856139416575,0.455992340252484,0.424992886374146,2.203362976006236,6.19999647140503,117.798774719238,2.0,7.0,3.0,0.0,0.0,24060101.0,-53.651884519183184,1.69430270192889,25.001469326019247,30.914136886596665
2024-06-01 19:10:00+00:00,GER,GER,18.31638852362898,10.873847622824655,0.0,3.0307931269097907,-5.300433340762852,-13.82059195295236,6.43393126300282,-10.3370891814269,4.9972225288752,2.530736504245888,1.801952673107225,-1.104952145431522,6.4057651423469295,-10.83491673983867,-32.136980903468164,-21.04496884232632,68.1417251586914,49.64639282226564,1.0,301.16667296039,0.0782843269407749,99.974609375,1926.56640625,62.7383133003694,49.4355033874512,59.7049955541155,-1.4379758409403582,44.6457974,-3.43441953804587,0.0,1842.5272941589342,1202.25262641907,1049.08692836761,1063.88795375824,-63.5622339,3.0,246.400207519531,34.1338996887207,44.4049606323242,-118.620002746582,30.6116908788681,34.9244832992554,-0.4439925583245245,-0.653988958842281,-4.23692898603852,1.1101814049611491,7.19999551773071,118.798759460449,2.0,7.0,3.0,0.0,0.0,24060101.0,-56.73389536704904,2.12364198985354,25.26012954711915,27.61669607162478
2024-06-01 19:10:01+00:00,GER,GER,18.3548544414872,12.522724444131061,0.0,6.323724581263414,-0.5532787826938378,-7.829332208313302,6.436721608722181,-10.33031534131755,4.997222614252566,3.7078501532114623,1.8881100133190851,-1.0946395843131778,6.406034849441779,-9.067215629805725,-26.18418622291366,-20.20494504989288,67.5465408325195,50.64870231628418,1.0,303.492898787913,0.0949736684560776,113.783203125,1940.375,64.8225045444638,50.2117080688477,60.113492092901055,-2.5309575462428997,44.6458516,-4.56948150521633,0.0,1842.5364017486559,1139.13440704346,1046.08047008514,1127.96211242676,-63.5620753,3.0,240.15739440918,34.1338996887207,44.4049606323242,-119.709999084473,30.6078195571899,34.9225431680679,-2.161463735495665,-0.311994770353984,3.05394854608536,-0.345994166045754,8.19999504089356,119.79874420166,2.0,7.0,3.0,0.0,0.0,24060101.0,-57.0758187350134,2.25529666086989,23.6925968170166,26.19458061218258
2024-06-01 19:10:02+00:00,GER,GER,18.336630472253198,12.363131610022359,0.0,5.782745253713349,-1.4711529725695067,-8.667989194516464,6.43642791058787,-10.33267175658125,4.997222614252566,3.239766361087816,1.325461120886535,-1.093825404419772,6.4057651423469295,-9.630636909911702,-27.00462034978858,-20.05895556204462,66.5689430236816,50.88478065490724,1.0,305.132909169904,0.109375099092722,127.8671875,1954.458984375,63.233850354843,50.7525993347168,60.0719952785986,-1.86316875580765,44.6459079,-3.40096142950974,0.0,1842.5182342529279,946.446716785431,924.767076969147,988.222539424896,-63.5619158,3.0,236.576095581055,34.1338996887207,44.4049606323242,-120.709999084473,30.6136280298233,34.928360581398,-1.467975312435525,-1.03898254988954,-2.88795168392219,0.6987882763301,9.19999885559082,120.798728942871,2.0,7.0,3.0,0.0,0.0,24060101.0,-59.251100113954735,2.34503894326151,22.70121631622315,24.481030011177047
2024-06-01 19:10:03+00:00,GER,GER,18.3103147779095,10.8959156225235,0.0,2.46574823613291,-6.81472092597679,-15.7676812367239,6.43686845778934,-10.3322303556061,4.9972225288752,2.81638389458174,1.36801528048897,-1.09518241359746,6.40603484944178,-12.046063129693,-34.0779960146334,-19.7582209668511,66.9391891479492,51.2700828552246,1.0,305.132909169904,0.109375099092722,127.8671875,1954.458984375,64.4089639109762,51.2197860717773,60.8039832368543,-1.13598084105724,44.6459412,-3.71621243918967,0.0,1842.65434741974,1086.07923984528,1030.83372116089,1088.32728862762,-63.5618192,3.0,236.576095581055,34.1338996887207,44.4049606323242,-120.709999084473,30.6097567081451,32.3555082082748,-1.2639789062684,0.810986406443725,0.0789986749716683,2.24396238882907,9.19999885559082,120.798728942871,2.0,7.0,3.0,0.0,0.0,24060101.0,-58.492647221722,2.16075424959563,22.6223413467407,26.3216972351074
2024-06-01 19:10:04+00:00,GER,GER,18.3280258853142,10.778288879401874,0.0,2.5358155182900703,-6.616768703616595,-16.231214159180926,6.43716215592365,-10.3272229731708,4.99767566923795,3.1952477643748853,2.74233226426093,-1.0934861521253498,6.406371983310345,-9.975193742687914,-34.559241752042425,-20.180714697680152,66.9391891479492,52.75897836685181,1.0,305.132909169904,0.109375099092722,127.8671875,1954.458984375,64.4089639109762,51.2197860717773,59.7009964783565,-1.79446988070636,44.6460244,-3.71621243918967,0.0,1842.5749540328975,1086.07923984528,1030.83372116089,1088.32728862762,-63.5615711,3.0,236.576095581055,34.1338996887207,44.4049606323242,-120.709999084473,30.6097567081451,32.3555082082748,-1.92096786562105,0.810986406443725,0.0789986749716683,-1.505224736249965,9.19999885559082,120.798728942871,2.0,7.0,3.0,0.0,0.0,24060101.0,-61.01689560120925,2.16075424959563,22.7277551651001,26.3216972351074
2024-06-01 19:10:05+00:00,GER,GER,18.34068350650672,11.28508187218426,0.0,3.973050774625328,-3.8500386407865803,-11.649471439876057,6.436721608722181,-10.329873940342448,4.997947553455598,2.712082338266638,2.151312046676615,-1.092197108665982,6.406304556536632,-8.58275748367535,-29.990154434118562,-20.04677870079234,68.0771049499512,53.03384582519531,1.0,305.646074942625,0.134196804463863,171.06640625,1997.658203125,64.4089639109762,51.2197860717773,58.6135210794637,-2.47295848264155,44.6460791,-3.71621243918967,0.0,1842.581748962402,978.268265724182,931.636393070221,1077.71682739258,-63.561423,3.0,217.602401733398,34.1338996887207,44.4049606323242,-123.709999084473,30.6097567081451,32.3555082082748,-2.156463823579805,0.810986406443725,0.0789986749716683,-1.2045798139697546,12.2000102996826,123.798683166504,2.0,7.0,3.0,0.0,0.0,24060101.0,-60.67899487315658,1.60548174802328,23.092775058746348,24.13001085008893
2024-06-01 19:10:06+00:00,GER,GER,18.3629485571631,12.515023576596601,0.0,6.388266880712277,-0.1640394580130906,-6.677099615144921,6.436427910587865,-10.3216281944669,4.997584955788034,3.4490958643362526,2.78015817204958,-1.091654343414718,6.4057651423469295,-8.792943407268337,-25.0400482576854,-18.51212740184428,68.6258583068848,53.39413970947264,1.0,305.283992954344,0.134794306755066,185.814453125,2012.40625,60.8536523724986,53.41926612854,56.7790483816142,-1.651572334118028,44.6461438,-3.44821587983906,0.0,1842.5545215606678,745.341002941132,761.190950870514,833.37414264679,-63.5612597,3.0,205.274200439453,34.1338996887207,44.4049606323242,-124.620002746582,30.6078195571899,29.7051012516022,-2.35146049502008,0.963983871151627,1.01398299031024,-3.1549470229178462,13.2000141143799,124.798667907715,2.0,7.0,3.0,0.0,0.0,24060101.0,-58.20923671833932,1.07470262497971,22.251762199401853,28.9569354057312
2024-06-01 19:10:07+00:00,GER,GER,18.362949240181997,12.5958600607068,0.0,6.370602901612885,-0.5610687014876443,-7.689489976095459,6.43716215592365,-10.32575106740465,4.996860272717098,3.3484284809237836,1.211983397520591,-1.0927398739172458,6.4057651423469295,-9.265958083708545,-26.05243904552274,-17.54992791761332,67.811661529541,52.34540748596195,1.0,304.658511550911,0.134035107493401,200.626953125,2027.21875,57.321276609254,52.6923454284668,54.3835883415694,-0.7341877060552486,44.6462138,-2.86526499715058,0.0,1842.5817489624017,759.091138839722,808.774411678314,815.658807754516,-63.5611026,3.0,191.222595214844,34.1338996887207,44.4049606323242,-125.620002746582,30.6116908788681,29.7031611204147,-1.272978694356095,3.15294701546282,5.61590618653684,0.041399300011798215,14.2000179290772,125.798652648926,2.0,7.0,3.0,0.0,0.0,24060101.0,-55.652038481767576,0.643639674784978,21.7135668754578,31.105265350341803
2024-06-01 19:10:08+00:00,GER,GER,18.364973708252002,12.07128240792014,0.0,5.49491382501302,-1.6122831650214102,-8.664620545217804,6.436721608722181,-10.334143662347351,4.9972225288752,2.824378972514698,-0.05936523116892705,-1.0938254044197717,6.4057651423469295,-9.346828035745686,-27.029593911960358,-17.078780444137482,66.9760551452637,51.32848960876466,1.0,304.174415063297,0.133604304492474,215.138671875,2041.73046875,57.0699495534596,51.6059246063232,55.83806517249255,-0.8517857090214921,44.6462833,-2.24709765910152,0.0,1842.572665214538,1034.23893451691,931.422114372254,942.486822605133,-63.5609496,3.0,176.254501342773,34.1338996887207,44.4049606323242,-126.709999084473,30.6116908788681,29.6992838382721,-0.655489039138745,0.0259995636403232,-1.5659735859864,3.3279441032726824,15.2000217437744,126.798637390137,2.0,7.0,3.0,0.0,0.0,24060101.0,-54.39590112358618,0.401082715287033,21.40786199569705,31.389011993408186
2024-06-01 19:10:09+00:00,GER,GER,18.3629502647104,12.07128548150526,0.0,5.566681610830106,-1.566229056405694,-8.741841468690867,6.436868457789335,-10.33546957281995,4.997222614252566,3.14055303957228,0.465984159956272,-1.0940967550288918,6.4057651423469295,-8.873050768684646,-27.104791904156002,-17.2514664093756,66.3714363098144,51.03386512756348,1.0,303.74539722115,0.133759805560112,229.3828125,2055.974609375,61.0832355210703,50.9819664001465,58.96851333138595,-1.2061797751106578,44.6463459,-2.86744574848652,0.0,1842.6089763641357,1148.442029953,1023.53692054749,1042.74356365204,-63.5607935,3.0,164.937103271484,34.1338996887207,44.4049606323242,-127.709999084473,30.6097567081451,29.6973466873169,-1.3294776456444701,1.18198013740487,0.724987814769212,2.481758370302148,16.2000255584717,127.798622131348,2.0,7.0,3.0,0.0,0.0,24060101.0,-53.86726838748929,0.709721328118028,21.0872071266174,31.69462194442751
2024-06-01 19:10:10+00:00,GER,GER,18.34270490099158,11.41227433792714,0.0,3.968344688909826,-4.320808575556058,-12.732905074327439,6.43628106152071,-10.33267175658125,4.996860187339732,3.253940156210014,0.933547561034274,-1.0940967550288918,6.406034849441783,-10.63007099964826,-31.07561014607374,-17.62761824583708,67.1967704772949,51.12363990783692,1.0,303.439076897254,0.134912900626659,243.55859375,2070.150390625,63.7264572581627,51.066784286499,61.242973155189404,-0.8695853954419558,44.6464028,-3.04193104168414,0.0,1842.545437812804,1004.61041927338,936.750650405884,986.564457416534,-63.5606335,3.0,152.756301879883,34.1338996887207,44.4049606323242,-128.710006713867,30.6136280298233,29.6837747097015,-1.376976915566855,1.32997774355776,1.01998288460927,1.6283726467789,17.2000293731689,128.79866027832,2.0,7.0,3.0,0.0,0.0,24060101.0,-53.234742326946254,1.4555610167322,21.9831979751587,32.08550685002253
2024-06-01 19:10:11+00:00,GER,GER,18.3447290275521,11.27276260148776,0.0,3.7515660959752166,-4.29570481290323,-12.37929491118376,6.436134212453555,-10.3313462729954,4.997222699629932,4.08289852992385,0.1245058108328698,-1.0949109989553178,6.405225728157229,-11.07447572120258,-30.72402410949058,-17.6339959349746,67.2525123596191,51.23392890930175,1.0,303.266191148982,0.136150713264942,257.763671875,2084.35546875,65.1053495081832,50.9694831848144,63.3719362892932,-1.0391825890548572,44.646456,-2.83400706330084,0.0,1842.590832710266,994.978666305542,965.218663215637,1002.96998023987,-63.5604708,3.0,141.807693481445,34.1338996887207,44.4049606323242,-129.710006713867,30.6097567081451,29.6779572963715,-1.28997834150917,-0.0609989787343558,0.127997865107958,3.669138476609168,18.2000331878662,129.798721313477,2.0,7.0,3.0,0.0,0.0,24060101.0,-53.61636207134781,2.4622148938979,22.367215633392348,30.346933610098688
2024-06-01 19:10:12+00:00,GER,GER,18.328533624501603,11.11850414512086,0.0,3.587008525424892,-4.7165409848867235,-12.994088093094135,5.876869785476449,-10.3360586766359,3.758261196810044,1.887484698828402,2.0194477742301102,-1.095182413597462,6.406304556536632,-11.59326615470548,-31.32262086382214,-19.375626895964523,68.2974906921387,51.53594993591308,1.0,303.154613178701,0.137546199560165,272.005859375,2098.59765625,69.4736857843241,51.428759765625,66.61638884317055,-2.198963181586326,44.6465024,-3.41279366502973,0.0,1842.627096176148,1155.47251701355,1039.74223136902,1040.29250144958,-63.5603029,3.0,129.154403686523,34.1338996887207,44.4049606323242,-130.710006713867,30.6174993515015,24.5632737874985,-0.4929917417907075,1.76997031231864,-0.847985701260243,2.108564603392834,19.2000370025635,130.798782348633,2.0,7.0,3.0,0.0,0.0,24060101.0,-55.900696299634276,3.65732852458135,23.0000796318054,28.7652169418335
2024-06-01 19:10:13+00:00,GER,GER,18.407502222628562,13.48149722245546,0.0,8.354158906872565,2.892913773665526,-2.8703519726340203,-1.6425023338201004,-10.32604561931265,0.3106999799307618,2.6074174372320345,2.04466643347139,-1.0949109989553178,6.40549543525208,-9.22437845336244,-21.277854387361664,-19.030248818317983,68.8107925415039,52.720267868042015,1.0,303.11857710064,0.13809370547533,286.341796875,2112.93359375,73.0955097049392,52.03059425354,68.06835728712105,-2.410359649487996,44.6465424,-5.03700368503547,0.91732731088996,1842.6452636718757,1192.41261482239,1066.13624095917,1181.48946762085,-63.5601293,3.0,116.340301513672,34.1338996887207,44.4049606323242,-131.619995117188,30.6116908788681,24.5225578546524,-2.628955819793775,-1.98596650708383,3.68793801734676,-0.5863901283955014,20.2000408172607,131.798843383789,2.0,7.0,3.0,0.0,0.0,24060101.0,-54.29976074686692,4.72441580880161,23.22566499710085,26.261138191223118
2024-06-01 19:10:14+00:00,GER,GER,18.39535029156674,13.55081834913444,0.0,8.416605277397242,2.723907145955906,-4.206335544217659,-10.4996745775431,-10.3186831022742,-0.5868039187978015,3.8681181515196004,1.683224135095125,-1.093554053810652,6.40549543525208,-8.3340429752385,-22.601686433425918,-17.79093933870422,70.7661254882812,52.61250022888182,1.0,303.113003666277,0.138204400241375,301.0078125,2127.599609375,70.3690894335669,52.8619331359863,66.85437995461045,0.28379521645571976,44.6465855,-3.36850458401725,378.4655306488277,1842.6089763641357,685.386776924133,698.993146419525,831.433475017548,-63.5599543,3.0,100.894401550293,34.1338996887207,44.4049606323242,-132.619995117188,30.6213706731796,24.4934752583504,-2.030965874409135,2.54695726437366,4.14093025036717,-0.8575855854995467,21.200044631958,132.798904418945,2.0,7.0,3.0,0.0,0.0,24060101.0,-51.713907817670204,6.1226234069081,23.456484317779548,35.67324600219725
2024-06-01 19:10:15+00:00,GER,GER,18.3589023530988,13.521102757376658,0.0,8.399041445946553,2.769997262475152,-4.095047686221328,-10.855529994621701,-10.32840118080265,-2.5539906089827937,2.172768509656998,2.13555191877534,-1.09246858734115,6.406034849441783,-12.491612420197459,-22.453950124697457,-18.96779766666088,69.175456237793,50.885408935546856,1.0,303.153684272974,0.138552296161652,315.595703125,2142.1875,69.8998417772087,51.5283748626709,65.82689410719794,4.0627318414465154,44.6466301,-3.55591088757724,1444.5449590682979,1842.5908088684077,1026.70955657959,975.231528282166,905.268549919128,-63.559784,3.0,84.0787887573242,34.1338996887207,44.4049606323242,-133.710006713867,30.627179145813,24.427555501461,0.16299727103059397,2.43495923745837,6.87888414992671,-3.062348675580444,22.2000484466553,133.798965454102,2.0,7.0,3.0,0.0,0.0,24060101.0,-52.804045624301395,7.37667345927912,23.62690801620485,29.737881920554404
2024-06-01 19:10:16+00:00,GER,GER,18.300196194163618,13.558739661024358,0.0,8.422460115553775,2.8448957081869963,-3.343205051067332,-10.84789341624275,-10.3250146876348,0.4970152541523306,1.9641664215551693,6.57844974154724,0.13771037009533182,5.1754977232885295,-15.938514171640202,-21.643401330608302,-19.380771735956802,67.863166809082,48.84453300476072,1.0,303.252885940479,0.139160098135471,329.630859375,2156.22265625,66.8383802364797,49.2213455200195,60.99147875976035,4.9407170568906045,44.6466781,-3.73997850929356,1808.4966897964482,1842.6815748214735,1587.06200122833,1481.00078105926,1221.2598323822,-63.5596234,3.0,71.7352294921875,34.1338996887207,44.4049606323242,-134.710006713867,30.627179145813,24.3926554918289,-0.799486555676393,-3.0169494113514,0.0819986221211848,-12.674387343236008,23.2000522613525,134.799026489258,2.0,7.0,3.0,0.0,0.0,24060101.0,-50.987282923950815,8.15373468964136,23.8388557434082,32.6006546974182
2024-06-01 19:10:17+00:00,GER,GER,10.508523247695376,5.150442647077887,0.0,3.339130149536333,1.3575793010539794,-2.004180148324721,-10.84936190691435,-10.3186831022742,2.39170565581275,1.1006829890516574,16.46923686024575,2.298461321990252,3.0516676897894,-8.433986700108386,-12.512703286630362,-20.835291597071762,66.6813743591309,44.87597259521482,1.0,303.340612890179,0.139680916070938,343.146484375,2169.73828125,54.0249453535358,47.241911315918,40.6693198089925,1.981366854925502,44.6467449,-5.89656762415595,1806.8346023559577,1842.6543474197401,1269.04714107513,1297.65176773071,1062.48891353607,-63.5594883,3.0,59.2680397033691,34.1338996887207,44.4049606323242,-135.710006713867,30.6233048439026,24.386839568615,-0.49799167371688874,1.80496990917308,-4.83791861176841,-33.57923579389052,24.2000560760498,135.799087524414,2.0,7.0,3.0,0.0,0.0,24060101.0,-47.07573740515988,8.79969556152708,24.04392414093015,29.275433006286637
2024-06-01 19:10:18+00:00,GER,GER,-14.439402310623095,-11.916485220382448,0.0,-7.0926123803779975,-1.7543878120244638,2.977089686671339,-10.8489213597129,-10.3319353768113,1.4956516231505559,-1.0493033179070603,20.735089989872,4.382953606672294,0.9221720103716826,17.29685967584478,17.416491634440682,-7.589809138803396,64.309831237793,39.075685729980464,1.0,303.415389801212,0.140099608898163,355.44921875,2182.041015625,22.5766148580396,40.8499145507812,183.53441830300764,-0.26679553461808947,44.646836,-9.82242588972999,1806.80732727051,1842.663383483888,1431.85925483704,1244.1281080246,1198.75741004944,-63.5594243,3.0,51.3373603820801,34.1338996887207,44.4049606323242,-136.710006713867,30.3387522697449,24.2297917604446,0.5269911428185615,0.319994629419362,-0.0169997138541403,-38.2185584593138,25.2000598907471,136.79914855957,2.0,7.0,3.0,0.0,0.0,24060101.0,-6.6134452402881605,9.35139726154569,24.06358880996705,36.80223699716421
2024-06-01 19:10:19+00:00,GER,GER,-18.95732732817272,-10.966196390780905,0.0,-2.251349729336291,6.9966973999013415,14.910820174212716,-10.66298909635315,-10.3562307865759,5.764595562786605,-0.15565610908884675,14.2506782928175,6.2658084190831165,-0.8967892224850678,21.510123166314944,33.86814664861178,10.77094604184598,60.5446586608887,37.54300643920898,1.0,303.473910862021,0.140363511443138,366.208984375,2192.80078125,339.81379573729,37.6382434844971,329.015990659552,-2.841952366230226,44.6469254,-4.34449635461658,1806.834626197816,1842.572712898254,1277.07183361053,1102.63860225677,1126.7899274826,-63.5594548,3.0,50.2083282470703,34.1338996887207,44.4049606323242,-137.710006713867,30.42973279953,33.2163572311401,-0.551490764567133,-1.25097902856545,-3.08694817817346,-25.01717975981582,26.2000637054443,137.799209594727,2.0,7.0,3.0,0.0,0.0,24060101.0,31.84339102765598,9.82257700766538,24.242271137237502,34.394691995474005
2024-06-01 19:10:20+00:00,GER,GER,-18.8313957153506,-9.922977031860517,0.0,-0.5005339354930116,9.86281211527336,20.611263099842642,-10.501730891370102,-10.37566779740645,7.4077238407554535,0.8281188514173673,7.51514786073831,6.400685701415921,-1.101294216277178,22.42944921161628,39.44265881519324,21.77556378350074,55.9122699737549,37.64141441345216,1.0,303.504100298152,0.140645813941956,376.62890625,2203.220703125,313.319027493947,37.681742477417,309.09533413386,-3.01994935850092,44.6469933,-0.912517115095112,1806.5621376037602,1785.2950572967518,1007.87401199341,824.219107627869,935.928344726562,-63.5595445,3.0,49.9272308349609,34.1338996887207,44.4049606323242,-138.619995117188,30.900114774704,48.1067150831223,-0.431492745184339,0.648989100287273,1.47797513626724,-12.315793276432291,27.2000675201416,138.799270629883,2.0,7.0,3.0,0.0,0.0,24060101.0,57.46530139318746,10.2249844328058,24.43349761962895,22.5621764373779
2024-06-01 19:10:21+00:00,GER,GER,-18.837487561071338,-10.86599358829805,0.0,-2.4077467819653493,6.673489006394931,15.52647122788288,-10.44180964178155,-10.3936316218104,7.023131427272398,2.2552648151128842,2.5778986082831947,6.393629176852288,-1.0950889680718798,22.17615745190714,34.363957593671095,25.7975271649425,52.8825393676758,37.45523048400878,1.0,303.517706034979,0.140676712989807,387.0859375,2213.677734375,301.295572290407,37.7078247070312,299.9564863828695,-2.2187628327731357,44.6470445,-0.244167870285864,1805.735659599302,1217.4989461898804,1070.20509243011,858.859121799469,961.368024349213,-63.5596551,3.0,58.6350402832031,34.1338996887207,44.4049606323242,-139.710006713867,54.8954725265503,48.1299817562103,-0.36499387334769595,0.648989100287273,1.47797513626724,-3.79253638806998,28.2000713348389,139.799331665039,2.0,7.0,3.0,0.0,0.0,24060101.0,66.74951674330217,10.5686761367463,24.5708284378052,15.512297401428219
2024-06-01 19:10:22+00:00,GER,GER,-18.849670484116498,-11.783259861989125,0.0,-4.21171576960424,4.0013170215855824,13.130421401003275,-10.4009813322442,-10.3928960958142,7.669616217356143,3.795343222292885,0.0252147255458998,6.3960043964805,-1.09427954796655,21.829789167585698,31.980092312006622,28.1469688054543,52.0055488586426,37.3516393661499,1.0,303.538988904433,0.140383306145668,397.48046875,2224.072265625,301.295572290407,37.7078247070312,296.873024802824,-1.4214762383397224,44.6470919,-0.244167870285864,1805.708432197572,549.2085158824921,851.924240589142,746.734797954559,775.396883487701,-63.5597833,3.0,66.8062362670898,34.1338996887207,44.4049606323242,-140.710006713867,54.8954725265503,48.1299817562103,-0.864985508495876,0.648989100287273,1.47797513626724,-1.775970233298096,29.2000751495361,140.799392700195,2.0,7.0,3.0,0.0,0.0,24060101.0,70.87808196070543,10.1707962732519,24.8528938293457,13.613718873804272
2024-06-01 19:10:23+00:00,GER,GER,-18.88520753148125,-12.0662395085012,0.0,-4.749103741000029,2.9898995677214772,10.424212726602075,-10.369845061139,-10.3946625534882,6.827753567243407,4.948289452835647,-1.22511907859414,6.457065006999945,-1.0396460120539557,17.24412310224415,29.309421752187227,27.407453551846476,52.0055488586426,37.74721670150757,1.0,303.561692453234,0.140096202492714,407.865234375,2234.45703125,301.295572290407,37.7078247070312,296.551022364593,-1.2134796625160733,44.6471318,-0.244167870285864,1805.862814188005,42.72690601646897,851.924240589142,746.734797954559,775.396883487701,-63.559903,3.0,76.1867980957031,34.1338996887207,44.4049606323242,-141.710006713867,54.8954725265503,48.1299817562103,-0.153997420410648,0.648989100287273,1.47797513626724,0.08374857461646935,30.2000789642334,141.799453735352,2.0,7.0,3.0,0.0,0.0,24060101.0,69.0473419612373,10.1707962732519,24.5149732589722,13.613718873804272
2024-06-01 19:10:24+00:00,GER,GER,-18.87200699562712,-10.49520532863703,0.0,-1.2983676387511154,8.545834590928013,18.47290538204492,-10.377042372976899,-4.381385992880411,6.360515309850326,5.004528611475637,-1.045449831899045,6.672883510125009,-0.8385133814758575,13.071772274147662,37.34491237767206,25.150676148653183,53.3515354156494,37.70939437866212,1.0,303.578494718592,0.139873404800892,418.349609375,2244.94140625,294.546935579084,37.9631057739258,296.2265337375035,-0.4295927946645679,44.6471673,1.88761562501705,1805.6903123855602,0.0,894.492566585541,743.11637878418,794.154942035675,-63.5600114,3.0,84.1502990722656,34.1338996887207,44.4049606323242,-142.710006713867,54.9187004566193,48.1377363204956,0.3899934629424805,0.734987691961786,0.91498473437619,-0.7195879205722517,31.2000827789307,142.799514770508,2.0,7.0,3.0,0.0,0.0,24060101.0,64.38790097361375,9.11320124443067,23.5215971946716,17.4953981944493
2024-06-01 19:10:25+00:00,GER,GER,-18.865916515944217,-9.928845359640672,0.0,-0.4812256950726438,9.740188192311559,20.390898999103218,-10.37146125465135,4.8797199030974205,6.453672942959047,4.999804596513561,-2.36040452101651,6.6734259978998365,-0.8352757330710541,10.97524929426158,39.256814832028525,25.622751503327784,52.2330997467041,37.554613494873045,1.0,303.614995249517,0.139740796387196,428.81640625,2255.408203125,292.985690938603,37.7566761016846,295.64804403556,0.4905917707308804,44.6472049,2.56997905730142,1805.6721210479761,0.0,1091.21429920197,912.483274936676,843.77384185791,-63.5601328,3.0,93.02734375,34.1338996887207,44.4049606323242,-143.710006713867,54.9148261547089,48.1357961893082,0.7999866269092555,0.441992560207647,-1.60497311237352,0.19519674862520436,32.200080871582,143.799575805664,2.0,7.0,3.0,0.0,0.0,24060101.0,65.58533968606801,7.87737072167066,22.5901084899902,15.77580516815184
2024-06-01 19:10:26+00:00,GER,GER,-18.8395161272548,-9.95426305486322,0.0,-0.508258175081038,9.646778183713,20.125248012091,-10.3912884400383,6.40563997913039,5.40320171606477,4.99871449832203,-3.35174287290722,6.67179836382062,-0.835275733071054,12.9474150199292,38.9647641393458,24.7893075736313,52.6015022277832,37.6153644561768,1.0,303.665975781482,0.139806416630745,439.255859375,2265.84765625,292.461624183966,37.7522609710693,296.066024292008,1.87896839208441,44.6472267,3.70026608191181,1805.59039115906,0.0,1401.41046047211,1176.58734321594,1101.63617134094,-63.560206,3.0,103.454002380371,34.1338996887207,44.4049606323242,-144.619995117188,54.9206376075745,48.1357961893082,1.2779785529111,-0.0949984064426364,4.67192110927501,0.88998506807518,33.200065612793,144.79963684082,2.0,7.0,3.0,0.0,0.0,24060101.0,62.5104445292795,6.85817544325006,22.0948928833008,18.0693082809448
2024-06-01 19:10:27+00:00,GER,GER,-18.721121628181834,-15.222533672396333,0.0,-11.383240797476233,-7.235635317855841,-3.601370990293353,-10.4018624266471,6.40534628099608,4.555599430319497,4.999925718534843,-0.790128822987504,6.675415518168573,-0.8348261500984986,13.124795317265667,15.119750709036266,22.0689815385459,52.6015022277832,38.2577796936035,1.0,303.665975781482,0.139806416630745,439.255859375,2265.84765625,292.461624183966,37.7522609710693,295.828060501325,4.036932367108474,44.647283,3.70026608191181,1805.5903911590601,0.0,1401.41046047211,1176.58734321594,1101.63617134094,-63.5604043,3.0,103.454002380371,34.1338996887207,44.4049606323242,-144.619995117188,54.9206376075745,48.1357961893082,-0.830986054107169,-0.0949984064426364,4.67192110927501,-1.5493073908030357,33.200065612793,144.79963684082,2.0,7.0,3.0,0.0,0.0,24060101.0,55.331716497745305,6.85817544325006,21.9529323577881,18.0693082809448
2024-06-01 19:10:28+00:00,GER,GER,-18.7177338543535,-15.4152810415917,0.0,-11.8088959098217,-7.43329914259311,-3.43712834838201,-10.4018624266471,6.40534628099608,4.54774528195641,5.00053132864125,-0.790128822987504,6.6731545832577,-0.835275733071054,9.75647443687799,15.2806050790847,19.9423474989491,52.6015022277832,38.7349674224854,1.0,303.665975781482,0.139806416630745,460.3515625,2286.943359375,292.461624183966,37.7522609710693,295.828060501325,1.84096927496727,44.647328,3.70026608191181,1805.63580989838,0.0,1401.41046047211,1176.58734321594,1101.63617134094,-63.5605543,3.0,123.908599853516,34.1338996887207,44.4049606323242,-146.710006713867,54.9206376075745,48.1357961893082,-0.830986054107169,-0.0949984064426364,4.67192110927501,0.487991829874847,35.2000350952148,146.799758911133,2.0,7.0,3.0,0.0,0.0,24060101.0,55.8182934823927,6.85817544325006,21.9529323577881,18.0693082809448
2024-06-01 19:10:29+00:00,GER,GER,-18.671075466095296,-14.468437871671679,0.0,-9.776565096812128,-4.526667659687212,1.1527447879870114,-10.39481281765,6.40563997913039,4.550644953391176,4.999077864385875,-1.37011903211419,6.673425997899839,-0.8352757330710541,15.707684001280859,19.82381981118726,19.41212708537962,52.6015022277832,39.03569274902344,1.0,303.835118586088,0.140267810225487,460.3515625,2286.943359375,292.461624183966,37.7522609710693,296.7440161897805,0.8497857335829762,44.6473523,3.70026608191181,1805.644893646242,0.0,1401.41046047211,1176.58734321594,1101.63617134094,-63.5606289,3.0,123.908599853516,34.1338996887207,44.4049606323242,-146.710006713867,54.9206376075745,48.1357961893082,-1.012983007927066,-0.0949984064426364,4.67192110927501,0.5885901163189067,35.2000350952148,146.799758911133,2.0,7.0,3.0,0.0,0.0,24060101.0,57.201937495018754,6.85817544325006,19.03624935150145,18.0693082809448
2024-06-01 19:10:30+00:00,GER,GER,-18.74208245421622,-16.238300736576896,0.0,-13.481599504538261,-10.600333551285122,-7.751646746599316,-10.395106515784299,6.406672831798945,4.553545307844856,4.999804596513561,0.7680611487898545,6.6739686564293965,-0.8350059832875208,16.742593752057,10.990435707616905,19.8313845872025,52.6015022277832,39.36993255615236,1.0,303.965520557722,0.139910405874252,460.3515625,2286.943359375,296.32029857443,39.2653839111328,296.7550264547225,-0.5747903087383198,44.6473946,0.769643111315079,1805.6448698043819,0.0,1401.41046047211,1176.58734321594,1101.63617134094,-63.560753,3.0,123.908599853516,34.1338996887207,44.4049606323242,-146.710006713867,54.9225687980652,32.1558058261871,-1.426976141447165,0.0649989149371512,0.686988537569522,-1.609172963677652,35.2000350952148,146.799758911133,2.0,7.0,3.0,0.0,0.0,24060101.0,57.77328828324168,6.85817544325006,19.848894309997547,18.0693082809448
2024-06-01 19:10:31+00:00,GER,GER,-18.66093161064946,-12.620047638859841,0.0,-5.30291020650007,2.904465139000238,10.968396010514425,-10.38012663027395,6.40637827989099,5.159613776864208,4.999441059694988,-0.018388443390834508,6.673697241787252,-0.8350059832875207,16.620906760294602,29.629327834607302,20.173125247606542,52.9792190551758,39.791324157714826,1.0,304.116385776109,0.139533810317516,492.904296875,2319.49609375,292.325730740239,39.9930084228516,294.4735520266415,-3.365943476521906,44.6474339,2.88884622526005,1805.672144889834,0.0,428.99152636528,386.286795139313,452.590674161911,-63.5608809,3.0,151.926300048828,34.1338996887207,44.4049606323242,-149.710006713867,54.9225687980652,32.1558058261871,-1.0334827001429485,1.72997101699175,-1.80796964287918,-2.0429656523350306,38.1999893188477,149.799942016602,2.0,7.0,3.0,0.0,0.0,24060101.0,60.048501476910545,359.358108839715,19.10136909484865,18.649104309082016
2024-06-01 19:10:32+00:00,GER,GER,-18.65282178553842,-11.255527472890861,0.0,-3.2710492251280257,5.502023198165357,14.2493595540435,-10.35501202469585,6.406230363606775,5.756983487711357,4.999804596513561,-0.748627526373449,6.67288333937028,-0.8350059832875208,14.60067699343756,32.90218099807248,21.36321467651388,52.6993492126465,39.75576828002927,1.0,304.281184580403,0.139132310450077,503.955078125,2330.546875,290.977615322619,39.8529773712158,292.978601202244,-4.306927752860574,44.64747,2.34431451632266,1805.5813074111957,0.0,492.949783802032,337.191253900528,433.227807283402,-63.561011,3.0,161.178405761719,34.1338996887207,44.4049606323242,-150.710006713867,54.9245059490204,32.1519285440445,-0.329994466591297,0.285995228391508,-0.527991125201734,-1.3805768308019335,39.1999740600586,150.800003051758,2.0,7.0,3.0,0.0,0.0,24060101.0,60.763187882979665,358.600285690924,19.834218120574953,17.863673400878902
2024-06-01 19:10:33+00:00,GER,GER,-18.626455889304346,-9.944493835293354,0.0,-0.3325619587126884,10.012809728881297,20.814513820107102,-10.321527449176699,6.4046101146696,6.069080017211804,4.999441230449718,-3.5918282911013897,6.673154754012424,-0.8352757330710541,16.89327216477046,39.4409690263926,22.613408745588977,53.2698348999023,39.7105561065674,1.0,304.369895077343,0.138745106756687,515.001953125,2341.59375,289.347768262114,39.9194240570068,292.662595670104,-4.46752505166407,44.647504,2.83496158223735,1805.572223663332,0.0,669.931650161743,366.592973470688,619.476735591888,-63.5611423,3.0,172.234893798828,34.1338996887207,44.4049606323242,-151.710006713867,54.9322485923767,36.6074025630951,0.5569906543343666,0.925984433869378,0.343994206615494,3.356743862712303,40.1999588012695,151.800064086914,2.0,7.0,3.0,0.0,0.0,24060101.0,62.155370315087204,357.859510694301,20.7963003158569,16.507866954803454
2024-06-01 19:10:34+00:00,GER,GER,-18.612265488284738,-10.083475378298417,0.0,-0.8327050953273842,9.15043781361565,19.465016655217596,-10.3326888320541,6.404756963736755,4.867091288864546,4.999804596513561,-3.13634965577969,6.673697241787252,-0.8350059832875207,17.026402455468304,38.07728282652124,23.5917650423016,54.5581432342529,38.62875091552736,1.0,304.339514395915,0.138466009497643,526.01953125,2352.611328125,293.340942737713,39.3511390686035,296.68452524210954,-1.5003748163554964,44.6475425,2.72968190014442,1805.6358098983778,0.0,1071.28417491913,801.932692527771,927.867531776428,-63.5612691,3.0,181.22819519043,34.1338996887207,44.4049606323242,-152.619995117188,54.9419283866882,42.9474383592606,1.344977479305345,1.42997598187498,4.58692282014878,2.024566019173345,41.1999435424805,152.80012512207,2.0,7.0,3.0,0.0,0.0,24060101.0,60.89388765086136,357.47652832716,23.3866610527039,18.18840385437012
2024-06-01 19:10:35+00:00,GER,GER,-18.71164781429356,-13.205768632832237,0.0,-7.217398997363118,-0.9662921976146576,4.48897050096442,-10.340178988252699,6.4051985781552805,6.728434036286278,4.999077864385875,0.6824302984356163,6.673697071032519,-0.834736201487476,12.174570236096361,23.200618208536262,24.990568318281078,56.4375743865967,37.959835281372065,1.0,304.331400131181,0.13822880834341,536.7109375,2363.302734375,296.721148716439,38.1747230529785,297.0759907041995,1.8053697954046388,44.6475853,0.609037029315194,1805.6448936462439,0.0,1302.88410186768,1112.15281486511,1088.40668201447,-63.561389,3.0,192.292098999023,34.1338996887207,44.4049606323242,-153.619995117188,54.9380540847778,43.0850952863693,-0.7234878612047709,-3.09494782379542,3.24494582160148,-1.4591755314966326,42.1999282836914,153.800186157227,2.0,7.0,3.0,0.0,0.0,24060101.0,59.37271026608896,357.512728329761,27.459177875518797,19.24355792999269
2024-06-01 19:10:36+00:00,GER,GER,-18.70759512154952,-14.801322679552579,0.0,-10.64284584396238,-5.86607279319122,-1.844967603674378,-10.34282227146145,6.405051729088125,7.396124386620116,5.00053132864125,3.4983125426367554,6.67288333937028,-0.8350059832875207,13.538682639771901,16.862628008795,25.461146495489622,57.5884609222412,37.53061180114746,1.0,304.329487678213,0.13815031349659,547.244140625,2373.8359375,295.731946079325,37.7673053741455,294.233074726344,1.518174577481156,44.6476265,-0.291835867225088,1805.63580989838,0.0,914.065778255463,945.517599582672,806.275010108948,-63.5615083,3.0,203.455307006836,34.1338996887207,44.4049606323242,-154.710006713867,54.9361228942871,43.088972568512,-1.3334776818988652,0.335994374230543,-2.63995583945208,-3.8495355119768417,43.1999130249023,154.800247192383,2.0,7.0,3.0,0.0,0.0,24060101.0,61.799012025330946,357.284654652996,27.89222373962405,19.55150581087386
2024-06-01 19:10:37+00:00,GER,GER,-18.66093707480082,-14.47380657111404,0.0,-9.60632596146677,-4.121497401683124,2.2931337744376337,-10.34238172426005,6.406230363606775,7.101427337143451,4.999804596513561,1.095881254007349,6.67315475401242,-0.8347362335039875,14.928735248141482,20.954071148059203,26.55682597610392,54.8477531433105,37.103369979858385,1.0,304.40358157033,0.138063409924507,557.6640625,2384.255859375,290.67337137623,37.582202911377,291.6366329548765,-0.7861867979843298,44.6476617,1.22098403938193,1805.7356834411598,0.0,697.490334510803,748.41445684433,660.604655742645,-63.5616298,3.0,209.793792724609,34.1338996887207,44.4049606323242,-155.710006713867,54.9380540847778,43.0792808532715,-1.071982048575502,1.00398316647851,-3.55194019979193,-1.116381303740943,44.1998977661133,155.800308227539,2.0,7.0,3.0,0.0,0.0,24060101.0,65.17210504505523,357.007895387827,26.04616527557375,14.34124222535353
2024-06-01 19:10:38+00:00,GER,GER,-18.703532183521737,-14.16757828401634,0.0,-9.261622450378157,-3.8374770477849403,0.766796288469018,-10.34502500746885,6.40578874918825,7.735769459609434,4.999804596513561,2.495416763618445,6.672883339370276,-0.8352757330710541,13.693175713136801,19.470329176354063,26.831090856187938,52.1915405273438,35.87451828002928,1.0,304.579008148972,0.137807513773441,567.939453125,2394.53125,291.379612936409,36.4185928344727,289.94214498406654,0.10639821628296979,44.6476942,-0.463314089599326,1805.653977394104,0.0,797.802925109863,721.843183040619,702.752530574799,-63.5617494,3.0,220.552398681641,34.1338996887207,44.4049606323242,-156.710006713867,54.9380540847778,43.0637687444687,-0.4654921929029395,0.171997103307747,3.24894532424735,-2.726554249801766,45.1998825073242,156.800369262695,2.0,7.0,3.0,0.0,0.0,24060101.0,65.17382761876394,356.961559384498,26.1408923149109,13.514976398761492
2024-06-01 19:10:39+00:00,GER,GER,-18.73397809325656,-16.031719274563677,0.0,-12.927728536439242,-9.621312506411531,-6.62525788170298,-10.341500629857102,6.40578874918825,5.961423173155614,4.999077522876414,-0.3462085042104301,6.673697071032521,-0.8347362335039875,9.370051874206833,12.108720040798818,28.233506960728896,53.6263618469238,35.359014358520504,1.0,304.749680915952,0.137509801983833,577.880859375,2404.47265625,286.936820768126,35.683109664917,288.3776628339185,-0.6507890825842074,44.647722,1.17942895502816,1805.599474906922,0.0,664.768159389496,531.279981136322,533.213794231415,-63.5618681,3.0,229.140197753906,34.1338996887207,44.4049606323242,-157.710006713867,54.9438655376434,43.0657088756561,-1.1564806399948302,0.166997218072313,-0.443992524973991,0.5309910713507336,46.1998672485352,157.800430297852,2.0,7.0,3.0,0.0,0.0,24060101.0,64.91744280788913,356.565736261717,26.62758922576905,15.659102659959084
2024-06-01 19:10:40+00:00,GER,GER,-22.34257876763856,-19.861550800690743,0.0,-15.967028503877739,-11.739278523687426,-7.133804226733969,-10.345612403737452,6.40564104634745,4.482136277713929,4.998714327567301,-0.958241603050352,6.673968485674668,-0.8344664837204544,12.066616022679204,15.208774711659299,28.25576108308264,50.0644500732422,34.130298614501946,1.0,304.928713834477,0.137158499658108,587.6875,2414.279296875,285.928958054199,34.9458824157715,288.412674383604,-3.3025445934287903,44.6477462,2.71726675066745,1805.6358098983783,0.0,362.63108253479,239.11589384079,298.933655023575,-63.5619856,3.0,239.367095947266,34.1338996887207,44.4049606323242,-158.619995117188,54.9380540847778,43.0618286132812,0.20899649150575753,3.12894722482328,-3.31994428689599,-0.18699689508422682,47.1998519897461,158.800491333008,2.0,7.0,3.0,0.0,0.0,24060101.0,69.23730523149044,356.145023929601,22.7912724494934,11.53954580013568
2024-06-01 19:10:41+00:00,GER,GER,-23.3619124427672,-21.37059725723305,0.0,-18.860755454252597,-15.943488598412749,-14.7813404488715,-10.3454655546703,6.40416764647743,3.853593156608015,4.99871449832203,-3.07120523246681,6.67383269297623,-0.834601358612221,13.62641949324585,8.580572420782495,28.11387824647285,45.6374198913574,33.37230548858645,1.0,305.141296642204,0.136838203668594,597.13671875,2423.728515625,285.517452817084,33.6049976348877,288.9041611359,-4.180429661224175,44.6477623,3.40893610225255,1805.63580989838,0.0,513.839066028595,250.14665722847,449.88340139389,-63.5620655,3.0,247.90559387207,34.1338996887207,44.4049606323242,-159.619995117188,54.9361228942871,43.0637687444687,0.701988273317104,-1.27197865861207,-1.08698181100351,2.89895138341538,48.199836730957,159.800552368164,2.0,7.0,3.0,0.0,0.0,24060101.0,70.8051765215047,356.430034063287,20.6919216156006,8.7370126247406
2024-06-01 19:10:42+00:00,GER,GER,-23.38023229078165,-21.616197626295197,0.0,-19.2355215307089,-16.45385570112172,-13.288645721334376,-10.3507529748615,6.40475717718017,3.3773836164948525,5.0000771210614445,-5.59814427960022,6.675868089348892,-0.835275733071054,14.794174374321976,10.09158571567362,27.2857075643251,45.6374198913574,32.01137237548825,1.0,305.523705273455,0.136494800448418,606.294921875,2432.88671875,285.517452817084,33.6049976348877,294.645044416322,-6.493641096892188,44.6477981,3.40893610225255,1805.63580989838,0.0,513.839066028595,250.14665722847,449.88340139389,-63.5622182,3.0,258.483001708984,34.1338996887207,44.4049606323242,-160.710006713867,54.9361228942871,43.0637687444687,0.456992375996509,-1.27197865861207,-1.08698181100351,5.7349038766909155,49.199821472168,160.80061340332,2.0,7.0,3.0,0.0,0.0,24060101.0,73.3055670502211,356.430034063287,17.5364627838135,8.7370126247406
2024-06-01 19:10:43+00:00,GER,GER,-23.393321067665497,-21.576323067298,0.0,-19.156306448130284,-16.3573816696615,-13.57937485779008,-10.351780918331599,6.405345427222435,3.1340679457100817,4.998714327567301,-5.83665427197365,6.67586787590548,-0.8339269521368763,18.77808199076512,9.813945868365964,26.173633580646005,40.3772998809814,30.943483428955055,1.0,305.923189377631,0.136187003552914,615.185546875,2441.77734375,293.364028777108,31.4803447723389,298.981995973227,-7.866867769029199,44.6478264,4.21291404091676,1805.63580989838,0.0,595.01725435257,215.690210461617,543.806731700897,-63.5623094,3.0,267.494506835938,34.1338996887207,44.4049606323242,-161.710006713867,54.939991235733,43.0657088756561,0.809986424060553,-0.221996262486996,-2.53895719186487,6.10909741253999,50.1998062133789,161.800674438477,2.0,7.0,3.0,0.0,0.0,24060101.0,71.5790478827698,358.1167629392,16.4862024307251,8.479623663425446
2024-06-01 19:10:44+00:00,GER,GER,-23.3933210676655,-20.619091521159838,0.0,-16.93573442631206,-12.671389829341388,-7.896414975279592,-10.355746270031648,6.40593581169882,2.690390810057102,4.999077693631144,-5.26559773683793,6.676139290547624,-0.8336572023533432,19.63866362807196,15.496906412551033,25.880372236932878,40.0003761291504,29.889443435668944,1.0,306.341716049212,0.135918205976486,623.75,2450.341796875,300.292299463602,30.340022277832,305.0153889350445,-8.5366562680987,44.6478639,3.39374191955703,1805.6176424026519,0.0,704.486131668091,289.720207452774,641.631603240967,-63.5624022,3.0,273.729705810547,34.1338996887207,44.4049606323242,-162.710006713867,54.9380540847778,38.2864445447922,0.6289894392836165,-0.128997834150917,-0.0869985407071523,5.180713084984024,51.1997909545898,162.800735473633,2.0,7.0,3.0,0.0,0.0,24060101.0,67.7917380408301,358.925348053903,16.91819171905515,11.23251319885252
2024-06-01 19:10:45+00:00,GER,GER,-23.3985538463434,-19.37725948193085,0.0,-14.655280770002449,-9.566826123722944,-5.265497204991085,-10.3583899801272,6.40505087531448,2.574940442681495,4.99871449832203,-3.36225026517163,6.67518933930012,-0.832578075153164,18.537760077271003,18.1330560010221,26.0564399995838,41.6284469604492,29.442303657531752,1.0,306.341716049212,0.135918205976486,623.75,2450.341796875,305.657658943457,29.7674182891846,308.49483756241,-8.366359759164325,44.6479068,2.87726606640912,1805.5676817894,0.0,622.318625450134,237.451747059822,640.882134437561,-63.5624871,3.0,273.729705810547,34.1338996887207,44.4049606323242,-162.710006713867,54.9419283866882,37.1793627738953,0.124997904618228,-0.231996099658931,0.234996073488874,2.606956207363985,51.1997909545898,162.800735473633,2.0,7.0,3.0,0.0,0.0,24060101.0,64.10272896444411,358.925348053903,18.5257438659668,11.23251319885252
2024-06-01 19:10:46+00:00,GER,GER,-23.41844557701794,-20.14490939463574,0.0,-16.30167840339492,-12.100413506239711,-8.540295905152675,-10.36088641426885,6.4044624118288,3.7593481146947463,4.99871449832203,-2.1418584778959397,6.676139290547624,-0.8331175747202298,17.86447725342206,14.878150013374741,26.157643766289517,42.8943843841553,29.282566909790024,1.0,307.427688806488,0.135601195693016,640.189453125,2466.78125,308.56297552957,29.4272369384766,311.4412718873275,-7.97046620005793,44.6479526,2.21526278771033,1805.699372291566,0.0,483.436495065689,164.092123508453,556.255877017975,-63.5625679,3.0,287.525085449219,34.1338996887207,44.4049606323242,-164.619995117188,54.939991235733,37.1696680784225,-0.6479891445845275,-0.170997120924575,0.796986653079314,1.920167879714511,53.1997604370117,164.800857543945,2.0,7.0,3.0,0.0,0.0,24060101.0,61.41548324305641,2.26853164649067,20.2220724105835,15.55522373199462
2024-06-01 19:10:47+00:00,GER,GER,-23.39750729060782,-19.75068965876286,0.0,-15.2994249823237,-10.389661488977978,-4.719502213401382,-10.3607395652017,6.40549334350665,3.992061325519592,4.997260351047734,-2.1654996302432,6.6764107051897685,-0.8333873885367866,17.46279621889984,18.678005034517742,25.90834766724486,43.6946697235107,28.96345561981202,1.0,308.103795572049,0.135760398209095,648.322265625,2474.9140625,309.306837771698,29.3558464050293,312.9872442248245,-8.541856944887478,44.6479997,3.2131111636537,1805.5449724197401,0.0,421.117931604385,195.389300584793,561.393737792969,-63.5626465,3.0,293.293609619141,34.1338996887207,44.4049606323242,-165.619995117188,54.9361228942871,37.17160820961,-0.12099797175048652,1.25897899435254,-0.589990139680115,1.4331760348908793,54.1997451782227,165.800918579102,2.0,7.0,3.0,0.0,0.0,24060101.0,60.37081400572994,3.84119465571715,20.3080309867859,15.83834595680236
2024-06-01 19:10:48+00:00,GER,GER,-23.40378935709694,-20.186484414604184,0.0,-16.36848380064792,-12.370997768134782,-8.713500964767727,-10.3614738105375,6.405346494439495,4.746385283021686,4.998350790748726,0.38928332337199756,6.534748910577024,-0.9863613424529033,18.2684470843352,14.69028788006502,26.106849015469997,43.0356960296631,28.40279445648192,1.0,308.750095392072,0.136012311279774,656.34765625,2482.939453125,312.490388943841,28.5624858856201,313.57875226732597,-7.798869649992407,44.6480478,1.28154828724779,1805.5631399154677,0.0,603.497862815857,237.811401486397,586.499750614166,-63.5627211,3.0,299.874603271484,34.1338996887207,44.4049606323242,-166.619995117188,54.9438655376434,37.1696680784225,-0.4774920148515385,-1.47397531345626,0.694988343274046,-0.8209862302754456,55.1997299194336,166.800979614258,2.0,7.0,3.0,0.0,0.0,24060101.0,59.75673218802158,5.26441526033787,21.184315967559797,15.5524958610535
2024-06-01 19:10:49+00:00,GER,GER,-23.42054039603638,-22.22930691044308,0.0,-20.62696502172556,-18.785038196925342,-17.61098178332096,-10.3611801124032,6.406525128958145,5.311856046765488,4.999077693631144,1.057530809034785,6.369205103399237,-1.14796880489031,16.237154630834198,5.809559445144732,27.91650695304596,44.0513786315918,27.986026039123537,1.0,309.274408033519,0.136247205734253,664.234375,2490.826171875,311.465587360772,28.4335372924805,312.5207696252695,-7.004682317927911,44.6480951,1.44585264987897,1805.554056167604,0.0,465.77051281929,225.241705775261,635.053753852844,-63.5627951,3.0,306.761901855469,34.1338996887207,44.4049606323242,-167.710006713867,54.9438655376434,37.1657907962799,-0.477491988171112,0.406993150116194,0.817986229765077,-1.697771541564924,56.1997146606445,167.801040649414,2.0,7.0,3.0,0.0,0.0,24060101.0,61.954180262895285,6.42602254427418,22.275860023498502,13.66957843780516
2024-06-01 19:10:50+00:00,GER,GER,-23.433104529014578,-23.32929384985746,0.0,-22.842980624348478,-22.288725799618142,-21.879780858913563,-10.3617675086718,6.40578874918825,5.660200902455378,4.997987253930153,0.99028644939767,6.388745335463634,-1.098596248866342,14.713208287372279,1.5533228590160881,28.986639818617117,42.4471755981445,27.10743530273438,1.0,309.765908446193,0.136532807350159,671.994140625,2498.5859375,309.705584215444,27.7028314590454,310.849777505204,-6.772286668210791,44.6481399,1.5298820126384,1805.517721176148,0.0,428.039103746414,196.628451347351,474.551230669022,-63.5628691,3.0,311.984405517578,34.1338996887207,44.4049606323242,-168.710006713867,54.9457967281342,37.136709690094,0.05999898301097051,1.19598010421269,0.207996509122585,-1.533174313228736,57.1996994018555,168.80110168457,2.0,7.0,3.0,0.0,0.0,24060101.0,65.0258406420929,7.59365320128479,21.505078983306852,10.518230187892886
2024-06-01 19:10:51+00:00,GER,GER,-23.46034673851918,-23.951974534221357,0.0,-23.980750121194617,-23.97279704892508,-23.94890470569888,-10.363529697477698,6.405493130063235,4.528171155078262,4.99871415681257,0.873657874390235,6.40828462837702,-1.0958983027998461,14.52400282660758,-0.48855801520444453,29.535094446704296,39.6203624725342,26.136159095764164,1.0,310.237382744221,0.136862397193909,679.490234375,2506.08203125,308.090900174896,26.514337348938,309.48179989747746,-6.550490191425061,44.6481816,1.73924513322416,1805.526804924012,0.0,533.126592636108,207.850843667984,475.035011768341,-63.562942,3.0,316.542510986328,34.1338996887207,44.4049606323242,-169.710006713867,54.9438655376434,37.1270149946213,0.0949984064426365,-0.585990156786573,0.742987604388017,-1.1151812821924547,58.1996841430664,169.801162719727,2.0,7.0,3.0,0.0,0.0,24060101.0,66.81230667234209,8.78710410779216,20.1905373573303,8.841517331049989
2024-06-01 19:10:52+00:00,GER,GER,-24.96343095218024,-25.952794440249818,0.0,-25.88604231847238,-25.81229744902266,-25.99314344126218,-10.366026985393,6.406672831798945,4.168952211342886,4.998350790748726,-0.765963106775897,6.408013640621702,-1.09562851032763,15.745830437040661,-1.0297129773337579,30.546976043938997,38.5929485321045,25.77367858886718,1.0,310.679678474114,0.137231509387493,686.73828125,2513.330078125,306.489193493771,26.0210151672363,308.6588167440045,-6.884684602701979,44.6482208,2.15286516766085,1805.49955368042,0.0,369.928300380707,166.671127080917,594.378471374512,-63.5630147,3.0,322.648712158203,34.1338996887207,44.4049606323242,-170.619995117188,54.9438655376434,34.7053915262222,-0.30149494866057003,-0.255995730215916,-0.585990156786573,0.3821935523289691,59.1996688842774,170.801223754883,2.0,7.0,3.0,0.0,0.0,24060101.0,67.56346492254127,9.85940624144373,19.91325788497925,8.426206505298612
2024-06-01 19:10:53+00:00,GER,GER,-25.41926377549908,-25.95278351194712,0.0,-25.89031801689278,-25.857020844688982,-25.4299144309814,-10.36529274005715,6.40564104634745,3.4954621339413783,4.999077864385875,-4.0814555243956345,6.408827372283942,-1.095358717855414,16.484342591991542,-0.0106493119560352,29.994274404225923,38.9155277252197,25.23761821746826,1.0,311.625495749621,0.137907211482525,693.88671875,2520.478515625,305.963214286167,25.6342569351196,310.2853033514375,-7.6140723933180015,44.6482591,3.4876937329115,1805.4904699325557,0.0,418.164253234863,193.104639649391,475.846350193024,-63.5630868,3.0,328.112701416016,34.1338996887207,44.4049606323242,-171.619995117188,54.9438655376434,34.7053915262222,0.390993445325653,0.28099528979522,-1.29497836014674,3.537140503209666,60.1996536254883,171.801284790039,2.0,7.0,3.0,0.0,0.0,24060101.0,65.7137895896371,10.7622573582028,19.5751244544983,10.48206407546998
2024-06-01 19:10:54+00:00,GER,GER,-25.410754384321624,-25.12674248278252,0.0,-24.1438946536717,-23.039453406390102,-21.34804209429164,-10.3672017779302,6.405051515644709,2.434115879850606,4.998350961503457,-4.20228690689845,6.409098786926085,-1.0948191329109822,18.84331234639552,4.062712359132712,28.98132934653742,37.4748596191406,24.567576141357442,1.0,312.452194526002,0.138668194413185,700.880859375,2527.47265625,309.704163536096,24.9524557113647,314.0267443749875,-8.660655108140425,44.6482991,3.45493358433118,1805.6176185607917,0.0,512.403309345245,191.29604101181,524.003744125366,-63.563154,3.0,333.976013183594,34.1338996887207,44.4049606323242,-172.619995117188,54.9457967281342,34.703454375267,0.43049278948159353,-0.164997239965755,-1.9439672469906,3.434142403120294,61.1996383666992,172.801345825195,2.0,7.0,3.0,0.0,0.0,24060101.0,64.36217438308594,11.6448970914342,18.6485315322876,10.54203483581544
2024-06-01 19:10:55+00:00,GER,GER,-25.42564692878792,-25.298818853637236,0.0,-24.89740009837914,-24.35027394208554,-24.27382158564882,-10.37175452589885,6.405051729088125,2.297098272364012,4.997623887866308,-0.6430318413097,6.40909853079399,-1.0945493404387658,18.154771221450282,1.1518251030152724,26.0031814287759,37.4534122467041,23.839772758483882,1.0,313.354407873848,0.13974421620369,707.685546875,2534.27734375,314.199438877962,24.267629814148,316.4986991186415,-7.214478835360846,44.6483413,2.18981734484427,1805.4359674453717,0.0,569.794297218323,163.242310285568,533.832550048828,-63.5632151,3.0,340.270111083984,34.1338996887207,44.4049606323242,-173.710006713867,54.9438655376434,34.703454375267,0.13849766387288073,0.364993890022963,2.69295469231679,0.37279375477949095,62.1996231079102,173.801406860352,2.0,7.0,3.0,0.0,0.0,24060101.0,57.84113391830524,12.6693520424025,18.790539264678948,13.969917297363287
2024-06-01 19:10:56+00:00,GER,GER,-25.43628563143914,-25.826462236832857,0.0,-25.83882078111708,-25.801617423726942,-25.243654147786742,-10.37219549998715,6.404609260895954,3.379104909543062,4.99689681422916,2.66563148103751,6.407741884470097,-1.0945493404387658,15.70997194389808,0.1926317364494516,24.698896018078337,38.4525947570801,23.08631149291994,1.0,314.228398880043,0.141018198430538,714.2890625,2540.880859375,315.752378008413,23.5448993682861,315.511709462818,-5.121713910933454,44.6483833,0.631019779715469,1805.599474906924,0.0,382.141023874283,69.8210373520851,386.0924243927,-63.5632729,3.0,344.699096679688,34.1338996887207,44.4049606323242,-174.710006713867,54.9438655376434,34.7053915262222,-0.3899934629424805,-0.0989983426454317,4.02193213332627,-2.778353358594428,63.1996078491211,174.801467895508,2.0,7.0,3.0,0.0,0.0,24060101.0,52.143972044797884,12.8128620008273,19.8508984565735,16.248126296997057
2024-06-01 19:10:57+00:00,GER,GER,-25.444796388654442,-25.781538033604942,0.0,-25.74018533629404,-25.58875696880972,-25.633545934292062,-10.37293059909655,6.4046101146696,3.712950938483626,4.997623887866308,3.8697378028152247,6.408827201529212,-1.0950889253831981,12.801695836817421,-0.18874958299023142,24.798293370503337,39.0278663635254,22.46817260742188,1.0,315.127989435247,0.142496310174465,720.681640625,2547.2734375,311.764394476582,22.8358245849609,312.44077444971003,-4.6159226934589155,44.6484218,1.68548023195535,1805.435967445374,0.0,247.004985809326,1.69575621839613,198.343068361282,-63.5633319,3.0,348.334503173828,34.1338996887207,44.4049606323242,-175.710006713867,54.9457967281342,34.703454375267,-0.3349943785071575,0.170997120924575,-0.0919984526230132,-3.420342603543836,64.199592590332,175.801528930664,2.0,7.0,3.0,0.0,0.0,24060101.0,50.77588242196866,11.8804293347729,19.9728698730469,16.35509502410888
2024-06-01 19:10:58+00:00,GER,GER,-25.42139479452014,-25.26507532857118,0.0,-24.40182855145026,-23.37287557940398,-22.07202319253802,-10.37351799536515,6.40475717718017,3.7031634481577265,4.99689681422916,1.0780192020900674,6.408827372283942,-1.0948191329109818,12.77880838517288,3.349371847442049,26.13428007970514,38.3429134368896,22.373380508422862,1.0,316.084680371912,0.14416581094265,726.9140625,2553.505859375,306.155388488654,22.4954080581665,309.49932616288754,-6.040698788285743,44.6484561,3.77130773324276,1805.5631399154659,0.0,203.860759735107,1.12678925506771,307.155549526215,-63.5633942,3.0,352.417694091797,34.1338996887207,44.4049606323242,-176.710006713867,54.9419283866882,34.7092688083649,0.09699836787392764,0.900984767568368,-1.75097054031666,-1.640972483503808,65.199577331543,176.80158996582,2.0,7.0,3.0,0.0,0.0,24060101.0,52.08481987450991,10.4932273058534,19.161294364929198,14.66660762786862
2024-06-01 19:10:59+00:00,GER,GER,-25.40649883495924,-21.99601155405752,0.0,-17.66441418244324,-12.79210283612812,-7.396306283095443,-10.37057930647475,6.405051729088125,3.715850439163662,4.998350790748726,-0.8452922054888774,6.409098786926085,-1.094009755494334,14.35196265575542,18.010192167665657,25.728660416597997,37.187670135498,22.82685218811036,1.0,317.084182934295,0.146027813851833,733.13671875,2559.728515625,304.811152618483,22.8274990081787,308.7918005271445,-7.140480565892925,44.6484889,4.04675560209103,1805.5540561676019,0.0,430.31445145607,105.16557097435,365.454286336899,-63.5634591,3.0,357.737609863281,34.1338996887207,44.4049606323242,-177.619995117188,54.939991235733,34.7053915262222,0.04299927832822685,-0.37299374908834,-1.0549822680203,0.28439522456192073,66.1995620727539,177.801651000977,2.0,7.0,3.0,0.0,0.0,24060101.0,54.10360659315008,9.16343387068153,18.078512763977052,13.353731830303499
2024-06-01 19:11:00+00:00,GER,GER,-25.42139069640662,-21.913749097203343,0.0,-17.864426368512778,-13.300885676459135,-9.041277730300498,-10.3701387592733,6.4044624118288,3.5012611353014464,4.998350790748726,-0.314161754589877,6.408827628416037,-1.09427954796655,14.088371653796841,16.38011288072876,25.40319404792936,37.0113327026367,23.27027790069578,1.0,317.935606995472,0.147305215895176,739.486328125,2566.078125,305.60110497713,23.1957778930664,308.9528290670165,-6.709687386826073,44.6485228,3.44567440913758,1805.6267261505159,0.0,441.240191459656,13.1058851256967,433.308571577072,-63.5635247,3.0,362.169006347656,34.1338996887207,44.4049606323242,-178.619995117188,54.939991235733,34.7053915262222,-0.127997841762585,-0.464992235061886,1.05998228665786,-0.18539688725257403,67.1995468139648,178.801712036133,2.0,7.0,3.0,0.0,0.0,24060101.0,54.310635774063414,8.27949213263964,18.067683506012,12.855682411193861
2024-06-01 19:11:01+00:00,GER,GER,-25.42351864184254,-22.44474029762066,0.0,-18.83164706631206,-14.798170376495898,-9.967769412437471,-10.370579306474749,6.404168500251075,3.757898705864188,4.99689681422916,0.1765164407123675,6.408556213773894,-1.094009755494334,14.354251110636818,15.45574922940508,25.30126508588852,37.8262744903564,23.735178108215315,1.0,318.42748989874,0.147624599933624,745.96875,2572.560546875,305.747817440501,23.7714511871338,308.6228079867,-7.308877513841757,44.6485575,3.06023680243342,1805.517721176148,0.0,394.960135221481,78.8085162639618,357.134282588959,-63.5635918,3.0,367.822387695312,34.1338996887207,44.4049606323242,-179.619995117188,54.9419283866882,41.3498252630234,-0.109998155530432,0.809986424060553,-0.640989241221896,-0.515591343650399,68.1995315551758,179.801773071289,2.0,7.0,3.0,0.0,0.0,24060101.0,54.55150034608717,7.51404393141371,18.01956338882445,14.067824751990173
2024-06-01 19:11:02+00:00,GER,GER,-25.408626438885697,-21.206537650161902,0.0,-16.01312749964288,-9.93668163567543,-3.6388272069784025,-10.369845061139,6.404756963736755,3.7709481237829556,4.997987424684882,-0.09141196536485889,6.4085564699059905,-1.0937399630221178,16.953542778535002,21.76979978686018,26.06877310141338,37.2758903503418,23.971375579833982,1.0,318.99341205261,0.148148408532143,752.568359375,2579.16015625,304.957701157314,23.9551013946533,308.25931897945,-8.271461025458803,44.648592,3.42250213860467,1805.5358886718761,0.0,465.226531028748,63.8901889324188,498.52854013443,-63.5636602,3.0,374.201812744141,34.1338996887207,44.4049606323242,-180.710006713867,54.9438655376434,41.3595199584961,0.067998862086668,-0.313994735120329,-1.44897575387696,-0.15039748383122792,69.1995162963867,180.801834106445,2.0,7.0,3.0,0.0,0.0,24060101.0,57.0495081633116,6.89901143675027,17.9244320869446,12.159217872619633
2024-06-01 19:11:03+00:00,GER,GER,-25.39798978529124,-20.153044149937237,0.0,-14.30235055219066,-7.743304780433883,-1.41647429871145,-10.36837657046745,6.40475717718017,4.9751112428524875,4.997260351047734,-0.45915786612852,6.408827628416037,-1.094009755494334,17.27282748449536,23.9815157854006,26.649750358252483,38.661595916748,24.7436474990845,1.0,319.610997757363,0.148868004977703,759.240234375,2585.83203125,305.542419991781,24.535725402832,308.162330293236,-7.57667283874395,44.6486277,2.67477272874622,1805.554056167604,0.0,458.533763885498,150.137230753899,491.705417633057,-63.5637295,3.0,379.35400390625,34.1338996887207,44.4049606323242,-181.710006713867,63.4475409984589,41.3633972406387,-0.6289895059846825,-0.434992710205868,0.803986476400667,0.20459656901979958,70.1995010375976,181.801895141602,2.0,7.0,3.0,0.0,0.0,24060101.0,57.47212338613046,6.66764603569208,19.3974377632141,12.806324529647831
2024-06-01 19:11:04+00:00,GER,GER,-25.4001173892177,-20.83461950645744,0.0,-15.64941446218836,-9.75361190459684,-3.3834700407529352,-10.3672017779302,6.404756963736755,5.034195538135588,4.997623887866308,-0.4827990718366385,6.407470640582683,-1.09427954796655,17.88583901156078,22.01664794610634,27.484439089925218,40.3754974365234,25.72439392089844,1.0,320.287596296544,0.149804404377937,766.138671875,2592.73046875,305.311832805401,25.4249158859253,308.386838611254,-7.626672384789382,44.6486647,3.07864629668072,1805.517721176148,0.0,401.397079229355,142.282634973526,438.32540512085,-63.5638012,3.0,383.793395996094,34.1338996887207,44.4049606323242,-182.710006713867,67.2183513641357,41.3633972406387,-0.6979883171039896,-0.164997239965755,-0.195996707184306,0.3031949307181544,71.1994857788086,182.801956176758,2.0,7.0,3.0,0.0,0.0,24060101.0,59.2138496282593,6.53813369619759,20.296198368072503,12.660070562362677
2024-06-01 19:11:05+00:00,GER,GER,-25.368211868057298,-18.7650824332273,0.0,-10.891371497668683,-1.9747066360802017,7.225703824374937,-10.3658801363258,6.4049040262473245,5.245884871742262,4.99689681422916,-0.6692984009800416,6.408556213773894,-1.09427954796655,19.398722839133438,32.59391543630014,28.600560985215917,40.9463882446289,26.66579074859616,1.0,321.023972651342,0.150981706380844,773.3125,2599.904296875,305.4940349317,26.4802591323853,308.3423330986225,-7.710470609678434,44.6487033,3.14263108193857,1805.49955368042,0.0,369.744509458542,101.357646286488,486.526787281036,-63.5638757,3.0,388.894012451172,34.1338996887207,44.4049606323242,-183.710006713867,67.2280311584473,41.3672775030136,-0.48899181225801847,0.795986617335289,0.338994348060486,-0.4451925065018406,72.1994705200195,183.802017211914,2.0,7.0,3.0,0.0,0.0,24060101.0,62.4810788139619,6.74609758849885,20.531262016296402,10.99757952690127
2024-06-01 19:11:06+00:00,GER,GER,-25.37884544806662,-18.990135117322502,0.0,-11.745038251459764,-3.9094321402008303,3.9358607307679767,-10.3611801124032,6.40431534931823,6.1683998469897094,4.997623887866308,-0.9514115206020435,6.4085564699059905,-1.0937399630221178,18.7204809564377,29.31470575728386,28.78784408923878,42.5584087371826,27.873390083313,1.0,321.830098897943,0.152442611753941,780.74609375,2607.337890625,306.162464564634,27.5041677474976,308.3333309092965,-6.833885326882101,44.6487436,2.19556537591766,1805.5086374282841,0.0,475.078582763672,213.163569569588,515.495717525482,-63.5639528,3.0,394.546295166016,34.1338996887207,44.4049606323242,-184.619995117188,67.2415792942047,41.3711547851562,-0.9729837126001765,-0.567990420528621,1.11798115816014,0.3707937851773188,73.1994552612305,184.80207824707,2.0,7.0,3.0,0.0,0.0,24060101.0,62.707839728368505,7.34265228702328,22.11385803222655,11.76368671417238
2024-06-01 19:11:07+00:00,GER,GER,-25.376719551687458,-19.51513829089444,0.0,-12.654429445103839,-5.067450790053368,3.1562045888100925,-10.3588305273287,6.404315562761646,6.247783549863456,4.997260351047734,-1.1337090027454195,6.4085564699059905,-1.094009755494334,18.17956583266578,28.532923670922067,29.488560367889,44.1686027526855,28.87183891296388,1.0,322.716001754051,0.15419770181179,788.525390625,2615.1171875,305.520481424167,28.7886978149414,308.4758359761395,-7.2002792989632125,44.6487855,3.07526151106015,1805.5358886718761,0.0,400.70629119873,124.44656342268,454.30850982666,-63.5640334,3.0,400.589385986328,34.1338996887207,44.4049606323242,-185.619995117188,67.249321937561,41.3769692182541,-0.4464925076123485,1.77197027708498,-0.210996456272102,0.04159929915647438,74.1994400024414,185.802139282227,2.0,7.0,3.0,0.0,0.0,24060101.0,65.23410403818927,7.91879838030772,22.1018940925598,11.360377235412601
2024-06-01 19:11:08+00:00,GER,GER,-25.3809720274647,-19.521268727184,0.0,-12.58320303715588,-5.069377842550322,2.784401704547888,-10.3551584468762,6.404756963736755,6.448235343983434,4.997260351047734,-1.2844843080955402,6.408556043019163,-1.093470170549902,17.52154165142274,28.16537343319184,28.694640693862603,43.174206161499,29.4125269317627,1.0,323.520106264658,0.154539012908936,796.5625,2623.154296875,305.990398439064,29.458740234375,308.672818631803,-7.599272739424419,44.6488285,2.74919745815044,1805.5631399154677,0.0,533.608138561249,225.552588701248,552.828013896942,-63.5641162,3.0,407.133911132812,34.1338996887207,44.4049606323242,-186.619995117188,67.2454535961151,41.3789093494415,-0.1669972047320994,0.43899261305813,-0.373993731471512,-0.015599738851204414,75.1994247436524,186.802200317383,2.0,7.0,3.0,0.0,0.0,24060101.0,66.39613504998621,8.79984070304695,21.04731817245485,10.284466361999499
2024-06-01 19:11:09+00:00,GER,GER,-25.3916083395497,-19.492660138335918,0.0,-12.55946556846914,-5.044343577072295,2.583210969337074,-10.3548647487419,6.4049040262473245,6.054580806264336,4.997987424684882,-1.131607118750055,6.408285055263846,-1.09427954796655,17.729438949379578,27.97481935157548,28.147711588526555,42.850329208374,29.585628890991224,1.0,324.390682176268,0.1555276080966,804.740234375,2631.33203125,306.371249787183,29.6785217285156,308.708827389107,-7.789069694571272,44.6488724,2.37629154102596,1805.5631399154681,0.0,593.059778213501,298.983126878738,625.346958637238,-63.5641995,3.0,401.177612304688,34.1338996887207,44.4049606323242,-187.710006713867,67.2435164451599,41.3789093494415,-0.10199828645989495,0.202996597206724,0.750987356731688,-0.09399840538316555,76.1994094848633,187.802261352539,2.0,7.0,3.0,0.0,0.0,24060101.0,65.92815780881361,9.70971410804644,20.851624202728253,11.227085542678852
2024-06-01 19:11:10+00:00,GER,GER,-25.39373457743832,-19.53564456783958,0.0,-12.78150477310248,-5.439818872469393,1.8097555239037302,-10.3541305034061,6.405051515644709,5.689924263553349,4.997260351047734,-1.11847341202806,6.408285055263846,-1.094549340438766,17.571894830512456,27.20348984520998,27.89775671773642,43.3987186431885,29.70651351928712,1.0,325.059303054499,0.156807316839695,812.95703125,2639.548828125,305.701180908848,29.8143127441406,308.401332272673,-7.268878218514873,44.6489164,2.84781236971732,1805.4904699325557,0.0,582.604885101318,215.402826666832,592.965245246887,-63.5642832,3.0,396.759307861328,34.1338996887207,44.4049606323242,-188.710006713867,55.0754964351654,41.4176851511002,0.02249962123462432,-0.764987216817805,-0.653988958842281,-0.1551973982699384,77.1993942260742,188.802322387695,2.0,7.0,3.0,0.0,0.0,24060101.0,65.35391102038267,10.4075033091279,20.9202878952026,11.868601369857766
2024-06-01 19:11:11+00:00,GER,GER,-25.40649849344978,-20.490842766661782,0.0,-14.793009827068499,-8.591682662618538,-2.3986155447526416,-10.35471789967475,6.40564104634745,5.635914457314108,4.997623717111578,-1.068040148970335,6.408013469866972,-1.0937399630221178,16.583904551975518,23.00788222298958,26.090939797345744,43.9515163421631,29.740206527709937,1.0,325.744808160358,0.158741109073162,821.2109375,2647.802734375,305.836883107278,29.8953025817871,308.339341475766,-6.854085013710863,44.6489605,2.56500497203836,1805.6176424026519,0.0,537.849724292755,277.90504693985,584.600508213043,-63.5643673,3.0,393.268585205078,34.1338996887207,44.4049606323242,-189.710006713867,45.8323657512665,41.4118707180023,0.027499539299489735,-0.374993713854685,0.495991688940224,-0.1195979947465184,78.1993789672852,189.802383422852,2.0,7.0,3.0,0.0,0.0,24060101.0,61.30955110714298,10.8326740472247,20.66795511245725,15.078158027247376
2024-06-01 19:11:12+00:00,GER,GER,-25.423518983352,-20.531978946976018,0.0,-14.83698156041666,-8.605349017374083,-2.11889534988984,-10.35471789967475,6.405345427222435,5.329255356034542,4.99689681422916,-1.001844783659771,6.4085564699059905,-1.09427954796655,16.30925103412772,23.30462388959426,24.799472944172997,43.8775646209717,29.535708389282217,1.0,326.3688962052,0.161263498663902,829.46875,2656.060546875,305.342049562289,29.7366840362549,308.088332023768,-6.682288082970565,44.6490041,2.86942244792101,1805.5358886718761,0.0,573.51416349411,270.625948905945,553.820848464966,-63.5644514,3.0,387.874603271484,34.1338996887207,44.4049606323242,-190.710006713867,45.8304286003113,41.415748000145,0.09799836151290427,-0.186996865735756,0.342994250912748,-0.18439691954363657,79.1993637084961,190.802444458008,2.0,7.0,3.0,0.0,0.0,24060101.0,58.92502141882699,10.5929967328334,19.96231441497805,16.726604557037344
2024-06-01 19:11:13+00:00,GER,GER,-25.45330885341704,-21.66543244728564,0.0,-17.27207889576234,-12.504386239983239,-8.053785714063533,-10.3575088857243,6.404315562761646,4.977648316619688,4.99689681422916,-0.7633367389574679,6.407742055224827,-1.09427954796655,16.404235742839383,17.399523395485602,23.608452560481783,43.8154369354248,29.117960815429676,1.0,327.107594824316,0.162653701007366,837.666015625,2664.2578125,305.62208731826,29.5068672180176,307.90134876505,-6.319894040422144,44.6490472,2.45108915607018,1805.49955368042,0.0,482.764661312103,202.926129102707,512.506783008576,-63.5645347,3.0,384.616607666016,34.1338996887207,44.4049606323242,-191.619995117188,45.820751786232,41.415748000145,0.201996621493659,0.441992560207647,0.335994374230543,-0.43319273124398777,80.199348449707,191.802505493164,2.0,7.0,3.0,0.0,0.0,24060101.0,55.932184837745886,10.0097942003627,19.61133556365965,17.972430731120838
2024-06-01 19:11:14+00:00,GER,GER,-25.45330885341704,-21.71516168859468,0.0,-17.26601027268476,-12.307964172096181,-7.122448781106732,-10.35794943292575,6.404609260895954,4.954087237568269,4.996533277410586,-0.627270672871793,6.408013469866972,-1.09427954796655,16.451537534917417,18.3308603284424,23.05422437348918,43.7474452972412,28.72525039672852,1.0,327.595406934838,0.160731415450573,845.73828125,2672.330078125,304.67053268385,28.9392517089844,307.2873557398005,-6.441291944427931,44.6490889,2.87969974818776,1805.5358886718761,0.0,589.729189872742,211.616739630699,487.208276987076,-63.5646174,3.0,379.779510498047,34.1338996887207,44.4049606323242,-192.619995117188,45.822685956955,41.4176851511002,-0.09149846763254205,-0.529991143328931,0.171997103307747,-0.6533890174371454,81.199333190918,192.80256652832,2.0,7.0,3.0,0.0,0.0,24060101.0,53.525609347845815,9.03972548443426,19.63609685897825,18.707275772094697
2024-06-01 19:11:15+00:00,GER,GER,-25.455437481871883,-21.71308804316266,0.0,-17.259944381682843,-12.27655349814114,-7.423399978674276,-10.35868367826155,6.405051729088125,4.951912505336537,4.997260351047734,-0.612561460287774,6.408285055263846,-1.0945493404387658,16.43093836739958,18.0320381862165,22.6050639619705,43.735954284668,28.38237190246584,1.0,328.088792479723,0.159096206724644,853.712890625,2680.3046875,304.564610110202,28.7299467086792,306.63887025924305,-6.612489184559098,44.6491296,2.41038208239055,1805.472302436828,0.0,479.215264320374,237.135991454124,398.436516523361,-63.5646997,3.0,374.42529296875,34.1338996887207,44.4049606323242,-193.710006713867,45.8188146352768,39.9461001157761,0.11299810935005544,0.56599050912313,-0.265995527367211,-0.8889850536754953,82.1993179321289,193.802627563477,2.0,7.0,3.0,0.0,0.0,24060101.0,52.868243255329276,7.78255574315983,19.304563808441152,18.747435409144348
2024-06-01 19:11:16+00:00,GER,GER,-25.4490529625452,-21.27271296246392,0.0,-16.356948294158663,-11.020611654124759,-5.449489310428392,-10.3595647726645,6.4046101146696,4.869266874869926,4.99689681422916,-0.6067822931567235,6.408284799131749,-1.09427954796655,16.38287364319128,19.99956365211678,22.617791677979362,42.7155818939209,28.10073635101316,1.0,328.576112816625,0.15782850086689,861.583984375,2688.17578125,303.366403684485,28.2581251144409,305.896360394571,-6.832485564989073,44.6491689,2.71502730239334,1805.5903673172002,0.0,531.024813652039,215.942457318306,469.220995903015,-63.5647817,3.0,370.716186523438,34.1338996887207,44.4049606323242,-194.710006713867,45.8110719919205,36.058709025383,-0.03149947175035015,-0.344994215679093,-0.370993784321996,-0.042599292211817054,83.1993026733398,194.802688598633,2.0,7.0,3.0,0.0,0.0,24060101.0,53.32117222372252,6.54964469938318,18.938719081878702,17.381637096405033
2024-06-01 19:11:17+00:00,GER,GER,-25.440542888348798,-21.50021358635764,0.0,-16.6976473507143,-11.485353093178045,-5.647823142928031,-10.3601521689331,6.40416764647743,4.295458072319464,4.996533277410586,-0.802213588743799,6.408556213773894,-1.094009755494334,17.191194429573198,19.79272025234886,23.746985530813117,42.677445602417,28.113824157714838,1.0,328.927184539964,0.157143598794937,869.390625,2695.982421875,303.598903323832,28.2813062667847,306.15738290389197,-7.301677555305552,44.649208,2.52141086277393,1805.526804924012,0.0,467.424511909485,122.788488864899,469.48304772377,-63.5648635,3.0,365.771697998047,34.1338996887207,44.4049606323242,-195.710006713867,45.8110719919205,36.0490143299103,-0.18099696476661647,-0.18099695809651,-0.951984082553561,0.45699233330782685,84.1992874145508,195.802749633789,2.0,7.0,3.0,0.0,0.0,24060101.0,55.31266618945822,5.49147593467166,19.1379175186157,16.143749141693103
2024-06-01 19:11:18+00:00,GER,GER,-25.429902136640838,-20.478513933700437,0.0,-14.68720268361692,-8.492771278152995,-2.270174157575666,-10.3613269614704,6.405345427222435,4.1903387289172995,4.997623717111578,-1.0013202464758546,6.408284884509117,-1.094009755494334,18.550348457420718,23.159728256541637,25.630461079353438,42.4986808776855,28.118140068054203,1.0,329.269021847544,0.156856897473335,877.19921875,2703.791015625,303.715699558639,28.272790145874,306.576360367959,-7.624872117678896,44.6492474,2.87826028582018,1805.554056167604,0.0,475.471466779709,207.574173808098,541.57167673111,-63.5649452,3.0,362.096588134766,34.1338996887207,44.4049606323242,-196.710006713867,45.8072006702423,35.6593042612076,-0.1849968942993055,-0.43099278067318,-0.948984028682339,0.4967916588385058,85.1992721557617,196.802810668945,2.0,7.0,3.0,0.0,0.0,24060101.0,59.055949315026965,4.97590678913606,19.699484539032,13.444442310333221
2024-06-01 19:11:19+00:00,GER,GER,-25.43203008207676,-20.43534030795682,0.0,-14.743140908390941,-8.630568978620165,-2.5267753787254197,-10.36235490494045,6.40431534931823,4.0953688758670435,4.997260351047734,-0.8883689812845315,6.409098786926085,-1.09427954796655,18.549966991355582,22.905254532596622,27.046223373532577,42.4986980438232,28.125323410034163,1.0,329.583101266338,0.157045403122902,885.01171875,2711.603515625,305.090698600833,28.2722185134888,307.1798485622645,-7.263078363381156,44.6492877,2.12286206762769,1805.5177211761481,0.0,539.237499237061,160.893723368645,617.859303951264,-63.5650258,3.0,357.082702636719,34.1338996887207,44.4049606323242,-197.619995117188,45.8052664995194,34.9729537963867,-0.473492071978637,-0.409993123946137,0.462992216934689,0.3643938765806757,86.1992568969726,197.802871704102,2.0,7.0,3.0,0.0,0.0,24060101.0,62.01224233499174,5.15887987303789,20.68059711456295,10.93812269210816
2024-06-01 19:11:20+00:00,GER,GER,-25.4405404977826,-21.67997118795294,0.0,-17.32061319547604,-12.573148998697599,-8.241025702517225,-10.36235490494045,6.404904666577555,4.322644530404958,4.997623887866308,-0.629897067370648,6.408556213773894,-1.0937399630221178,18.550729923485857,17.19951633205796,27.041935380771655,42.509529876709,28.093917617797842,1.0,329.799290413947,0.156177708506584,892.826171875,2719.41796875,305.127554301594,28.3267999649048,307.29034736265703,-6.638288601978895,44.6493286,2.33305644357978,1805.590391159058,0.0,446.814686059952,174.598678946495,492.968082427978,-63.565106,3.0,353.215911865234,34.1338996887207,44.4049606323242,-198.619995117188,45.7975208759308,34.9690765142441,-0.296995007925975,0.454992357869312,0.103998254561293,-0.30319492171351065,87.1992416381836,198.802932739258,2.0,7.0,3.0,0.0,0.0,24060101.0,61.87734746492184,5.77579152349673,20.6803928375244,11.43753541946412
2024-06-01 19:11:21+00:00,GER,GER,-25.44479741318282,-21.525625988183577,0.0,-16.93928885675612,-11.932904653637726,-6.87982082499402,-10.3625017540076,6.4044624118288,4.31213269851758,4.99689681422916,-0.5164212316448755,6.4085564699059905,-1.0945493404387658,18.502283733212458,18.56497650281144,26.36212528664246,42.1468746185303,27.987771492004402,1.0,329.990289823898,0.155254907906055,900.625,2727.216796875,304.983109461027,28.0907844543457,306.99835677563897,-6.8660849730636615,44.649369,2.1487717499139,1805.426883697508,0.0,405.080616474152,127.481922507286,474.233776330948,-63.5651861,3.0,348.805786132812,34.1338996887207,44.4049606323242,-199.619995117188,45.8033293485642,32.9255282878876,-0.16249727733771804,-0.814986335976414,-0.252995756385973,0.17859699587457484,88.1992263793945,199.802993774414,2.0,7.0,3.0,0.0,0.0,24060101.0,60.55805681163664,6.22841876828336,20.24188899993895,13.29155588150026
2024-06-01 19:11:22+00:00,GER,GER,-25.44266844321852,-22.2677161377312,0.0,-18.4424806458966,-14.32254264043398,-9.492054079199434,-10.360445867067451,6.40431534931823,3.6139930233543636,4.438685645110752,-7.21307484728827,6.408827628416037,-1.09427954796655,18.18910282580392,15.95061521779272,25.36096776942356,42.1273498535156,27.58805488586424,1.0,330.137384777863,0.154187308251858,908.400390625,2734.9921875,303.831703491503,28.0431432723999,309.0518121684685,-6.8332853801408815,44.649409,3.83226930601924,1805.59039115906,0.0,500.502526760101,159.01592373848,457.958608865738,-63.5652661,3.0,343.423400878906,34.1338996887207,44.4049606323242,-200.710006713867,45.8052664995194,32.7180713415146,0.38449355983503347,0.498991582728888,-0.496991671323396,7.09448107744623,89.1992111206055,200.80305480957,2.0,7.0,3.0,0.0,0.0,24060101.0,57.209082555909525,6.39654985111875,19.209650516510003,14.604903459548934
2024-06-01 19:11:23+00:00,GER,GER,-25.43415768600322,-22.29269482254484,0.0,-18.462834951132663,-14.2928487345268,-9.765746077166831,-10.3595647726645,0.8463274593958099,2.663204906924474,-2.564759933665799,-11.883972922291651,6.407199055185812,-1.0948191329109818,17.230103626708537,15.66841126732694,21.18427942969462,42.9159896850586,25.74241699218748,1.0,330.230193388305,0.153156910836697,916.041015625,2742.6328125,311.937116300314,26.9594312667847,318.19266799507454,-5.308711171539521,44.649453,3.61127640098936,1805.6267261505159,0.0,574.925661087036,165.331095457077,473.79869222641,-63.5653367,3.0,340.181091308594,34.1338996887207,44.4049606323242,-201.710006713867,45.8052664995194,32.7103167772293,1.2644787373774249,0.599989963511836,0.938984311572323,12.068397677524178,90.1991958618164,201.803115844727,2.0,7.0,3.0,0.0,0.0,24060101.0,44.67978422545706,6.56656222418365,19.819950485229498,18.2408470916748
2024-06-01 19:11:24+00:00,GER,GER,-25.393736626495077,-22.328087838295467,0.0,-18.49336897030776,-14.36808258521556,-9.983313898460043,-10.36470491690175,-8.456891355291894,2.6711791527804665,-3.997720649511136,-18.176105829587,6.401499689210259,-1.0977868714496961,17.34416129716804,15.410422728035062,17.80580422090436,42.395011138916,22.000201377868656,1.0,330.228007727771,0.152821715176106,923.123046875,2749.71484375,325.08842698112,24.1069633483887,331.991917741305,-1.9613671432290356,44.6495017,3.0609193944636,1805.599474906924,23.1868296861648,437.630444765091,103.284358978271,292.056709527969,-63.5653863,3.0,338.454986572266,34.1338996887207,44.4049606323242,-202.710006713867,45.7936495542526,32.6754182577133,1.3664770471826948,1.07098187942934,4.89691778581898,16.0789295421068,91.1991806030274,202.803176879883,2.0,7.0,3.0,0.0,0.0,24060101.0,33.972119886271216,6.71678583167574,20.53595180511475,18.442233180999768
2024-06-01 19:11:25+00:00,GER,GER,-25.3129300244625,-22.284370529493902,0.0,-18.46283529264212,-14.27504567570042,-9.794907569828204,-10.3748396369696,-11.03415694377725,2.6722667323397418,-4.00680582563563,-22.15564212496135,6.012065354624582,-1.454186675949492,17.41625770046158,15.51802211312484,13.13340909650096,38.3879642486572,16.67499904632568,1.0,330.14579957092,0.152906607091427,929.087890625,2755.6796875,341.497273443158,18.5428396224976,347.94818220856,0.6193896165968884,44.6495467,2.72744501319124,1806.035399436952,485.4900777339938,359.356164932251,-3.16611095331609,86.1609950661659,-63.5654099,3.0,338.972290039062,34.1338996887207,44.4049606323242,-203.710006713867,45.6252425909042,32.6153129339218,1.84946891178083,-0.234996073488874,2.3759600634078,14.845351274225582,92.1991653442383,203.803237915039,2.0,7.0,3.0,0.0,0.0,24060101.0,21.85743418749658,6.84511825599111,20.92501974105835,15.377016796384527
2024-06-01 19:11:26+00:00,GER,GER,-23.995394729794043,-18.991610267428463,0.0,-15.374443169789439,-11.712426061852344,-7.419257298187938,-10.3796856561857,-11.03415651689045,2.6787912705443957,-4.007169447831567,-22.0999547388846,5.7409545705219,-1.5815301955947458,12.736465993451228,16.576137602360838,4.257205448462419,35.2166370391846,13.22076976776122,1.0,330.017091486201,0.153928515315056,933.611328125,2760.203125,357.293943710267,14.4492101669312,181.75745537108287,0.9825835007899462,44.6495838,1.25495366505387,1806.671118736266,1023.2140302658097,306.974649429321,67.1807676553726,39.0088930726051,-63.5654141,3.0,338.024597167969,34.1338996887207,44.4049606323242,-204.619995117188,45.4142481088638,34.5405906438828,2.026966104959005,0.876985297093942,-0.0449992472633877,12.136795704136881,93.1991500854492,204.803298950195,2.0,7.0,3.0,0.0,0.0,24060101.0,6.204725044823826,6.95475901386909,21.101478195190452,13.177882113823522
2024-06-01 19:11:27+00:00,GER,GER,-0.10696107723143129,3.386856192411328,0.0,3.2678514959772635,2.456012676589041,0.9617996940489337,-10.38100772467695,-11.0335674130745,2.6748040195503537,-3.696446213241118,-21.698586356271598,5.74366658250922,-1.5820697165061521,-7.2648013853209905,1.0687607499360154,-2.0913402109995505,32.815372467041,11.152325191497798,1.0,329.908983252018,0.155188804864883,937.212890625,2763.8046875,9.04239267330515,11.8113524436951,13.085280680778649,0.84758583637302,44.6496139,1.13598681747277,1806.662034988402,1608.681416511536,379.595279693604,28.5729169845581,-23.3387146145105,-63.5654081,3.0,338.026611328125,34.1338996887207,44.4049606323242,-205.619995117188,45.4065054655075,40.4211193323135,0.8664854420499966,-2.03196569670975,0.157997349943337,9.518640419788976,94.1991348266602,205.803359985352,2.0,7.0,3.0,0.0,0.0,24060101.0,-3.939213718656312,7.04843761965675,21.1381339073181,11.08470520019532
2024-06-01 19:11:28+00:00,GER,GER,23.29711956075316,20.665291603724718,0.0,16.386461541562262,11.472162290343473,6.377805592224756,-10.38849788087545,-11.0275308065087,2.958627066358898,-0.7403973511948241,-21.047676158558602,4.662477860483274,-0.3294093261527311,-22.83613472574338,-16.91931448079262,-9.288357689091606,31.6953540802002,10.06402536392211,1.0,329.835599699575,0.156264008581638,940.283203125,2766.875,19.4004659034096,10.694061756134,22.1366277320857,0.550390773273473,44.6496393,0.176305325168012,1730.9054136276259,1840.50438404083,50.3418482840061,-45.0032241642475,14.960409142077,-63.5653959,3.0,338.977386474609,34.1338996887207,44.4049606323242,-206.619995117188,45.4568326473236,48.1803894042969,0.41199308204237495,3.68693782152018,3.16594678644406,9.199645484604186,95.1991195678711,206.803421020508,2.0,7.0,3.0,0.0,0.0,24060101.0,-12.755840508050902,7.12848572918201,21.18589181900025,9.901394233703614
2024-06-01 19:11:29+00:00,GER,GER,25.95014705892752,22.478857434034317,0.0,18.67658230611364,14.3582761411147,11.20834785582165,-10.3977497989931,-11.027971780597,4.308869661018973,-0.5223459311640362,-20.8196741987798,2.534564505110562,1.8249076155584825,-24.30171676123806,-14.741799032351144,-11.406387568636239,30.6064407348633,9.536466693878173,1.0,329.779291620058,0.157267905771732,943.05078125,2769.642578125,31.9271284638614,9.59261455535889,30.9519806485114,0.707188128348747,44.6496602,-3.76870030852711,1315.510582923888,1840.5406951904283,162.190362811089,-13.5420057922602,-55.1051869988441,-63.565378,3.0,341.292785644531,34.1338996887207,44.4049606323242,-207.710006713867,45.4548984766006,52.1724820137024,-0.48649181961450194,-3.28694465480789,-1.3789768803332,7.2540782231118275,96.199104309082,207.803482055664,2.0,7.0,3.0,0.0,0.0,24060101.0,-15.118275388175562,7.19688751239875,21.226082038879397,9.079307212829592
2024-06-01 19:11:30+00:00,GER,GER,26.03781834258544,25.66368960815608,0.0,25.53214562889296,25.20030601070976,25.76342539645442,-10.398778169349999,-11.027824504643,5.010271690661877,-0.5245261915801274,-19.97280843510005,0.3993234846734518,3.9231070653763602,-21.05737109982122,-0.2743930658593794,-16.128764139083778,30.7570049285889,9.73619951248169,1.0,329.751806938838,0.158017811179161,945.705078125,2772.296875,40.0729930680316,9.74842386245728,38.0523635643534,1.896168238485354,44.6496789,-4.5746365904924,904.6480178833001,1840.5135154724098,17.7580676972866,-31.3641093671322,-81.2288522720337,-63.5653559,3.0,342.681884765625,34.1338996887207,44.4049606323242,-208.710006713867,52.9248952865601,52.1976828575134,-0.399993273433989,1.12998105347991,1.54897399219418,7.402275825741356,97.199089050293,208.80354309082,2.0,7.0,3.0,0.0,0.0,24060101.0,-20.6096863506727,7.25533685622113,21.2247851371765,9.21494939804077
2024-06-01 19:11:31+00:00,GER,GER,26.11482257830708,25.80680563542048,0.0,25.82702777649614,25.8636673017703,25.725880188096358,-10.3984844712157,-11.027971780597,5.0051970308632905,-0.5223459311640362,-17.1542967231484,-1.3975030107327475,5.666795535476392,-17.4662751757536,-0.38894229949725817,-22.692809694690382,30.791072845459,10.524197673797598,1.0,329.730988522247,0.158722910284996,948.4140625,2775.005859375,50.453053530848,9.90203075408936,45.163744792306346,2.479158501483264,44.6496951,-7.71730438469776,440.1444405317308,1840.4862642288183,126.969993114471,39.5406931638718,-66.2088245153427,-63.5653284,3.0,345.995697021484,34.1338996887207,44.4049606323242,-209.710006713867,58.867597579956,54.7453343868256,-0.5119914337514055,-0.330994435634256,-0.4139930267984,6.3128939502965284,98.1990737915039,209.803604125977,2.0,7.0,3.0,0.0,0.0,24060101.0,-29.890186760897883,7.30529371358425,21.2239817619324,9.257314052581787
2024-06-01 19:11:32+00:00,GER,GER,25.922365947497383,25.86244128281428,0.0,25.8549113407638,25.812525918850362,25.572966937486477,-8.223110628588465,-11.02782493152985,5.003747493966682,-0.521618964248594,-14.375714297084699,-1.56223230717984,5.767698944613365,-21.5052088452071,-0.3493990473635161,-31.3850928475562,31.5949253082275,12.1774450492859,1.0,329.721016446059,0.159411808848381,951.380859375,2777.97265625,56.107483691851,11.5600642204285,51.508637068958706,2.452958834978106,44.6497109,-6.97782627024352,0.0,1840.5769824981683,72.5525468587875,11.3077722489834,-105.493530631065,-63.5652944,3.0,348.258514404297,34.1338996887207,44.4049606323242,-210.710006713867,58.9005053043366,56.3972294330597,-0.960483879449674,0.0859985516538735,-0.234996073488874,6.31769378035839,99.1990585327148,210.803665161133,2.0,7.0,3.0,0.0,0.0,24060101.0,-44.88716311205589,7.347989226086,21.2408432006836,8.444751663208006
2024-06-01 19:11:33+00:00,GER,GER,26.514182031530403,26.670635710696523,0.0,26.588982165206858,26.43367185970778,26.221728699196102,1.0126808787779948,-11.026058046968899,5.004109920879516,-0.2933920347805207,-3.5482240366048092,-1.5524625326570998,5.764461434946779,-22.249825140219222,-0.292453437721998,-35.993775284362776,32.1016250610352,14.12933086395264,1.0,329.718420974174,0.160085405409336,954.80859375,2781.400390625,62.4454074680026,13.2647003173828,56.8840437570829,3.2787450127092925,44.6497261,-7.09374012998733,0.0,1840.5225753784161,9.49665997177362,40.5888929963112,-81.7805007100105,-63.5652529,3.0,351.654113769531,34.1338996887207,44.4049606323242,-211.619995117188,58.9063107967377,56.404983997345,-0.4319927363759255,0.853985648920129,1.14098085969481,2.8171525896841416,100.199043273926,211.803726196289,2.0,7.0,3.0,0.0,0.0,24060101.0,-54.072335938073024,7.34048711705639,21.2376708984375,7.522297410964967
2024-06-01 19:11:34+00:00,GER,GER,28.297296829463317,28.809426462487643,0.0,28.755901002037923,28.83993760052898,29.080832908404023,6.435840514319246,-11.003823219899601,5.004109920879516,0.8684582167937492,1.0275859123519095,-1.5505629076385299,5.76446126419205,-20.72168403607856,0.7835363670892905,-35.61172660408136,33.2225566864014,16.5732989501953,1.0,329.722601049947,0.160791617631912,958.79296875,2785.384765625,66.5116854582888,15.4838115692139,58.51352027982555,3.544140550646598,44.6497416,-8.71502085261279,0.0,1840.604209899902,98.1594026088714,66.2094503641128,-138.107672333717,-63.5652029,3.0,355.255004882812,34.1338996887207,44.4049606323242,-212.619995117188,58.9121162891388,56.4224362373352,-0.8954849711826255,-0.929984470123773,0.3329944004006,0.02819951754618464,101.199028015137,212.803787231445,2.0,7.0,3.0,0.0,0.0,24060101.0,-57.366771133277574,6.70050052626031,20.71389427185055,6.991188955307005
2024-06-01 19:11:35+00:00,GER,GER,27.943956458791842,27.415209658535844,0.0,27.48595163531694,27.423267915718576,26.8203749723991,6.436868457789335,-10.978202753436051,5.0037474939666815,2.216742505505328,2.040464586471365,-1.55002016373161,5.764461434946779,-18.61982070203514,-1.1235815450896685,-33.30048006442718,35.2340675354004,18.840921020507817,1.0,329.731097805274,0.161519207060337,963.46484375,2790.056640625,65.2434900841467,18.0733474731445,57.9120299158521,5.40010943329541,44.6497603,-7.54381757977944,0.0,1840.5044317245458,65.695159137249,92.9088592529297,-25.6346818059683,-63.5651454,3.0,359.886108398438,34.1338996887207,44.4049606323242,-213.619995117188,58.914053440094,56.4243733882904,-1.1159812734350796,0.783986828737223,2.50295782607067,-1.36857706354821,102.199012756348,213.803848266602,2.0,7.0,3.0,0.0,0.0,24060101.0,-56.6252577932054,5.93010769496212,20.8872671127319,9.77658687319074
2024-06-01 19:11:36+00:00,GER,GER,25.480251559126522,24.338351846889278,0.0,24.36981477179144,24.267906983337035,23.74590397035802,6.43774955219227,-10.952140032223749,5.003384981676484,2.336670467424362,2.212252808720465,-1.550020163731608,5.767159188914205,-18.57557097998776,-1.734347055159954,-33.54733129725845,37.4372039794922,20.20750316619874,1.0,329.750686787814,0.162308809161186,968.740234375,2795.33203125,63.0263628682364,19.6488882064819,56.42255348807455,7.433675229884284,44.6497823,-6.7457940719676,0.0,1840.4862880706758,262.27855682373,291.238069534302,-4.70555853098631,-63.5650834,3.0,365.422485351562,34.1338996887207,44.4049606323242,-214.710006713867,58.9198589324951,56.4282536506653,0.12149796627712575,0.292995078393287,1.25097902856545,-1.764570364760828,103.198997497559,214.803909301758,2.0,7.0,3.0,0.0,0.0,24060101.0,-58.02869706008406,5.19710545361469,21.944056606292747,10.048644712993077
2024-06-01 19:11:37+00:00,GER,GER,24.23989432849406,21.63567433760028,0.0,19.849182011122778,17.538552920569582,14.45833994924796,6.4376027031251155,-10.935353988564799,5.004109920879516,3.034071628383566,0.908330902824979,-1.5486633039643019,5.765810141175763,-21.6940335229256,-9.78155446462345,-31.477420612680742,39.4358814239502,22.1643941116333,1.0,329.780384450325,0.162858916819096,974.40234375,2800.994140625,60.3837148670343,21.4340394973755,54.384088652926096,9.222645292860557,44.6498083,-6.06918400684192,0.0,1840.486288070678,470.233231782913,555.183529853821,146.57586812973,-63.565018,3.0,369.846313476562,34.1338996887207,44.4049606323242,-215.710006713867,58.9488983154297,56.4418256282806,-0.8944850688407355,-1.36297705548074,1.66097201910946,-1.352777348564194,104.19898223877,215.803970336914,2.0,7.0,3.0,0.0,0.0,24060101.0,-57.2797203723058,4.15323526304377,22.484770202636703,11.64435029983522
2024-06-01 19:11:38+00:00,GER,GER,23.793754909645298,20.98268537181334,0.0,18.40483435073876,15.308886843380941,12.10432737538886,6.436868457789335,-10.927696492731549,5.004109920879516,4.568426240989567,-2.172328752196155,-1.55029153568507,5.765810141175762,-22.986431330882198,-11.689427534256462,-31.76632941834532,41.1368808746338,23.2806616973877,1.0,329.85210143661,0.162513113021851,980.599609375,2807.19140625,57.5083486604315,22.9704843521118,54.27309124872425,9.602838893763396,44.6498385,-4.17772319876556,0.0,1840.005469322204,435.152113437653,544.636249542236,89.657336473465,-63.5649495,3.0,376.745513916016,34.1338996887207,44.4049606323242,-216.710006713867,58.9547038078308,56.445699930191,-0.53649102881955,1.34097765649436,-0.613989663515394,1.3849767959765749,105.19896697998,216.80403137207,2.0,7.0,3.0,0.0,0.0,24060101.0,-59.534716889050344,3.09298990738116,23.40094242095945,11.93407579830715
2024-06-01 19:11:39+00:00,GER,GER,23.795857241871857,20.367212586080537,0.0,17.0108357713309,13.13277832853112,8.461904116501142,6.43716215592365,-10.87586645598855,5.004109920879516,5.359952189843966,0.21381783132741952,-1.5486633039643019,5.76527072698606,-22.35129443052894,-15.333952613106518,-32.17934276122894,41.8700534820557,24.88535739898682,1.0,329.98228484219,0.161392499506474,987.09765625,2813.689453125,58.059326360398,24.1339879989624,55.1780776533726,9.317243412865235,44.6498701,-3.17980652093048,0.0,1839.6879673004157,521.533370018005,671.532154083252,209.284767508507,-63.5648774,3.0,382.548309326172,34.1338996887207,44.4049606323242,-217.619995117188,58.9759945869446,56.4670324325562,-1.11498131773233,-0.358993969043503,-0.259995659748605,-0.16099728508666128,106.198951721191,217.804092407227,2.0,7.0,3.0,0.0,0.0,24060101.0,-61.95360379492932,1.88875840104256,23.83474359512325,10.820056424822116
2024-06-01 19:11:40+00:00,GER,GER,23.726619955764882,19.290562354003338,0.0,15.091972671191296,9.97398129873287,4.333899572251398,6.437896401259425,-10.847152767604651,5.00302255476365,5.258921995320525,0.6477571582765851,-1.549748791778148,5.7658103119304895,-21.757738355804882,-19.39272081040032,-32.8262955473369,43.3702777862549,26.352432861328122,1.0,330.122085154122,0.160322512686253,994.060546875,2820.65234375,58.2362897316039,25.9685932159424,54.85257986583375,9.300644004125349,44.6499037,-3.73183820446337,0.0,1839.6335363388057,472.861111164093,625.361919403076,151.608526706696,-63.5648001,3.0,388.396514892578,34.1338996887207,44.4049606323242,-218.619995117188,59.003096818924,56.4980506896973,-0.30799483581871595,1.02398292086366,-0.27899529834845,-0.26519554679675894,107.198936462402,218.804153442383,2.0,7.0,3.0,0.0,0.0,24060101.0,-64.94144545867042,0.58168852499164,24.121678161621098,9.770517110824589
2024-06-01 19:11:41+00:00,GER,GER,22.444660725916783,17.26369210648048,0.0,13.102478926354019,8.139030658396155,2.69087257318134,6.436868457789335,-10.8165253455927,5.004109920879516,5.085934562607892,0.736016329122961,-1.548934675917764,5.7650010198912085,-21.28128997251416,-19.75378817407982,-32.4584454643021,43.2923366546631,27.317683067321763,1.0,330.324094829015,0.158929306268692,1001.408203125,2828.0,57.8889336311737,26.9314075469971,54.50208870857455,8.79565208953844,44.6499393,-3.62289839474896,0.0,1839.615416526794,659.038186073303,674.686908721924,250.109195709228,-63.5647198,3.0,396.069091796875,34.1338996887207,44.4049606323242,-219.619995117188,59.045684337616,51.4841914176941,-0.3599939914473155,-1.01698293745975,-0.613989663515394,-0.316594707992875,108.198921203613,219.804214477539,2.0,7.0,3.0,0.0,0.0,24060101.0,-67.06824342280731,358.977148208568,23.6534537315369,8.876199654170447
2024-06-01 19:11:42+00:00,GER,GER,20.98158605286644,17.934518111284902,0.0,14.997853347447421,11.86501718366548,8.878864284196704,6.4376027031251155,-10.80592403822715,5.003384981676485,5.810591849582126,-1.51038689183904,-1.5497487917781458,5.7623029244143265,-20.19106883757508,-12.10272176866972,-32.6919887565545,43.2715244293213,28.159905624389644,1.0,330.604788283145,0.157173398137093,1009.01953125,2835.611328125,56.473431567202,27.8535398483276,54.95508051470815,8.096064158139084,44.649977,-2.19290053492429,0.0,1839.4702672958338,529.044985771179,600.1335978508,192.564100027084,-63.5646378,3.0,403.640106201172,34.1338996887207,44.4049606323242,-220.619995117188,59.0437471866608,47.1353501081467,-0.44899249025070553,-0.0319994662769895,-0.159997314709681,1.605772991558356,109.198905944824,220.804275512695,2.0,7.0,3.0,0.0,0.0,24060101.0,-69.19249509242164,357.258153519016,23.75465841293335,8.414331788283128
2024-06-01 19:11:43+00:00,GER,GER,20.82722480215252,17.72867704177766,0.0,14.704671575438141,10.99060697461034,7.500881388486813,6.43804346376999,-10.794733200158952,5.004109920879516,5.75099127737514,-0.2090914971692759,-1.549477419824686,5.749622592842832,-20.09112507001648,-13.326344182061998,-32.69446196805298,43.5324291229248,29.071655502319338,1.0,330.880618642587,0.155514411628246,1016.8671875,2843.458984375,58.4411339350018,28.7523279190064,56.256057381771754,8.057864959167954,44.6500145,-2.68203706181535,0.0,1839.4702911376942,523.534715175629,622.401833534241,202.402532100678,-63.5645519,3.0,411.473907470703,34.1338996887207,44.4049606323242,-221.710006713867,59.0437471866608,47.1217781305313,-0.5449908790765134,-0.030999480558764,0.343994206615494,0.5783902933425071,110.198890686035,221.804336547852,2.0,7.0,3.0,0.0,0.0,24060101.0,-70.87776230785224,355.617951891729,23.48917980194095,8.059604031699044
2024-06-01 19:11:44+00:00,GER,GER,20.82928000607378,18.441331125059257,0.0,15.979508284019738,13.441583646002622,10.472611575126832,6.438190312837145,-10.78751795907445,5.003747493966682,5.204772682467487,0.7943287489968295,-1.5494774198246861,5.75205046896068,-20.11019837327374,-10.356668943211124,-32.581970118460696,43.5939010620117,29.440649185180643,1.0,331.152596775337,0.153429704904556,1024.9609375,2851.552734375,58.8967417035875,29.4328296661377,56.52905150516065,7.777269689006434,44.6500522,-2.68293864678579,0.0,1839.506554603576,532.924056053162,638.647019863129,203.950271010399,-63.5644634,3.0,420.507110595703,34.1338996887207,44.4049606323242,-222.710006713867,59.045684337616,47.1198409795761,-0.14099762399962826,0.432992718759097,-0.489991794641191,-0.2765953576376081,111.198875427246,222.804397583008,2.0,7.0,3.0,0.0,0.0,24060101.0,-71.92666899453978,354.119845519935,23.271344947814903,7.551892518997192
2024-06-01 19:11:45+00:00,GER,GER,20.85601404950414,20.17855217441158,0.0,19.82981637576904,19.239139567289598,18.9620821643634,6.43716215592365,-10.7866343033506,5.002660042473452,4.09598179996769,1.286584271100205,-1.54839193201084,5.75205046896068,-19.01272733404014,-1.8939322373223342,-31.48869315688692,43.3665767669678,29.616893234252917,1.0,331.208495043504,0.150287309288979,1033.142578125,2859.734375,58.3913964974657,29.5730083465576,55.97256184253385,7.2702780657852655,44.6500905,-2.52961285275006,0.0,1839.461207389832,540.426731109619,594.684481620789,246.231839060783,-63.5643744,3.0,426.939788818359,34.1338996887207,44.4049606323242,-223.619995117188,59.045684337616,47.1043288707733,-0.10249828390470582,-0.317994664653017,-0.923984469103034,-0.6795886039010242,112.198860168457,223.804458618164,2.0,7.0,3.0,0.0,0.0,24060101.0,-70.29045346565255,352.732278929669,22.6348262786865,9.327564300809586
2024-06-01 19:11:46+00:00,GER,GER,20.86423964632158,20.3671323313578,0.0,20.0344645527377,19.58852423390326,18.35949726257548,6.43745585405796,-10.7882539119575,5.003384981676485,3.423656312508352,1.22932092559417,-1.548934675917764,5.7520508104701396,-18.179993060998363,-2.50474285332157,-30.13350917649446,43.9557357788086,29.654154052734377,1.0,331.268573387444,0.146705111861229,1041.373046875,2867.96484375,58.5951068894614,29.6268070220947,55.3135715310327,8.06046487067552,44.6501289,-3.35724096174566,0.0,1839.542841911314,516.858637332916,531.765341758728,219.214737415314,-63.5642851,3.0,429.265197753906,34.1338996887207,44.4049606323242,-224.619995117188,59.0418100357056,47.0985114574432,-0.08849851928449054,-0.290995140307369,1.26597876431304,-0.7267878044032627,113.198844909668,224.80451965332,2.0,7.0,3.0,0.0,0.0,24060101.0,-67.08657155242612,351.732940291826,22.063449668884253,12.404981517791752
2024-06-01 19:11:47+00:00,GER,GER,20.853956796526138,19.65432491032932,0.0,18.50470947489618,17.09367367162266,14.910071414724978,6.437602916568525,-10.788106636003551,5.00447234779235,2.87198654362411,2.115061564708715,-1.549206047871226,5.75124100616667,-19.308362168489857,-5.943885082980362,-28.80542704521914,43.970182800293,29.54865852355956,1.0,331.320400862866,0.143696102499962,1049.609375,2876.201171875,58.3024059627696,29.6071483612061,54.14009380520575,9.19104576417495,44.6501678,-4.0012712379738,0.0,1839.4702911376942,565.679550170898,635.684192180634,192.509889602661,-63.5641962,3.0,421.754486083984,34.1338996887207,44.4049606323242,-225.619995117188,59.045684337616,47.108206152916,0.2524957785346,-0.194996738141347,1.0549822680203,-1.7673703261058802,114.198829650879,225.804580688477,2.0,7.0,3.0,0.0,0.0,24060101.0,-65.27655093180525,351.248734521185,21.2037162780762,13.840505740221815
2024-06-01 19:11:48+00:00,GER,GER,20.84778947721506,18.463695213458617,0.0,16.05584760082566,13.06909774282342,9.423083341224835,6.43804325032658,-10.79134628010425,5.003385067053848,1.887848256991316,1.084322893064817,-1.5486633039643019,5.75205081047014,-19.945024591594258,-11.424705965235479,-27.280055241277438,43.3990688323975,29.46868766784666,1.0,331.380697772859,0.140318316221237,1057.814453125,2884.40625,55.7342889857907,29.4572124481201,52.72411533553935,9.145846987342392,44.6502087,-3.10765645796329,0.0,1839.5156145095818,631.068587303162,662.106454372406,288.01304101944,-63.5641098,3.0,414.131103515625,34.1338996887207,44.4049606323242,-226.619995117188,59.045684337616,47.1062690019608,-0.11349810220916814,-0.768987039628788,-0.576990315338024,-0.5585905967989728,115.19881439209,226.804641723633,2.0,7.0,3.0,0.0,0.0,24060101.0,-63.61126201969694,350.868812078793,20.5117106437683,14.504879583631237
2024-06-01 19:11:49+00:00,GER,GER,20.84367633729688,17.898371042649877,0.0,14.83927974831764,11.23753453480558,7.2322177757863795,6.4370155202999,-10.799592025979749,5.003022640141014,2.607781123460994,-0.34463114176591747,-1.549206047871226,5.75205046896068,-20.44245292544904,-13.611458988397299,-26.79608511216328,43.9951389312744,29.803544082641583,1.0,331.449573400449,0.136859406530857,1066.001953125,2892.59375,55.3052267474142,29.583857345581,52.8486160237303,8.30326067868709,44.6502506,-2.98916569591167,0.0,1839.488434791562,562.189698219299,643.229067325592,178.405001759529,-63.564024,3.0,405.886291503906,34.1338996887207,44.4049606323242,-227.710006713867,59.0495526790619,47.1062690019608,-0.6999882551899075,-1.02498279652513,-0.919984646292051,1.166380412227382,116.198799133301,227.804702758789,2.0,7.0,3.0,0.0,0.0,24060101.0,-61.15934022087824,350.631722552323,21.196883296966547,15.590730857849122
2024-06-01 19:11:50+00:00,GER,GER,20.83956251435978,16.559243812467724,0.0,11.996223068564682,6.567365625184776,0.883014945404548,6.437309004990805,-10.799886577887701,5.003747493966682,3.8830176969297967,-3.538242041968055,-1.5497487917781478,5.751780761865829,-21.404503170046603,-19.956547803743,-26.550361543563962,46.1963047027588,30.2528409576416,1.0,331.451513174174,0.133380112051964,1074.29296875,2900.884765625,55.9080592435596,30.0806282043457,55.0665782302667,7.909267192830429,44.6502922,-2.09553191943753,0.0,1839.5065546035737,413.501501083374,520.891487598419,155.977457761765,-63.563936,3.0,398.947204589844,34.1338996887207,44.4049606323242,-228.710006713867,59.0476214885712,47.1043288707733,-0.8139863535932415,-0.161997279476025,-0.34199424184915,4.467725005452022,117.198783874512,228.804763793945,2.0,7.0,3.0,0.0,0.0,24060101.0,-58.946444990177646,350.886324683825,22.9936148643494,17.14822546306407
2024-06-01 19:11:51+00:00,GER,GER,20.81694365990434,14.884585929874898,0.0,8.542653003435252,1.1525893851751383,-6.64198181332917,6.438190312837145,-10.794291372297,5.00302255476365,5.153894005698508,-3.7236913896091304,-1.548934675917764,5.575335118999056,-21.805421272438558,-27.45892662582794,-27.210830932529923,48.6518417358398,31.106467666625964,1.0,331.241607800601,0.129933406412601,1082.7109375,2909.302734375,60.833018371016,30.680680847168,59.839000450536545,7.4568751626833345,44.6503302,-2.34774818048448,0.0,1839.4884109497082,438.605099916458,525.40248632431,120.859809219837,-63.5638426,3.0,393.201110839844,34.1338996887207,44.4049606323242,-229.710006713867,59.0572953224182,59.4198942184448,-1.19248000578903,-0.938984311572323,-0.339994277082805,4.914917639470812,118.198768615723,229.804824829102,2.0,7.0,3.0,0.0,0.0,24060101.0,-59.531293598238335,351.79504037176,24.6862226486206,16.78114624023437
2024-06-01 19:11:52+00:00,GER,GER,20.821055775294138,14.798957214288299,0.0,8.639292837737559,2.015176824925594,-5.235008521196616,6.43774955219227,-10.77735805268405,5.002660127850815,6.2837629373543304,-4.36672157673239,-1.4686052479760678,5.735053970097924,-21.43730891013966,-26.056064509934203,-29.5748468306927,50.1442417144775,32.21556015014649,1.0,330.978208385448,0.126532405614853,1091.380859375,2917.97265625,65.1072892819075,31.7589305877686,65.3274057882895,6.346693482913793,44.6503639,-1.49598154263181,0.0,1839.5609617233258,371.898680925369,425.352364778519,119.226261973381,-63.5637421,3.0,384.6416015625,34.1338996887207,44.4049606323242,-230.619995117188,59.0747177600861,60.9554648399353,-0.9979833255403341,0.419992947777859,-1.76497040040278,5.6101058191389335,119.198753356934,230.804885864258,2.0,7.0,3.0,0.0,0.0,24060101.0,-64.127203581297,353.179164546684,26.55409240722655,14.42067227614552
2024-06-01 19:11:53+00:00,GER,GER,20.82722309460524,16.330042812980178,0.0,11.65213538440706,6.471249666391792,0.7738461344216548,6.4371621559236445,-10.7166918855892,5.0037474939666815,7.114538397519477,-2.593660817257735,-1.0037262232996755,6.48076796188703,-20.95018016004378,-20.05337768805896,-30.378228024266843,51.0406814575195,33.40752937316891,1.0,330.630497115181,0.122836415469646,1100.365234375,2926.95703125,71.043181293323,33.042264175415,70.1348310205084,6.017498940864052,44.6503913,-2.09311894166981,0.0,1839.542841911314,331.137806177139,382.691890001297,102.838575839996,-63.5636335,3.0,378.065093994141,34.1338996887207,44.4049606323242,-231.619995117188,59.0960144996643,67.4021363258362,-0.9159846900789375,0.27899529834845,-0.585990156786573,4.007532813895411,120.198738098145,231.804946899414,2.0,7.0,3.0,0.0,0.0,24060101.0,-66.35997056436887,354.489003584196,26.8349561691284,12.819587945938105
2024-06-01 19:11:54+00:00,GER,GER,20.8087194291247,15.356297576976198,0.0,9.504876734837756,2.9648281951063558,-4.236735715290932,6.437309004990805,-10.71050757618255,5.00302255476365,5.924705442215456,-1.905975813836285,-0.9461931280101069,6.5382348683746745,-21.404121703981442,-25.045455718451322,-30.54490991171508,51.4300506591797,34.34667434692382,1.0,330.297293166711,0.119817200303078,1109.66796875,2936.259765625,75.8553569221096,33.9294582366943,74.05876103830235,6.906484261343811,44.6504129,-2.88523732405735,0.0,1839.5246982574458,469.237059354782,520.834565162659,206.408143043518,-63.5635186,3.0,369.878387451172,34.1338996887207,44.4049606323242,-232.619995117188,59.0960144996643,67.4060165882111,-0.6129897078126485,-0.00899984811865622,1.1339809830126,3.2397456143882115,121.198722839355,232.80500793457,2.0,7.0,3.0,0.0,0.0,24060101.0,-67.27764472841939,355.971728369979,26.81581077575685,12.154227161407443
2024-06-01 19:11:55+00:00,GER,GER,20.784050834899396,13.594432351324858,0.0,5.875206036772003,-2.42992923002148,-11.558219941809961,6.436721608722181,-10.65573202035995,5.003384981676485,6.764203651592266,-0.14762630799826698,-0.945921756056646,6.538504575469524,-21.476599914849622,-32.342270776709356,-30.9241493351909,52.9662998199463,35.844292144775395,1.0,329.798498112004,0.116630803048611,1119.23828125,2945.830078125,79.0520562084048,35.0966114044189,76.84271199305371,7.291077870109976,44.6504299,-2.90046971312353,0.0,1839.443087577818,533.509612083435,601.222395896912,236.374825239182,-63.5633981,3.0,359.113189697266,34.1338996887207,44.4049606323242,-233.710006713867,59.0940773487091,67.4040734767914,-0.8194862567006884,0.638989223094699,-0.486991847491674,1.7883700015092163,122.198707580566,233.805068969727,2.0,7.0,3.0,0.0,0.0,24060101.0,-68.51744700618175,357.676461624544,27.3596134185791,13.529057693481466
2024-06-01 19:11:56+00:00,GER,GER,20.784050834899396,13.5627129528193,0.0,5.985867822553535,-2.1208773000322503,-10.82255324366731,6.4376027031251155,-10.597715966663099,5.003747493966682,7.08328456178324,1.50302843022541,-0.9464644999635679,6.538774453319104,-21.456000405822277,-31.606604078566676,-32.03725980007652,53.8026340484619,36.85945220947266,1.0,329.079798286778,0.113923408091068,1129.2421875,2955.833984375,80.4689857819131,36.7557186126709,77.67019624118996,6.8346853127886416,44.6504449,-2.979672586739,0.0,1839.524722099302,581.556260585785,671.097874641418,324.818789958954,-63.5632718,3.0,350.302886962891,34.1338996887207,44.4049606323242,-234.710006713867,59.1056883335114,72.7029502391815,-0.4589923140824265,1.40197647514616,0.119997992702367,-0.1417976166596486,123.198692321777,234.805130004883,2.0,7.0,3.0,0.0,0.0,24060101.0,-72.0481179542096,359.251230039582,27.87750635147095,10.444568780752316
2024-06-01 19:11:57+00:00,GER,GER,20.76144529931284,13.72964243462494,0.0,6.115145459672672,-2.0488968978968196,-9.971738606118873,6.4376027031251155,-10.541321229120399,5.00302255476365,7.75815352631213,2.3787900028800104,-0.945921756056646,6.5385045754695215,-23.139398198477103,-30.733184759205404,-32.97261527483148,53.4967300415039,37.471081695556634,1.0,328.322904043714,0.11127390190959,1139.486328125,2966.078125,81.0591551073372,37.030256652832,77.19570641464375,6.112897644416822,44.65046,-3.70449012702664,0.0,1839.4974708557118,761.405467987061,770.450532436371,452.388733625412,-63.5631433,3.0,338.615386962891,34.1338996887207,44.4049606323242,-235.710006713867,59.1192424297333,72.7087676525116,-0.2374960094364845,-0.500991600856085,0.473992023149583,-0.8259861141768591,124.198677062988,235.805191040039,2.0,7.0,3.0,0.0,0.0,24060101.0,-74.47102510943407,0.110696308919335,28.067926025390648,5.51827597618103
2024-06-01 19:11:58+00:00,GER,GER,20.7737765228404,11.86258136745274,0.0,2.324692321988228,-7.717819210206452,-18.25908870064388,6.436868457789335,-10.5103988283136,5.00302255476365,7.751612254144005,2.3787901096017148,-0.9470072865591723,6.538234868374671,-21.93893268769208,-39.03286385744644,-32.92662487907416,53.4662841796875,38.26128501892088,1.0,327.552294780797,0.10873890593648,1149.921875,2976.513671875,78.9030283109043,37.9589515686035,76.80521425451036,4.105731083922918,44.6504772,-2.25641702533718,0.0,1839.479351043698,865.686535835266,880.084335803986,596.937239170074,-63.5630125,3.0,330.440185546875,34.1338996887207,44.4049606323242,-236.710006713867,59.140533208847,72.722339630127,0.48549186057670246,1.43197594664132,-2.09396503135325,-0.664788843285735,125.198661804199,236.805252075195,2.0,7.0,3.0,0.0,0.0,24060101.0,-76.28668336819588,0.46183151166261,28.16488122940065,7.06524200439453
2024-06-01 19:11:59+00:00,GER,GER,20.75733967260278,11.933440994242279,0.0,2.587499730494288,-7.553252803098891,-17.81696406698926,6.43745585405796,-10.5214423904279,5.004109920879516,7.065477746352831,1.68374867227904,-0.9472786585126334,6.538504746224254,-20.94293196329658,-38.574302715063666,-33.73879925818576,53.6290431976318,38.80032714843752,1.0,326.788515707049,0.106855405122042,1160.5703125,2987.162109375,78.8579627227606,38.6927490234375,76.24471868593535,1.0113830788026699,44.6504953,-3.13854385405056,0.0,1839.42492008209,1183.04085731506,1027.25279331207,878.746390342712,-63.5628797,3.0,317.969696044922,34.1338996887207,44.4049606323242,-237.710006713867,59.1463387012482,72.7359116077423,0.7774869432466041,-0.203996579589896,-2.95695046836107,0.6975882761259522,126.19864654541,237.805313110352,2.0,7.0,3.0,0.0,0.0,24060101.0,-78.80216144327937,0.402446645367346,28.235922431945802,5.1669644594192485
2024-06-01 19:12:00+00:00,GER,GER,20.83339656108654,14.65805912020212,0.0,8.444856561974328,1.6895766379100579,-4.274790560221241,6.4371621559236445,-10.5420576088903,5.003384981676484,4.7039811634654,3.828758802229265,-0.9464644999635681,6.539043989659225,-17.76000199685864,-25.108186566354902,-34.527701133738404,53.4881984710693,39.9890210723877,1.0,326.047003049996,0.10672000721097,1171.361328125,2997.953125,80.3643746045852,39.171183013916,76.67471324513349,-3.122547849835164,44.650512,-3.62201175081733,0.0,1839.4793272018421,1456.52008056641,1247.43568897247,1266.28494262695,-63.562744,3.0,310.878814697266,34.1338996887207,44.4049606323242,-238.619995117188,59.1444075107574,72.291910648346,-0.379493607898535,-2.86295191089948,-6.46789117699953,-1.1739802409868951,127.198631286621,238.805374145508,2.0,7.0,3.0,0.0,0.0,24060101.0,-79.17908270055088,359.954548278797,28.36396551132205,3.0008197665214547
2024-06-01 19:12:01+00:00,GER,GER,20.87452215460758,16.61568576369304,0.0,12.06362388755854,7.091426147273897,1.4149015249250938,6.436427910587865,-10.51540535697525,5.003384981676484,6.444757411658064,3.9033598358914348,-0.945921756056646,6.540123330302817,-16.685038821506442,-19.459620805773262,-30.22384594147598,57.4262237548828,42.061294555664055,1.0,325.23120525553,0.106725304573774,1182.533203125,3009.125,80.2344644065716,41.486661529541,74.32175405719909,-2.95975033365659,44.6505292,-5.14221549212353,0.0,1839.542865753172,1050.30369758606,962.623000144958,1187.91329860687,-63.5626017,3.0,298.912994384766,34.1338996887207,44.4049606323242,-239.619995117188,59.1463387012482,65.2131736278534,-2.6324559715782847,-1.22997939851884,1.45297557668794,-3.500941183627512,128.198623657227,239.805435180664,2.0,7.0,3.0,0.0,0.0,24060101.0,-71.90685324971973,359.660959427513,27.427490901947003,14.283682937622075
2024-06-01 19:12:02+00:00,GER,GER,19.231028717650197,14.229897783777181,0.0,9.493802778381683,4.024846404290381,-2.019289015020592,6.437015306856495,-10.5323386765882,5.003385067053848,4.2006462527711275,2.193341722455995,-0.9461931280101069,6.539314038263534,-16.172733311111,-21.25031779670384,-28.0751824927491,59.1575317382812,42.9647064971924,1.0,324.340002172626,0.106754902750254,1194.244140625,3020.8359375,75.8388005435615,42.5166332244873,71.77179513812865,-1.7509706470383672,44.6505538,-4.01156390616619,0.0,1839.461183547974,991.514980792999,932.481408119202,1045.44401168823,-63.5624565,3.0,286.183013916016,34.1338996887207,44.4049606323242,-240.710006713867,59.1482758522034,57.620644569397,-1.24747909022435,0.847985701260243,0.743987480049483,-0.96418382493958,129.198684692383,240.80549621582,2.0,7.0,3.0,0.0,0.0,24060101.0,-68.55066494819118,0.0214353630986349,27.241311264038103,17.24230350494384
2024-06-01 19:12:03+00:00,GER,GER,18.76026680835298,12.800377610307601,0.0,6.172366137840735,-0.8105610030523103,-8.273434437864754,6.4373090049908,-10.52291514996765,5.003747493966682,3.9713287985582055,1.531397887747325,-1.0569173459895247,6.41817542531412,-17.41782898548012,-27.033701587727222,-25.72703244100934,61.2292579650879,44.1503352355957,1.0,323.887898291085,0.107290506362915,1206.2109375,3032.802734375,74.329424359637,43.7266227722168,70.81680833366124,-0.7495874240839295,44.6505824,-3.39958770771292,0.0,1839.4521236419678,1029.99150753021,950.041592121124,1043.28334331512,-63.562309,3.0,276.796203613281,34.1338996887207,44.4049606323242,-241.710006713867,59.1482758522034,52.083295583725,-1.142980771100302,0.881985209009803,0.822986141680938,-0.6313893639862032,130.198745727539,241.805557250977,2.0,7.0,3.0,0.0,0.0,24060101.0,-65.09741829251898,0.557431054793487,26.7501082420349,23.4344194793701
2024-06-01 19:12:04+00:00,GER,GER,18.7683807315775,11.97872805126988,0.0,4.655635035463298,-2.6872015386015278,-10.55520683294832,6.437015306856495,-10.517761345352099,5.00302255476365,4.691625351256848,2.50172230888284,-1.226803125767028,6.256838160891412,-15.09014047294644,-29.32358671075218,-24.798848664882883,61.344841003418,45.627943496704106,1.0,323.577616457469,0.10823520720005,1218.501953125,3045.09375,73.5307225286633,44.840172958374,70.0833279790719,-1.5139746301274901,44.6506141,-3.21421338543101,0.0,1839.415836334228,1062.95239925385,994.387328624725,1000.69868564606,-63.5621583,3.0,262.807312011719,34.1338996887207,44.4049606323242,-242.710006713867,59.1560184955597,46.9841212034225,-1.6974714294561,-1.11298124624428,-0.715987973320662,-1.4427757563795818,131.198806762695,242.805618286133,2.0,7.0,3.0,0.0,0.0,24060101.0,-65.91711612500137,1.28569037009258,25.56223554611205,20.922371322230298
2024-06-01 19:12:05+00:00,GER,GER,18.764326331286203,11.465858879513199,0.0,3.613684939134118,-4.778312695472002,-13.037897609449548,6.436574759655025,-10.51157703594545,5.002660127850815,3.9106377012728557,3.169967953596195,-1.2276172843160917,6.29541908205978,-14.50116164949464,-31.80222411149046,-24.4836730007272,62.0067535400391,47.00359382629396,1.0,323.264192736836,0.109349309653044,1231.220703125,3057.8125,72.3369557259068,46.5521278381348,68.58134889001855,-2.5275576061401184,44.6506489,-3.52767616620887,0.0,1839.343309402468,927.629768848419,860.983490943909,889.351963996887,-63.5620032,3.0,253.288696289062,34.1338996887207,44.4049606323242,-243.619995117188,59.1753780841827,39.5273089408874,-1.5524740372569799,0.76098718056341,-0.789986776397109,-1.8131695726160182,132.198867797852,243.805679321289,2.0,7.0,3.0,0.0,0.0,24060101.0,-67.52803263320293,1.63045633472343,24.978036689758298,18.24990600585938
2024-06-01 19:12:06+00:00,GER,GER,18.81304299705078,14.048813759445078,0.0,9.0968704328799,3.767908433470206,-1.3930965835588227,6.436427910587865,-10.5083369649579,5.002660127850815,3.765997133097026,3.35541826173262,-1.203192826664908,6.29676847130768,-14.354678509724138,-20.20613930846926,-24.163782456987498,62.3596893310547,48.22848083496091,1.0,322.976013395375,0.110469299554825,1244.310546875,3070.90234375,70.5611338624601,47.8167297363281,66.37638965611461,-2.9761501728066597,44.650688,-3.62863831497271,0.0,1839.3523454666179,822.4937915802,759.307146072388,902.019083499908,-63.5618452,3.0,241.379302978516,34.1338996887207,44.4049606323242,-244.619995117188,59.1850578784943,32.2430551052094,-1.4689752948186952,0.503991548005602,0.788986740653084,-2.36216039189739,133.198928833008,244.805740356445,2.0,7.0,3.0,0.0,0.0,24060101.0,-67.77410385843095,1.45326895465713,24.16144695281985,16.65031610216413
2024-06-01 19:12:07+00:00,GER,GER,18.8252246394355,14.24620383589224,0.0,9.652981020007745,4.674582022909598,-0.4132921213235122,6.43745585405796,-10.5139330243223,5.002297615560617,2.361383030992478,4.256919028748445,-1.195594134491562,6.2970381784025315,-14.88300576561042,-19.238516312527842,-23.257349076763496,62.8537719726562,48.86028259277343,1.0,322.701303186957,0.111518901586533,1257.724609375,3084.31640625,69.0392447719762,48.499983215332,64.03192722350775,-2.3727603759137437,44.6507305,-4.52917015562174,0.0,1839.352369308474,1023.94437789917,907.610774040222,1017.73202419281,-63.5616855,3.0,227.429092407227,34.1338996887207,44.4049606323242,-245.619995117188,59.186989068985,25.5230039358139,-1.000983219328996,-0.385993546750005,-1.04698251567662,-3.226145768599706,134.198989868164,245.805801391602,2.0,7.0,3.0,0.0,0.0,24060101.0,-65.93401264697015,0.984745725237762,22.8774627685547,20.160674428939807
2024-06-01 19:12:08+00:00,GER,GER,18.825224639435522,14.5817474656623,0.0,10.137212745367126,5.159613264600018,-0.9247765576033429,6.437309004990805,-10.4897844636249,5.001210164067388,3.079135594357384,4.2553436029277005,-1.1953227625381,6.2970378368930735,-14.9058930465002,-19.75000151720398,-20.728269021457358,63.4242988586426,49.44438102722169,1.0,322.450990414254,0.112569107115269,1271.322265625,3097.9140625,65.9683644003818,49.3171119689941,59.927495796517846,-1.563773752809464,44.6507798,-4.92178863902111,0.0,1839.2707347869878,1100.71337223053,953.131139278412,1026.46267414093,-63.561527,3.0,212.963592529297,34.1338996887207,44.4049606323242,-246.710006713867,31.8757265806198,25.4144281148911,-1.565473701516515,-0.251995774002801,1.91396798893884,-4.303127947870568,135.19905090332,246.805862426758,2.0,7.0,3.0,0.0,0.0,24060101.0,-61.18053293183495,0.517317193715444,21.5176823616028,24.87467834472654
2024-06-01 19:12:09+00:00,GER,GER,18.831313070061597,14.249637371988001,0.0,9.67896596244088,4.642447775789345,-0.5349761248781564,6.437015306856495,-10.4999443700153,5.0015725909802216,2.678284299753254,2.89783774241555,-1.1980363966953438,6.29649842270337,-14.51069710584016,-19.36628951510492,-20.24782053787926,63.6058135986328,49.191890487670875,1.0,322.300808214784,0.113595709204674,1285.056640625,3111.6484375,60.3184524095148,49.2651775360107,56.84104771625765,-2.1799635589947357,44.6508387,-3.22914097730549,0.0,1839.3069982528698,1032.12642669678,1010.33771038055,1051.84483528137,-63.561375,3.0,199.96369934082,34.1338996887207,44.4049606323242,-247.710006713867,31.8544328212738,25.3950417041779,-1.169480410976065,1.11098128147794,-0.10299827217812,-1.4097763163905608,136.199111938477,247.805923461914,2.0,7.0,3.0,0.0,0.0,24060101.0,-61.40982101623447,0.139909007989159,21.676518917083698,24.974438422066818
2024-06-01 19:12:10+00:00,GER,GER,18.86989373509794,15.2451447859707,0.0,11.50235958119246,7.553508593683313,3.052910229265472,6.438190312837145,-10.501416702668251,5.001935103270419,3.7172988234658475,0.706071472460729,-1.195865506445024,6.2970378368930735,-13.468921648910339,-15.816982908190898,-18.77828587191186,63.4738952636719,49.6174211883545,1.0,322.403015165524,0.114643809199333,1298.720703125,3125.3125,58.899938232119,49.3274700164795,56.507053173391355,-1.6169729223159313,44.6509012,-2.98520013076825,0.0,1839.3160581588777,982.072353363037,944.109320640564,1035.52341461182,-63.5612258,3.0,190.530899047852,34.1338996887207,44.4049606323242,-248.710006713867,31.8273335695267,25.3814697265625,-2.021966193043145,-1.1989799446405,1.10298152913427,0.8795851819210789,137.199172973633,248.80598449707,2.0,7.0,3.0,0.0,0.0,24060101.0,-58.98380749097544,359.412313220968,21.21318340301515,26.18522509166171
2024-06-01 19:12:11+00:00,GER,GER,18.82319539023312,13.866347304824899,0.0,8.793943688472288,2.893319956477728,-3.6085789031540303,6.4383371619043,-10.49582149707755,5.002297530183254,3.4178416870905544,1.2345736612310216,-1.1983078113374879,6.297037495383616,-13.532244332705499,-22.431774891028663,-18.540858251078483,64.0774978637695,49.64704444885254,1.0,322.573605970234,0.115737614035606,1312.51953125,3139.111328125,59.5714687709363,49.7946807861328,56.7165504431613,-0.6695887587249615,44.6509641,-2.90193500214391,0.0,1839.2888545989997,858.486533164978,882.514297962189,869.127035140991,-63.5610755,3.0,176.532302856445,34.1338996887207,44.4049606323242,-249.710006713867,31.8253964185715,25.3717750310898,-0.814486398145682,1.74897068227202,0.877985226116261,0.471392053945595,138.199234008789,249.806045532227,2.0,7.0,3.0,0.0,0.0,24060101.0,-59.21660219449486,359.213418112337,20.79894218444825,27.617368125915554
2024-06-01 19:12:12+00:00,GER,GER,18.82116409197394,13.62809784147964,0.0,8.363911733988427,2.6375012402191063,-4.160295373456718,6.437896614702835,-10.505097747744049,5.001210164067388,2.486762551086242,2.046766343115195,-1.1985791192579238,6.297577592592235,-13.52728527385862,-22.98145997769482,-18.842259814244397,63.0473098754883,49.75644081115722,1.0,322.804193156614,0.116861607134342,1326.302734375,3152.89453125,60.6439245838442,49.5438320159912,57.598039289517445,-0.6501891218357623,44.6510256,-3.20791915266743,0.0,1839.343285560608,1142.63522624969,1081.38239383698,1071.30980491638,-63.5609245,3.0,168.650299072266,34.1338996887207,44.4049606323242,-250.619995117188,31.8253964185715,25.3698348999023,-0.6739887132274305,0.0269995460234953,0.666988836545225,0.1451975807748176,139.199295043945,250.806106567383,2.0,7.0,3.0,0.0,0.0,24060101.0,-59.57281158612716,358.958214924189,20.33081130981445,24.370709381103516
2024-06-01 19:12:13+00:00,GER,GER,18.82725457165684,13.653862510312042,0.0,8.338543557637355,2.4762177208474343,-3.6941031168463416,6.43833737534771,-10.49832433452155,5.003022640141014,3.514147610519828,0.8384602087199751,-1.1983077473044639,6.296228032589602,-13.57191629121644,-22.521357261616338,-18.271786363820404,63.9316818237305,50.17929290771484,1.0,322.951889167226,0.117243406176567,1340.134765625,3166.7265625,60.2750807082852,50.0572986602783,57.522534963337606,-0.958983927219254,44.6510867,-3.0215437807853,0.0,1839.3342018127478,1115.30315876007,1030.76672554016,1088.12212944031,-63.5607716,3.0,155.225402832031,34.1338996887207,44.4049606323242,-251.619995117188,31.8253964185715,25.3659576177597,-1.423976194297655,-0.0159997331384947,0.130997785577048,1.1393808238487106,140.199356079102,251.806167602539,2.0,7.0,3.0,0.0,0.0,24060101.0,-57.57050338187857,358.863002087159,20.7208559989929,27.648849473680773
2024-06-01 19:12:14+00:00,GER,GER,18.831313753080543,13.66377431008084,0.0,8.303421529642042,2.572216584584834,-3.335516691316788,6.437309004990805,-10.4959691999183,5.002297615560617,3.126379842091634,1.750994926226435,-1.1988505765887518,6.297307543987924,-13.607010998455038,-22.16683014557658,-18.92171233127408,65.3580505371094,50.7097615814209,1.0,323.083575214424,0.117530509829521,1354.080078125,3180.671875,62.1657726931931,50.3580699920654,59.16450902471405,-0.6233895672863214,44.6511463,-3.32262727057933,0.0,1839.288854599002,1125.12564659119,1042.17565059662,1076.37143135071,-63.5606161,3.0,144.263900756836,34.1338996887207,44.4049606323242,-252.619995117188,31.8234622478485,25.3678977489471,-1.41747620208533,-0.323994558952051,0.772986969161476,0.6761887118230062,141.199417114258,252.806228637695,2.0,7.0,3.0,0.0,0.0,24060101.0,-57.22069865863095,359.084409499294,21.78352489471435,27.15132093429567
2024-06-01 19:12:15+00:00,GER,GER,18.813040947994,13.1114128137884,0.0,6.953506015665852,0.0202519938048064,-7.319355194783289,6.4376027031251155,-10.4875753243152,5.001572676357585,3.161631259483032,1.63751907049034,-1.1985791192579238,6.296228032589602,-14.594239369390099,-26.132396655041497,-18.86187543452178,66.6809074401856,51.272417449951185,1.0,323.209687827259,0.117934302985668,1368.1875,3194.779296875,62.5227047188396,51.1127758026123,59.2510065403631,-0.3371943477542644,44.6512048,-3.37945273692654,0.0,1839.2525434494041,1027.23860740662,1001.62708759308,981.250047683716,-63.560457,3.0,129.267593383789,34.1338996887207,44.4049606323242,-253.710006713867,31.8273335695267,25.3659576177597,-1.2714787207813352,1.32897776117459,0.286995184094253,-0.1527974330464554,142.199478149414,253.806289672852,2.0,7.0,3.0,0.0,0.0,24060101.0,-57.11474603215008,359.562604703465,22.0902382850647,29.84224061965943
2024-06-01 19:12:16+00:00,GER,GER,18.7927409427618,12.30213255658282,0.0,5.446886922977252,-2.320905902568168,-10.25280695225779,6.43863086003861,-10.4961156220987,5.001210164067388,3.0751377138814457,1.8030036151049051,-1.1988505339000681,6.29595832549475,-14.94976198550136,-29.045548151151717,-19.538094215185403,67.379761505127,51.67355163574217,1.0,323.198704883074,0.118084211647511,1382.439453125,3209.03125,62.4121376165555,51.5152908325195,59.17501044056295,-0.8401859400571215,44.6512639,-3.4899274182135,0.0,1839.2435073852557,1155.03180027008,1049.78251457214,1105.0488948822,-63.5602968,3.0,117.118797302246,34.1338996887207,44.4049606323242,-254.710006713867,31.8312048912048,25.3659576177597,-1.0484824358905271,-0.0799986573548405,-0.775986969671846,1.2041798690412508,143.19953918457,254.806350708008,2.0,7.0,3.0,0.0,0.0,24060101.0,-58.599136701071664,359.918594163006,22.64256563186645,27.950697097778313
2024-06-01 19:12:17+00:00,GER,GER,18.798831080935262,12.053561652873281,0.0,5.076120776053692,-2.33203118949668,-10.323659151216635,6.437896614702835,-10.4971465537765,5.0015725909802216,2.854178874420054,2.116640832510865,-1.1983077473044639,6.296767788288764,-13.45328136948466,-29.122489549133018,-19.9827190395857,67.5568748474121,53.01110069274904,1.0,323.122179443613,0.117886613309383,1396.8125,3223.404296875,64.1110447197586,52.1839805603027,60.832478786071604,-1.9289677246864279,44.6513214,-3.66628930588558,0.0,1839.270687103274,1265.51043987274,1168.63405704498,1201.52628421783,-63.5601325,3.0,106.96070098877,34.1338996887207,44.4049606323242,-255.710006713867,31.8273335695267,25.3659576177597,-1.8614688071005951,-1.9659670728638,-0.92198450433669,0.87438527753065,144.199600219727,255.806411743164,2.0,7.0,3.0,0.0,0.0,24060101.0,-59.6027988486592,0.0304551731788522,22.97177267074585,24.359157407283792
2024-06-01 19:12:18+00:00,GER,GER,18.82116272593608,12.20722690731078,0.0,5.31455858186533,-2.1055004097764365,-9.857018578064622,5.85939218516404,-10.45164724862045,3.7466617213303657,3.082406401196176,2.26163699741036,-1.1966795155837,6.2970378368930735,-11.639804502389019,-28.678181645510183,-19.921913963518577,70.1346382141113,54.694990997314484,1.0,323.103492046044,0.117565901577473,1411.583984375,3238.17578125,65.3073318623188,53.9789680480957,61.26996947788385,-1.4685753765706178,44.6513777,-4.2379641865846,0.0,1839.27071094513,1045.71759700775,982.635259628296,1071.7738866806,-63.5599608,3.0,93.057258605957,34.1338996887207,44.4049606323242,-256.709991455078,31.8292677402496,25.3640174865723,-2.1614637354956647,1.03998263899442,1.84596897343972,-0.23379607862081203,145.199661254883,256.806457519531,2.0,7.0,3.0,0.0,0.0,24060101.0,-59.326064172171264,0.257490501107517,23.405223655700702,27.308091340746216
2024-06-01 19:12:19+00:00,GER,GER,18.802892652925202,12.25649562311502,0.0,5.3203753417172415,-2.138128223441588,-9.8434195006724,-0.724152397256355,-10.4288237446221,-1.2639191741296734,2.544546421040052,3.22670686864002,-1.19667949423936,6.296228032589602,-12.104426925396021,-28.64631300737126,-19.848661550708037,71.6252494812012,55.496469039916974,1.0,323.120376273672,0.1173961982131,1426.814453125,3253.40625,64.9662800264926,55.4702075958252,60.1079903755246,0.7231878891681844,44.651436,-4.37371248879131,0.0,1839.2797708511378,1055.40573596954,1054.27253246307,1078.73582839966,-63.5597851,3.0,80.2644271850586,34.1338996887207,44.4049606323242,-257.619995117188,31.8273335695267,25.3698348999023,-1.1324810361182696,1.00298307737364,1.31897783062116,-2.233762504487696,146.199722290039,257.806518554688,2.0,7.0,3.0,0.0,0.0,24060101.0,-58.735314280667694,0.514057539294908,23.280710792541498,29.36820501439711
2024-06-01 19:12:20+00:00,GER,GER,18.786651829116742,12.25452477203002,0.0,5.332010398213631,-2.109337823495562,-10.107729209286415,-9.348982789674105,-10.43839540097015,-1.1544499393772203,1.0679752728453862,4.1282094499248405,-1.19695084484848,6.29622837409906,-13.053126199222982,-28.89437967236534,-20.63453457887324,71.5540374755859,55.512596282958995,1.0,323.203294770196,0.117973798513412,1442.23046875,3268.822265625,63.6437846484488,55.404663848877,57.81352663518955,1.77277028433586,44.6514974,-5.23068095602718,146.7541828751564,1839.1527891159062,1447.12817668915,1336.75122261047,1270.36070823669,-63.5596103,3.0,66.7366104125976,34.1338996887207,44.4049606323242,-258.619995117188,31.8312048912048,25.3698348999023,-1.0924817141109604,0.528991107584906,2.29296152560451,-3.125747537329218,147.199783325195,258.806579589844,2.0,7.0,3.0,0.0,0.0,24060101.0,-59.282928795486974,0.545761249709697,23.24027853012085,27.673319334142345
2024-06-01 19:12:21+00:00,GER,GER,18.79274299181856,12.284092490192299,0.0,5.318436934030792,-2.1285328321860963,-10.18742812539036,-10.85597096871,-10.40217234648065,-0.01879545929935474,2.074282240434268,4.58999384395435,-1.19640816497458,6.297577592592235,-11.69130225042888,-28.980170946454223,-17.90349231848958,72.1106941223144,55.25987297058104,1.0,323.417598785594,0.118759001791477,1457.65625,3284.248046875,59.582021413204,55.3902751922607,52.861113562364196,2.7983531770126,44.6515669,-4.83877025098055,1282.9864025115978,1839.234399795534,1405.08091449738,1401.9787311554,1247.76148796082,-63.5594419,3.0,51.8210792541504,34.1338996887207,44.4049606323242,-259.619995117188,31.8408817052841,25.3717750310898,-2.32546105977931,0.13799768893968,6.68388737176472,-7.9790662619966195,148.199844360352,259.806640625,2.0,7.0,3.0,0.0,0.0,24060101.0,-51.87932543710308,0.1700513131473,23.15288486480715,31.824068491082464
2024-06-01 19:12:22+00:00,GER,GER,18.766353189922402,12.30183749241068,0.0,5.31261957653733,-2.30513749039448,-10.348896529445081,-10.851858341056001,-10.3827357625369,0.17984442904111422,2.864718368573572,5.2303962225161555,-0.8471383029018916,5.951159874776662,-13.155358592417718,-29.1152502316317,-16.07709392876738,73.0609222412109,53.725589675903315,1.0,323.475190940676,0.11832270026207,1472.984375,3299.576171875,49.9883411200987,54.7191787719726,44.35475498889525,2.3721601516960895,44.6516525,-3.56156649765342,1772.1397161483778,1839.279770851136,1034.68644618988,1147.03571796417,991.159796714783,-63.5592932,3.0,38.6320686340332,34.1338996887207,44.4049606323242,-260.709991455078,31.8273335695267,25.3659576177597,-1.598973111352785,-0.692988378507702,-4.00693218413527,-11.27241118825495,149.199905395508,260.806701660156,2.0,7.0,3.0,0.0,0.0,24060101.0,-48.0123680762329,359.794312040869,23.1142550468445,38.02142619082801
2024-06-01 19:12:23+00:00,GER,GER,13.72455479746696,7.464187122981701,0.0,3.470944006649024,-1.510673135462202,-6.052455080639907,-10.84862766157855,-10.40231919554785,2.814721704014196,1.708682726075338,12.91155738056035,1.1220162791753123,3.9919051276310094,-10.166211338016806,-19.777009621974738,-16.35659329507656,69.794734954834,50.04606857299804,1.0,323.57958355195,0.117852602899075,1487.837890625,3314.4296875,37.4616478237956,51.9422058105469,27.8130340267432,-2.0649653501421854,44.651754,-3.48630208186811,1806.153440475462,1839.234423637392,1079.93638515472,1057.08658695221,994.305968284607,-63.5591813,3.0,27.1538391113281,34.1338996887207,44.4049606323242,-261.709991455078,31.8331390619278,25.3659576177597,-1.96446704592819,-1.08498184623717,-5.3249106727035,-28.076929313629318,150.199966430664,261.806762695312,2.0,7.0,3.0,0.0,0.0,24060101.0,-44.536258728351896,359.478320169107,23.13087701797485,32.017665683521926
2024-06-01 19:12:24+00:00,GER,GER,-11.438111171976988,-8.80097511209072,0.0,-3.02801440318419,2.8103944243253216,8.350133919083376,-10.81147057872005,-10.41807516130255,6.080316788302214,1.954354043727482,17.7327061703691,3.2466734325746733,1.86106012700048,11.075955716473995,19.788245027027312,-5.772288095355837,68.9715293884277,44.60977729797362,1.0,323.802302360406,0.117586205899715,1501.611328125,3328.203125,8.54688891600376,46.9663089752197,175.84704295347913,-4.20652943621272,44.651867,-4.20364077845799,1806.117129325868,1839.207220077516,880.87797164917,761.687278747559,922.886073589325,-63.5591455,3.0,22.2572498321533,34.1338996887207,44.4049606323242,-262.709991455078,31.3782423734665,25.2050340175629,-2.43695920222472,0.552990684781038,-1.39097666893126,-35.948997247183144,151.20002746582,262.806823730469,2.0,7.0,3.0,0.0,0.0,24060101.0,-8.122247773699677,359.208172527055,23.15827846527095,41.876451402551965
2024-06-01 19:12:25+00:00,GER,GER,-18.95936033397918,-10.279078677258699,0.0,-0.6723725410594177,9.833623814119496,18.299021401626383,-10.6775288615488,-10.42720456290195,7.599839132861341,2.771683038539678,13.9239092363194,5.410680773205936,-0.17697495584702197,20.73994830342862,37.25838276013392,11.673505765659574,63.8491882324219,41.41901390075684,1.0,324.221320805608,0.116904401779175,1513.8671875,3340.458984375,331.82646323885,41.9162647247314,320.87962343342247,-4.824319192866728,44.6519622,-3.5331757491512,1805.799245834352,1839.2525672912598,825.172364711761,744.971394538879,952.948033809662,-63.5592014,3.0,20.6336002349854,34.1338996887207,44.4049606323242,-263.709991455078,31.5331012010574,25.1585006713867,-1.6004732450101,1.06898212810641,-1.10598136956208,-27.356139792027324,152.200088500977,263.806884765625,2.0,7.0,3.0,0.0,0.0,24060101.0,36.32752154985282,358.977284812352,23.3255787849426,37.444614944457996
2024-06-01 19:12:26+00:00,GER,GER,-18.916697606385423,-10.22228753261206,0.0,-0.6704430019467187,9.709045944790883,20.75232904582766,-10.4798482459298,-10.46018754640395,5.628665150661152,1.5247926732691828,3.1211100363179347,6.349122895824204,-1.256156824220512,21.02680839385162,39.669026993722525,23.34722890208952,55.884508895874,41.12935180664064,1.0,324.581517661678,0.115590508282185,1525.35546875,3351.947265625,302.740293903648,41.1753089904785,301.6869421298485,-5.7247040990712375,44.6520236,0.791158634087442,1804.9727678298962,1636.7396831512438,1233.37709903717,1022.20749855042,1253.90326976776,-63.5593158,3.0,23.3780994415283,34.1338996887207,44.4049606323242,-264.619995117188,31.6240817308426,45.4660028219223,-0.09549839429916926,2.01496599619582,0.473992023149583,-6.2692948037675835,153.200149536133,264.806945800781,2.0,7.0,3.0,0.0,0.0,24060101.0,64.16096657240222,358.779946986852,23.41971187591555,16.978358745574937
2024-06-01 19:12:27+00:00,GER,GER,-18.8415491330613,-10.26339024499938,0.0,-0.6800960549398448,9.718772987942629,20.319133518474978,-10.44680336383845,-10.4679918913043,4.604655101139876,3.083133047946498,-2.413464205253515,6.292132565785898,-1.206244533841726,20.56943365532764,39.1606833345552,23.480706849416116,56.1017086029053,41.511400680542,1.0,324.902481911155,0.113854609429836,1536.779296875,3363.37109375,296.756966228447,41.4233905792236,298.430499178883,-3.9453339096621023,44.652071,1.7409496923089,1804.936456680296,995.0378537178055,1373.25954437256,1118.75879764557,1357.30516910553,-63.5594446,3.0,33.7134284973144,34.1338996887207,44.4049606323242,-265.619995117188,58.3875358104706,45.4737573862076,-0.531991081414849,-0.694988343274046,0.811986388826897,0.9229844760476926,154.200210571289,265.807006835938,2.0,7.0,3.0,0.0,0.0,24060101.0,63.02122110182921,359.17817433622,23.46658315658565,17.84790493011474
2024-06-01 19:12:28+00:00,GER,GER,-18.82733516788904,-10.255561140663259,0.0,-0.6646504999385306,9.693477723860942,20.14564842110396,-10.3962813083215,-10.46813874037145,3.852143406267998,4.477208040095668,-3.86343481887177,6.291861151143756,-1.20354656643089,20.6682337077097,38.97298358899299,23.39212066191886,58.0473358154297,42.454342117309565,1.0,325.2051139329,0.11227210611105,1548.326171875,3374.91796875,296.971652734439,42.1305221557617,300.7114545125875,-1.1511806960114197,44.6521185,3.05216479949493,1804.909205436708,361.74536496400844,1247.34890460968,1092.92054176331,1205.91926574707,-63.5595761,3.0,46.2252311706543,34.1338996887207,44.4049606323242,-266.709991455078,58.4262490272522,45.4718202352524,-1.37597693318368,-0.826986177935333,1.99796650912531,2.825752608934154,155.200271606445,266.807067871094,2.0,7.0,3.0,0.0,0.0,24060101.0,61.21848965909054,359.487499943352,23.86095542907715,20.7220306777954
2024-06-01 19:12:29+00:00,GER,GER,-18.94107113643864,-11.92320817558252,0.0,-4.387012446586572,3.6029337944936963,11.217049602201616,-10.3639710984528,-7.7060779015798,6.125989665640538,5.010707029844101,-2.995554270663165,6.293760882884028,-1.2005789132695401,20.01478575321056,30.15812142165912,24.70423107883906,61.010506439209,44.327600326538075,1.0,325.379475002032,0.112213104218245,1560.16015625,3386.751953125,300.558950048799,43.5305168151855,303.521407997509,0.3309944643157142,44.6521729,2.18421466873415,1804.9182891845703,0.0,840.875327587128,855.129420757294,900.931417942047,-63.5597078,3.0,53.8810081481934,34.1338996887207,44.4049606323242,-267.709991455078,58.4688365459442,45.4795747995377,-3.33894405889796,-3.95693349186349,0.249995809236456,3.1111478799122723,156.200332641602,267.80712890625,2.0,7.0,3.0,0.0,0.0,24060101.0,62.89236548502337,359.947417561304,26.966087436676,21.581452331542955
2024-06-01 19:12:30+00:00,GER,GER,-18.9146605024655,-10.504530244401419,0.0,-1.29615671718895,8.840956222038944,18.93531499451558,-10.333423077389899,1.1833759505947798,4.610092529360756,5.006345697926951,-2.5495311784736954,6.295117614585289,-1.2005788492365161,16.6518051700619,37.84997686301888,25.478609923159496,62.5776237487793,45.527717971801735,1.0,325.502800897686,0.112284806370735,1572.52734375,3399.119140625,303.334301795386,45.3864200592041,306.049383952736,-1.1365809051923397,44.6522341,2.40427674704621,1804.87287044525,0.0,377.724260091782,560.244202613831,529.604494571686,-63.5598408,3.0,66.3558731079102,34.1338996887207,44.4049606323242,-268.709991455078,58.4978699684143,45.4834520816803,-1.4124763702107443,4.13793051666106,-0.474992058893608,1.788769981122274,157.200393676758,268.807189941406,2.0,7.0,3.0,0.0,0.0,24060101.0,66.92261832555133,1.06475616200088,26.87648363113405,17.656446316367717
2024-06-01 19:12:31+00:00,GER,GER,-18.8720087031744,-9.946443000527747,0.0,-0.5024665481908371,9.742132405658799,20.67250769858284,-10.33327622832275,6.405345427222435,2.7625245659476523,5.00598224648574,-3.13057046196821,6.295117443830558,-1.20084864170873,18.835301217518023,39.5445160602478,25.088518695130396,61.6220947265625,46.4840689086914,1.0,325.642082115241,0.11229700371623,1585.185546875,3411.77734375,304.54808105241,46.0112777709961,308.2748371692445,-2.807952965202372,44.6522993,3.0734551394681,1804.8456430435199,0.0,845.84766626358,712.969362735748,763.108611106872,-63.559974,3.0,74.9875030517578,34.1338996887207,44.4049606323242,-269.709991455078,58.4881901741028,45.4873293638229,-0.24999580923645648,0.0429992758269368,-2.47795847993478,3.045948900463398,158.200454711914,269.807250976562,2.0,7.0,3.0,0.0,0.0,24060101.0,66.83125634917539,2.87303156256712,25.898683261871348,17.34939497897501
2024-06-01 19:12:32+00:00,GER,GER,-18.91059688141878,-9.897558482864317,0.0,-0.46384873332877935,9.730452440668618,20.308869451699742,-10.2842226634774,6.4051985781552805,3.4200656393729942,5.0070725154320055,-4.04310507942307,6.2943037121683165,-1.2011184555252883,17.97128706864384,39.21946667462798,23.85769367650362,64.5621185302734,48.15832489013672,1.0,325.793603031788,0.112212205678225,1598.138671875,3424.73046875,307.284227513161,47.432633972168,311.6157558998645,-2.7361541020245617,44.6523707,3.50786733695537,1804.8093080520641,0.0,1059.18550491333,873.520493507385,991.825640201569,-63.5601066,3.0,87.7975616455078,34.1338996887207,44.4049606323242,-270.709991455078,58.5598170757294,45.5241680145264,-0.681488581101222,0.68298855467598,4.02393252497943,3.9731333345369224,159.20051574707,270.807312011719,2.0,7.0,3.0,0.0,0.0,24060101.0,61.616208842384694,4.71606547565444,27.181290721893298,21.201122131347635
2024-06-01 19:12:33+00:00,GER,GER,-18.93091532816174,-10.515382902728359,0.0,-1.8846062543409168,7.453227628223137,16.980133729502263,-10.2915659706088,6.4049040262473245,2.760712004496664,5.005982331863105,-3.0706797347875447,6.29538902922743,-1.20084864170873,14.990532579940279,35.91104803313557,21.4035725567722,68.7796463012695,48.34106048583983,1.0,325.997579801162,0.111904603242874,1611.552734375,3438.14453125,311.409634451092,48.886173248291,315.5817189018105,-0.729187800142485,44.6524506,3.34839629365732,1804.81839179993,0.0,1137.96186447144,1000.10192394257,1062.23332881927,-63.5602349,3.0,97.0676498413086,34.1338996887207,44.4049606323242,-271.619995117188,58.5733652114868,36.7528170347214,-0.480491948660842,-0.927984398635723,-0.627989470240658,2.2063630085331196,160.200576782227,271.807373046875,2.0,7.0,3.0,0.0,0.0,24060101.0,55.36590273290604,5.96758152784339,27.86933012008665,27.83119775227138
2024-06-01 19:12:34+00:00,GER,GER,-18.83951749329266,-12.084084060726742,0.0,-4.733128910371066,3.2785486394345695,11.292578004798347,-10.3031683275745,6.405935598255406,3.279785207831204,5.005982331863105,-0.8463431391489271,6.296474687796005,-1.200309056764302,14.054802981573522,30.13209566884572,20.41023833822866,70.3958930969238,48.44371948242188,1.0,326.262700423985,0.111497209221125,1624.962890625,3451.5546875,314.199821368555,48.1771465301514,315.702217099148,0.1029982748461632,44.6525342,2.00436789048149,1804.8547267913818,0.0,1132.04491138458,1089.92660045624,1009.00053977966,-63.5603571,3.0,106.775398254395,34.1338996887207,44.4049606323242,-272.619995117188,58.575302362442,29.848575592041,-1.389476641995655,-1.91896768741129,-0.988983430730932,-1.3545771927899213,161.200637817383,272.807434082031,2.0,7.0,3.0,0.0,0.0,24060101.0,50.974618387191775,6.65708912455618,29.01932315826415,32.749922790527336
2024-06-01 19:12:35+00:00,GER,GER,-18.813124959320795,-11.269639668244478,0.0,-3.1554766187106162,5.795123434791436,14.318949960930562,-10.297147088934299,6.40637721267393,3.2725356450461476,5.00598224648574,-1.6622140996822,6.295389029227432,-1.20084864170873,15.5570054178127,33.13207492025136,20.38839914986698,71.8444679260254,49.39346282958988,1.0,326.718301362381,0.111046303063631,1638.447265625,3465.0390625,312.575875591493,49.1347114562988,315.3811982081575,-0.7111880525453504,44.6526174,2.73760022382658,1804.8638105392438,0.0,959.545433521271,962.34518289566,929.212987422943,-63.5604833,3.0,118.529403686523,34.1338996887207,44.4049606323242,-273.709991455078,58.5714280605316,29.8350036144257,-1.4659754543908798,0.271995421666244,-0.416993000628343,-0.332794393251794,162.200698852539,273.807495117188,2.0,7.0,3.0,0.0,0.0,24060101.0,51.566557414629834,6.59562425221524,29.11367168426515,32.29234232221331
2024-06-01 19:12:36+00:00,GER,GER,-18.8070327720906,-9.962087207312202,0.0,-0.4928110299263076,9.804450539381813,20.85062298119222,-10.27408965095685,6.4046101146696,3.264198374635774,5.00598224648574,-2.8910095809579497,6.295660614624306,-1.200309078108642,15.24039097430836,39.6576567778112,20.63568102612544,72.7726135253906,51.16615081787108,1.0,327.161088865895,0.110468206554651,1652.201171875,3478.79296875,311.675984507966,50.49294090271,315.03272195670354,-1.086781750493852,44.652702,3.15533331280409,1804.763889312746,0.0,935.288310050964,887.935876846314,909.946024417877,-63.5606139,3.0,126.706596374512,34.1338996887207,44.4049606323242,-274.709991455078,44.1850572824478,29.8369437456131,-1.3114780161082251,0.498991582728888,0.843985825088407,1.3147779046118402,163.200759887695,274.807556152344,2.0,7.0,3.0,0.0,0.0,24060101.0,52.264436091189395,6.66003464363575,29.112645149231,30.6317387172154
2024-06-01 19:12:37+00:00,GER,GER,-18.8110967346468,-10.326713611813473,0.0,-1.4473936472774285,8.224051401769279,17.944972057319042,-10.243834901141451,6.40608351453962,2.943402788142354,5.005618965799259,-4.263752206126215,6.295660273114846,-1.200309056764302,16.273775373088142,36.75606879196582,20.40541485863678,74.6465721130371,52.603567657470684,1.0,327.549098252265,0.1097916059196,1666.458984375,3493.05078125,312.523884191531,52.3058120727539,317.2186830194305,-0.46439222828970605,44.6527904,3.92351593757555,1804.772973060608,0.0,1001.01220607758,964.486598968506,986.335217952728,-63.5607481,3.0,139.367095947266,34.1338996887207,44.4049606323242,-275.709991455078,40.1296943426132,29.831126332283,-0.7699871020532395,0.653988958842281,0.0739987563857008,3.3937431148401402,164.200820922852,275.8076171875,2.0,7.0,3.0,0.0,0.0,24060101.0,51.70548756046143,6.79016255392918,28.589821243286153,32.94083290100098
2024-06-01 19:12:38+00:00,GER,GER,-18.896380867189784,-13.181933321685682,0.0,-7.209738001057941,-1.1857947980563206,4.623621960167791,-10.268361256677299,6.40534628099608,1.3390600168518598,5.00598224648574,-4.530105891538035,6.297017346325564,-1.2005788492365161,15.86255768693726,23.520003318277404,20.628455710511922,75.7580520629883,53.4822802734375,1.0,327.880881521388,0.109061904251575,1681.095703125,3507.6875,314.422594818524,53.2206848144531,320.6716305128175,0.4581923081655693,44.652884,5.53394690470444,1804.7911405563377,0.0,1317.50881671906,1187.60228157043,1154.90806102753,-63.5608812,3.0,148.141799926758,34.1338996887207,44.4049606323242,-276.709991455078,40.1219516992569,29.8350036144257,-0.83998589555572,-0.39899326437039,1.32097779538751,2.7545538419079536,165.200881958008,276.807678222656,2.0,7.0,3.0,0.0,0.0,24060101.0,50.322417966744524,7.19522777643044,28.19984521865845,34.78630256652832
2024-06-01 19:12:39+00:00,GER,GER,-18.884192053106403,-13.36605882925522,0.0,-7.54250012166591,-0.9131560899641364,5.633958563276164,-10.252793974898399,6.40549334350665,1.7954241861994522,5.005982331863105,-3.088541746684185,6.298645492668965,-1.199769493164212,17.85837379637974,24.51815111263852,18.68337868584726,76.3900611877441,54.75603446960446,1.0,328.161110522655,0.108265804499388,1695.98828125,3522.580078125,317.820777855146,54.4916038513184,323.47857871450447,-1.423776091099312,44.6529845,4.9414365319423,1804.8365592956543,0.0,1256.81483745575,1237.16866970062,1219.61891651154,-63.5610096,3.0,160.003005981445,34.1338996887207,44.4049606323242,-277.619995117188,40.1025950908661,25.3426909446716,-1.96446709928904,-0.216996350571135,-2.76995354926446,3.3941430651047257,166.200942993164,277.807739257812,2.0,7.0,3.0,0.0,0.0,24060101.0,49.52921170597694,7.82611783591253,27.25324687957765,35.80970649719238
2024-06-01 19:12:40+00:00,GER,GER,-18.86591549141584,-11.514995943421159,0.0,-3.735369540330314,5.103693395959387,13.87714498012908,-10.22856089061,6.406230363606775,3.020611033076764,5.006708978613432,-2.490692300425205,6.137443978256014,-1.3716293256779,16.81049437014338,32.7430621790922,17.000978100811302,76.7334526062012,55.67076232910156,1.0,328.343285328198,0.10753400400281,1711.220703125,3537.8125,323.294354852211,55.4461235046387,326.4035389246705,-2.2075629873929237,44.6530943,2.75043969880574,1804.891061782838,0.0,976.045966148376,967.584848403931,1028.26595306396,-63.5611277,3.0,169.47770690918,34.1338996887207,44.4049606323242,-278.619995117188,40.0948494672775,23.7218141555786,-2.240462557209675,0.0589990139680115,-0.458992287402001,2.16856365310487,167.20100402832,278.807800292969,2.0,7.0,3.0,0.0,0.0,24060101.0,48.05732096625534,8.66006429677722,27.03933963775635,38.963697280883785
2024-06-01 19:12:41+00:00,GER,GER,-18.8618546024448,-10.78667067410792,0.0,-2.265986205741734,6.95069044093524,16.704926454067458,-10.24119119104585,6.40549334350665,3.3359699597455856,5.006345612549586,-1.4541734678043756,6.124689026867839,-1.3789137864607401,14.978707473430239,35.56678122726704,16.19665878075464,77.5890266418457,55.23419517517091,1.0,328.396615445237,0.107017403841019,1726.701171875,3553.29296875,326.342531675004,55.9503170013428,328.4465031469345,-0.641589217978596,44.6532098,1.82805253347313,1804.85472679138,0.0,871.625125408173,789.414763450622,884.281814098358,-63.5612372,3.0,180.935394287109,34.1338996887207,44.4049606323242,-279.709991455078,40.0909781455994,23.7121194601059,-1.122481185606122,2.03996576921854,3.28794485063448,-0.08039873301743343,168.201065063477,279.807861328125,2.0,7.0,3.0,0.0,0.0,24060101.0,46.5119872514454,9.57666458433553,27.922429275512698,38.67865562438968
2024-06-01 19:12:42+00:00,GER,GER,-18.9166914592152,-12.90050049957716,0.0,-6.556433651286075,0.21216827563016644,6.552284055233197,-10.2618998977225,6.40563997913039,2.3195719426108803,5.0048924044262995,-2.1040344910979902,6.128217502593066,-1.379723185221728,12.78033407867874,25.46897525831628,17.178604000366658,78.3826515197754,54.5286703491211,1.0,328.545978022007,0.106247207522392,1742.01171875,3568.603515625,325.827617373855,54.6905044555664,327.592005500631,1.453975623104136,44.653324,1.52757042049118,1804.8093080520641,0.0,1092.07725524902,999.769270420074,985.350728034973,-63.5613438,3.0,190.439407348633,34.1338996887207,44.4049606323242,-280.709991455078,40.0890439748764,23.6597701907158,-0.878985261860286,-1.43197594664132,1.18598006693756,0.667988776239717,169.201126098633,280.807922363281,2.0,7.0,3.0,0.0,0.0,24060101.0,44.44213598951346,10.3036033252473,29.78171939849855,40.44084480285646
2024-06-01 19:12:43+00:00,GER,GER,-18.920754397243,-13.109772031595,0.0,-6.905836161768946,-0.010440000467077184,7.040448518139319,-10.257493571934202,6.4049040262473245,1.9309920220016898,5.0045288676077275,-2.4371062647352852,6.1485708686781475,-1.3627260246844002,11.922423557601599,25.961203086137004,17.381829790440662,80.2500732421875,54.26238922119139,1.0,328.708591165766,0.105526102334261,1757.158203125,3583.75,325.441465798939,54.5160827636719,329.19846599341804,1.1705803595810456,44.6534364,3.28530028676521,1804.8002243042,0.0,1099.14600849152,1101.97353363037,992.509126663208,-63.5614524,3.0,197.348999023438,34.1338996887207,44.4049606323242,-281.709991455078,27.8203636407852,23.5841557383537,-1.4764753227750451,-0.0659988906502167,-0.034999413426506,2.198763099732326,170.201187133789,281.807983398438,2.0,7.0,3.0,0.0,0.0,24060101.0,43.43375008309596,10.5578929755941,30.5367462158203,40.932121863731965
2024-06-01 19:12:44+00:00,GER,GER,-18.91059722292824,-12.76442349451664,0.0,-6.193502841246256,1.1182835691212163,8.465338164861096,-10.258374666337101,6.40534628099608,2.6871281567566316,5.0048924044262995,-0.9613944023629726,6.1558984663744685,-1.348966416502336,12.39047832142126,27.375936070808258,15.818451740371898,79.4688835144043,53.55218902587891,1.0,328.921802350898,0.104665803909302,1772.21875,3598.810546875,328.42308925846,53.9596939086914,331.090961148267,0.2801953035551772,44.6535509,2.45020315246878,1804.7729730606097,0.0,1001.0050535202,1037.10687160492,943.610072135925,-63.5615532,3.0,208.01530456543,34.1338996887207,44.4049606323242,-282.709991455078,27.8164923191071,37.2258961200714,-1.4964749170776401,1.34097765649436,0.917984574804001,0.2985949957473093,171.201248168945,282.808044433594,2.0,7.0,3.0,0.0,0.0,24060101.0,40.89968774629976,10.9031052503986,29.906520652771,42.04400482177733
2024-06-01 19:12:45+00:00,GER,GER,-18.89841148242998,-11.89271923565596,0.0,-4.6125428597255,3.214587084824019,11.255525423834111,-10.2648368790656,6.405051729088125,2.7001776600527654,5.0048924044262995,-0.5369115390207555,6.325512554033394,-1.1835818594539202,12.044872798475362,30.153936906264143,15.4030966671313,78.0872497558594,52.71249504089356,1.0,329.248203430954,0.104133405536413,1787.06640625,3613.658203125,328.872597668117,53.0349060058594,330.22997482225196,0.6171896738426111,44.6536648,1.85834100734756,1804.8547267913818,0.0,1069.36991214752,1027.8012752533,1012.32540607452,-63.5616496,3.0,214.558807373047,34.1338996887207,44.4049606323242,-283.619995117188,27.8126209974289,37.2510999441147,-1.417976246637765,-0.0119997977694627,2.03996576921854,-2.035365850255946,172.201309204102,283.80810546875,2.0,7.0,3.0,0.0,0.0,24060101.0,40.0829432876145,11.0259684007361,29.5825029373169,42.52434953542857
2024-06-01 19:12:46+00:00,GER,GER,-18.8923158801052,-12.98323287344626,0.0,-6.639477054894476,0.28303666391742927,6.8325233871616025,-10.25954945887435,6.4051985781552805,3.4476143963052763,5.00598224648574,-1.1226771266579356,6.364320664369037,-1.163616896344852,13.41051140792094,25.724839950285762,16.020732915283702,78.4582717895508,52.63943595886231,1.0,329.56061628359,0.103717408329248,1801.70703125,3628.298828125,326.552682935387,52.9041687011719,328.52148496364305,0.18999681171800414,44.6537758,1.98030428026189,1804.745721817018,0.0,908.845782279968,932.287037372589,872.908294200897,-63.5617501,3.0,221.536499023438,34.1338996887207,44.4049606323242,-284.619995117188,27.8068125247955,31.7021161317825,-1.834469229394095,-0.55699066767458,-3.04094898854754,-0.26879549138030706,173.201370239258,284.808166503906,2.0,7.0,3.0,0.0,0.0,24060101.0,41.6783614135703,10.8555432281132,29.574094963073698,39.83446291143245
2024-06-01 19:12:47+00:00,GER,GER,-18.884192736125343,-12.253324537038122,0.0,-5.1842460003322115,2.7975042218513635,11.033203449369136,-10.264249055910149,6.40564104634745,3.1804652926759323,5.005618965799259,-0.07985362589173658,6.36459207901118,-1.1646961089223962,13.76946841390168,29.91739755153232,15.278814203484298,76.4188865661621,51.61623596191406,1.0,329.924720007866,0.102981705218554,1816.3125,3642.904296875,326.964406738555,52.186861038208,327.84999540596095,0.40379322783438426,44.6538847,1.52088153085962,1804.8002243042017,0.0,942.556202411652,875.343024730682,855.830490589142,-63.5618513,3.0,230.291793823242,34.1338996887207,44.4049606323242,-285.619995117188,27.8029412031174,29.0866076946259,-0.9064848040779465,0.56299050861276,-0.339994277082805,-2.609156147262626,174.201431274414,285.808227539062,2.0,7.0,3.0,0.0,0.0,24060101.0,40.67200817144982,10.7570279946195,28.5863905906677,39.30639587402342
2024-06-01 19:12:48+00:00,GER,GER,-18.89028526486498,-11.894487571632041,0.0,-4.672191328634046,3.119724036188868,10.889509417346225,-10.26630579662395,6.404756963736755,3.3385074603996125,5.005618965799259,-0.674551136616899,6.3662200545998475,-1.166045113972156,12.04830582230696,29.77979485296592,15.99480961530782,76.1056800842285,51.25730712890625,1.0,330.370895285208,0.101822508126497,1830.623046875,3657.21484375,323.511937358411,51.2536136627197,325.029550750474,1.9237678162939322,44.653989,2.09800359414343,1804.763889312746,0.0,1102.10454463959,1022.68183231354,1004.30572032928,-63.5619567,3.0,240.022003173828,34.1338996887207,44.4049606323242,-286.709991455078,27.8010070323944,29.080793261528,-1.340977549772656,-2.5919564716164,0.271995421666244,-2.432559194361394,175.20149230957,286.808288574219,2.0,7.0,3.0,0.0,0.0,24060101.0,40.55285210628436,10.3044716130455,29.23609714508055,39.84458788358249
2024-06-01 19:12:49+00:00,GER,GER,-18.88013048111646,-13.10384223211236,0.0,-6.952514442953094,-0.23677687055816116,5.986941016026877,-10.26204631990285,6.405345427222435,2.73715071200183,5.00525568511278,-1.8124619330014902,6.365134225276547,-1.1657753001556,13.463153554156259,24.86707200940752,16.558414969011938,77.1065689086914,51.57471450805664,1.0,330.749287765226,0.100678700208664,1844.876953125,3671.46875,320.553372617528,51.8104625701904,323.5965770626055,2.061565516761104,44.6540898,2.93540826516226,1804.7820568084721,0.0,949.223041534424,1022.75025844574,861.166894435882,-63.5620698,3.0,248.620407104492,34.1338996887207,44.4049606323242,-287.709991455078,27.8029412031174,29.0866076946259,-1.125481132755639,0.873985296583572,-1.79796981904746,0.2649955850046778,176.201553344727,287.808349609375,2.0,7.0,3.0,0.0,0.0,24060101.0,41.48870891692441,9.53737306736139,29.06070728302,38.88831665039065
2024-06-01 19:12:50+00:00,GER,GER,-18.8943468368549,-13.11965992570174,0.0,-6.878611369246734,-0.073738322073061,7.001871695084452,-10.2671864641401,6.405346494439495,2.165154769723138,5.005618965799259,-1.88653842947975,6.364591908256452,-1.1657753001556,14.02810052776808,25.89621895882622,16.6816732457929,75.6217185974121,51.40676582336427,1.0,330.728004895772,0.100771209597588,1859.19140625,3685.783203125,320.501872991186,51.3464721679688,323.82956847557296,1.660972211208532,44.6541895,3.2841777878638,1804.763889312746,0.0,1188.25781345367,1152.35614776611,1035.64512729645,-63.5621845,3.0,256.098388671875,34.1338996887207,44.4049606323242,-288.709991455078,27.8029412031174,29.0788531303406,-1.3139780254270066,-1.29797820057455,-0.919984646292051,0.41839299063901797,177.201614379883,288.808410644531,2.0,7.0,3.0,0.0,0.0,24060101.0,41.36306417204746,8.9028945972441,28.3868900299072,38.298938206263934
2024-06-01 19:12:51+00:00,GER,GER,-18.88622710796966,-13.007048377044239,0.0,-6.575609578135615,0.3809701313794771,7.544129121782954,-10.25690617566555,6.404904666577555,3.6252300078881903,5.005618965799259,-1.337543938971695,6.364591908256452,-1.164696130266736,14.50531098941544,26.430356144375242,16.20434171904254,76.4004089355469,51.89599388122558,1.0,330.634185417333,0.100948000699282,1873.48046875,3700.072265625,321.377284676728,51.8480220794678,324.4090417247565,0.8979849271405571,44.6542904,2.99699586746486,1804.745721817018,0.0,1006.16765022278,1041.27299785614,919.038414955139,-63.5622985,3.0,267.222412109375,34.1338996887207,44.4049606323242,-289.720001220703,27.8010070323944,29.0769129991531,-1.9229677770265452,-0.28999513124377,-0.590990068702434,-0.06959880788632729,178.201675415039,289.808471679688,2.0,7.0,3.0,0.0,0.0,24060101.0,41.04368247740088,8.36330111507663,28.49168157577515,39.65893576485768
2024-06-01 19:12:52+00:00,GER,GER,-18.85373248299328,-11.54626335415836,0.0,-3.9189476509265546,4.621113039586573,13.40225866110158,-10.260430980164099,6.40563997913039,1.916130170697976,5.00525568511278,-1.836105059700315,6.364320664369037,-1.165505507683384,15.39221310219836,32.255991144094835,16.6265973324016,75.3881973266601,52.07276390075684,1.0,330.603394924555,0.100955101847649,1887.896484375,3714.48828125,321.187323455532,51.9614009857178,323.96057150385354,0.3303944568765232,44.6543921,2.94346959593017,1804.827475547792,0.0,1104.20298576355,1056.61225318909,1004.24909591675,-63.5624128,3.0,273.476806640625,34.1338996887207,44.4049606323242,-290.619995117188,27.8010070323944,29.0749758481979,-1.160980560719104,-0.129997829874302,-0.770987057755985,-0.29599503087888845,179.201736450195,290.808532714844,2.0,7.0,3.0,0.0,0.0,24060101.0,42.826903484775436,7.95121872697684,27.75590143203735,38.13083733149937
2024-06-01 19:12:53+00:00,GER,GER,-18.882161096356704,-11.49122193322238,0.0,-3.8376710465017085,4.38249619744131,12.4232825247217,-10.2454502408801,6.4051985781552805,3.339595039958888,5.005618965799259,-0.9719018213078185,6.364048908217436,-1.164156523977964,14.934838705183818,31.305443962587958,16.895716006455462,77.017325592041,53.59853965759278,1.0,330.631098171828,0.100793699920177,1902.384765625,3728.9765625,321.042933256478,52.9523025512695,323.24657084877697,-0.3409942821443392,44.6544945,2.76035286461236,1804.8002243042,0.0,942.838370800018,972.927510738373,936.797976493836,-63.56253,3.0,283.769012451172,34.1338996887207,44.4049606323242,-291.619995117188,27.8010070323944,29.0769129991531,-2.4419591141405803,-0.977983624516038,-0.265995527367211,-2.051565543518994,180.201797485352,291.80859375,2.0,7.0,3.0,0.0,0.0,24060101.0,43.760694846210455,7.79289921088417,28.90108108520505,37.842428512573285
2024-06-01 19:12:54+00:00,GER,GER,-18.807033796619002,-10.501028747923375,0.0,-1.4782116795920246,8.446027085643355,17.9106607727782,-10.20065657964275,6.405051729088125,3.274710590721294,5.00525568511278,-1.80563286440939,6.3632346642910065,-1.165235715211168,16.795998318158443,36.717694057133016,16.53769832224038,78.3276512145996,55.1064646911621,1.0,330.798410485737,0.100650905817747,1917.32421875,3743.916015625,319.022044205611,54.9465785980225,321.75111459038146,-1.557773901199114,44.6545984,2.79023430190094,1804.8365592956538,0.0,691.649675369263,734.751522541046,762.273967266083,-63.5626543,3.0,292.424285888672,34.1338996887207,44.4049606323242,-292.619995117188,27.7990698814392,29.0788531303406,-1.341977612197109,3.06494877918708,-0.574990350571679,-0.16499722795956306,181.201858520508,292.808654785156,2.0,7.0,3.0,0.0,0.0,24060101.0,45.56591042875026,7.61869267478206,27.9964419364929,37.54388809204104
2024-06-01 19:12:55+00:00,GER,GER,-18.815153867013755,-10.050138078733232,0.0,-0.7013675371875964,9.446976367469912,19.90747733417938,-10.22562348238005,6.4044624118288,2.1792917245125,5.005618965799259,-2.2647907305379102,6.363506420442608,-1.1657753001556,15.64474227128664,38.72263051817424,17.356562871644023,77.6100105285644,55.56530662536621,1.0,331.010392236817,0.100432708114386,1932.640625,3759.232421875,319.611489530983,55.2212471008301,321.495624534288,0.2959950522232302,44.6547036,2.07035477493981,1804.845643043518,0.0,1110.69309711456,977.129399776459,1062.23964691162,-63.5627808,3.0,304.693115234375,34.1338996887207,44.4049606323242,-293.720001220703,27.8029412031174,29.0769129991531,-0.892485077393962,-0.0749987454389796,3.73493740279926,-0.17559703855314562,182.201919555664,293.808715820312,2.0,7.0,3.0,0.0,0.0,24060101.0,46.44882234502,7.59274222480424,28.567007446289047,36.71108141447368
2024-06-01 19:12:56+00:00,GER,GER,-18.882162120885063,-11.95158556252716,0.0,-4.656635572799344,3.31750719002276,10.7882858430919,-10.20080300182305,6.404756963736755,3.325820384016312,5.00525568511278,-3.35384475690258,6.3632346642910065,-1.16442631645018,14.5774075634637,29.67044898850536,18.046227562707738,81.7935562133789,57.08364738464356,1.0,331.276004633261,0.0997304521501064,1948.111328125,3774.703125,318.110596442008,56.7220378875732,322.54209147740346,1.0279827863633284,44.6548098,3.64427347175651,1804.772973060608,0.0,968.032360076904,979.775071144104,928.535223007202,-63.5629116,3.0,314.698913574219,34.1338996887207,44.4049606323242,-294.720001220703,27.7990698814392,29.0730357170105,-2.3869599763444,-0.679988554165611,1.09198172291937,2.967150245980746,183.20198059082,294.808776855469,2.0,7.0,3.0,0.0,0.0,24060101.0,46.822611277538165,7.62478093465348,30.271731948852548,39.039547107094236
2024-06-01 19:12:57+00:00,GER,GER,-18.88013970187186,-11.6505096286299,0.0,-4.152564922665416,3.854525135920267,12.124745841714475,-10.2126990569231,6.405051729088125,2.714676871000234,5.00598224648574,-2.386147610719995,6.362962908139404,-1.164965922738952,14.8554942758978,31.004885244765546,17.24573895424708,80.1300888061524,56.91457878112792,1.0,331.575194239664,0.0986837938427925,1963.982421875,3790.57421875,322.450362036851,57.2082927703857,324.8790680226805,2.1435640721812232,44.6549217,2.38100415810986,1804.75480556488,0.0,975.179016590118,987.010836601257,918.025195598602,-63.5630367,3.0,323.281890869141,34.1338996887207,44.4049606323242,-295.720001220703,43.9547032117844,29.0769129991531,-1.37547688863124,1.52097448546535,2.06696529356419,0.9965832381461016,184.202041625977,295.808837890625,2.0,7.0,3.0,0.0,0.0,24060101.0,46.69609909863658,8.01399584941207,29.079208946228,37.43139427185056
2024-06-01 19:12:58+00:00,GER,GER,-18.943103459226183,-13.559639026183339,0.0,-7.937272932106867,-1.968268881298646,3.675836872883129,-10.2085872830428,6.4051985781552805,2.8165342014321637,5.00598224648574,-2.41083778407424,6.36269166425199,-1.164156523977964,14.385531669488199,22.61894017428832,16.79937243160842,82.6689331054688,57.4652808380127,1.0,332.012080459735,0.0970492824912071,1979.798828125,3806.390625,321.844141766877,57.5707008361816,326.20553174063195,2.7705534960056823,44.6550355,3.7680189971574,1804.863810539246,0.0,974.66391324997,1039.6763086319,896.754801273346,-63.5631591,3.0,334.285705566406,34.1338996887207,44.4049606323242,-296.619995117188,47.2144782543182,25.9476125240326,-2.19396316294876,-1.05998228665786,-2.48295839185064,1.3279777361027354,185.202102661133,296.808898925781,2.0,7.0,3.0,0.0,0.0,24060101.0,44.02732425782132,8.52215509347185,29.544929695129397,42.02291656494138
2024-06-01 19:12:59+00:00,GER,GER,-19.1057405086479,-15.739868706423598,0.0,-12.39847920501504,-8.88860293867003,-6.530582367117273,-10.220630187209949,6.40416764647743,2.57765892200418,5.005618965799259,-0.830057561926656,6.363777664330021,-1.1646961089223962,14.42253353629784,12.57515775733251,13.80050428122602,81.249080657959,56.49955650329588,1.0,332.395909770333,0.0958733148872852,1995.759765625,3822.3515625,324.075127436613,57.3245590209961,327.0800145204465,4.437125544526954,44.6551516,2.7699541895947,1804.7729730606102,0.0,921.8989610672,1033.99288654327,853.702783584595,-63.5632767,3.0,344.273986816406,34.1338996887207,44.4049606323242,-297.619995117188,47.2202867269516,22.161041200161,-1.7244710605234501,0.295995025542803,1.90596791643005,-0.5963898881941988,186.202163696289,297.808959960938,2.0,7.0,3.0,0.0,0.0,24060101.0,38.07118551664918,8.75337321857606,28.71219091415405,45.43691289801346
2024-06-01 19:13:00+00:00,GER,GER,-19.17301206631172,-18.762893357598337,0.0,-18.437741177631523,-17.552504264968242,-18.69068391467404,-10.2312041738188,6.406378066447575,3.47045070690839,5.0048924044262995,2.8883812387879653,6.36513439603128,-1.16442631645018,12.730743660964599,0.48232872760141265,9.961162911962756,81.5645668029785,53.424788818359374,1.0,332.772499080411,0.0945941492915154,2011.380859375,3837.97265625,326.406872056986,54.8338314056396,324.99205301193103,3.991333184665386,44.6552654,-0.43507848777689,1804.7820568084717,0.0,781.837165355682,986.241936683655,641.290843486786,-63.5633857,3.0,337.427886962891,34.1338996887207,44.4049606323242,-298.619995117188,47.2241580486298,21.8896016478538,-1.723471131501135,-0.401993238200333,-2.35396045097801,-4.623522388816296,187.202224731445,298.809020996094,2.0,7.0,3.0,0.0,0.0,24060101.0,28.364844668279083,8.05565658825456,29.4089472770691,48.95764078412738
2024-06-01 19:13:01+00:00,GER,GER,-18.79891577528098,-16.62852651933268,0.0,-14.1233350506487,-11.83991623846568,-9.338133802573807,-10.23487540049765,6.405345427222435,1.4916645002225621,5.003802306234768,0.9718979793264115,6.366220054599849,-1.165235715211168,15.58332623479826,9.460781801952422,7.881597071974329,75.3146987915039,50.56608787536622,1.0,333.0573179688,0.0934220775961876,2026.130859375,3852.72265625,320.239074632681,51.6105869293213,320.7731134635055,0.4033932395501901,44.6553669,1.21198707941944,1804.7548055648817,0.0,944.733679294586,947.901666164398,770.846009254456,-63.5634995,3.0,327.363800048828,34.1338996887207,44.4049606323242,-299.720001220703,47.2299665212631,21.8624576926231,0.7159880266815151,2.41095944681883,-3.14594713878062,-2.634955799470174,188.202285766602,299.80908203125,2.0,7.0,3.0,0.0,0.0,24060101.0,21.369070880708257,5.69059430511093,24.29799842834475,49.64722474750719
2024-06-01 19:13:02+00:00,GER,GER,-18.76846781648944,-15.52938003469566,0.0,-11.91216512573246,-8.294139131805268,-3.9697094460833595,-10.23105732475165,6.4046101146696,2.405479948901526,5.004165586921248,-0.3015524850001991,6.3662200545998475,-1.164696130266736,16.535839827767223,14.79875862653816,9.516891208342539,71.9913482666016,49.20467651367188,1.0,333.182091864558,0.0924590304493904,2040.12109375,3866.712890625,316.87758337228,49.5505577087402,318.662666972242,-0.3839935686434474,44.6554588,2.14327515517933,1804.791140556338,0.0,1368.68989467621,1224.07066822052,1157.21213817596,-63.5636176,3.0,321.366912841797,34.1338996887207,44.4049606323242,-300.720001220703,47.2280293703079,21.8547031283379,-0.7634871765419816,-2.68495526013824,0.395993370581727,-1.319977834348678,189.202346801758,300.809143066406,2.0,7.0,3.0,0.0,0.0,24060101.0,25.074625748849122,2.2566518130899,24.04108829498295,45.65643236977713
2024-06-01 19:13:03+00:00,GER,GER,-18.75020320762988,-15.0392477089123,0.0,-10.848291787026122,-6.465417111727428,-1.2779762157057462,-10.22812034340855,6.40578874918825,3.751735996930814,5.004165586921248,1.1263525154833451,6.405027652671299,-1.1066901084101697,16.51638539995428,17.4722266610869,10.267001024504092,72.3237739562988,48.6461247253418,1.0,333.155208239985,0.091624528169632,2053.775390625,3880.3671875,316.531347422874,49.0810775756836,316.98167545523154,-1.1091814199099348,44.6555475,1.21083875386523,1804.8093080520641,0.0,1038.93101215363,1005.96284866333,1021.27575874329,-63.5637365,3.0,316.424102783203,34.1338996887207,44.4049606323242,-301.720001220703,47.2241580486298,21.8547031283379,-1.704471412860005,0.626989487857485,-0.712988132892851,-2.700154693541682,190.202407836914,301.809204101562,2.0,7.0,3.0,0.0,0.0,24060101.0,28.66896259767794,359.569680779445,24.88191146850585,42.063553215475636
2024-06-01 19:13:04+00:00,GER,GER,-18.72382126045128,-14.364931477442,0.0,-9.764771921436456,-4.705531787161723,-0.3306726483469836,-10.22870773967715,6.40416764647743,4.120742345614726,5.004165330789156,0.32308799474702343,6.705991315334086,-0.8188182962163729,16.45191900098258,18.39314892159726,11.69834400470844,70.6787979125976,47.7624373626709,1.0,332.864187539829,0.0913028307259083,2067.263671875,3893.85546875,314.292056243107,48.1593418121338,314.9252147791675,-1.484575062684864,44.6556323,0.822059263666226,1804.736638069154,0.0,976.841926574707,901.364922523499,928.368091583252,-63.5638568,3.0,309.754089355469,34.1338996887207,44.4049606323242,-302.720001220703,47.2260922193527,21.8450084328651,-1.29897828967942,0.290995140307369,0.673988659866578,-0.9923833281450353,191.20246887207,302.809265136719,2.0,7.0,3.0,0.0,0.0,24060101.0,32.77538058518796,357.495161083216,25.0260108947754,38.14045257568357
2024-06-01 19:13:05+00:00,GER,GER,-18.68324583866788,-13.727733396751919,0.0,-8.21107993338441,-2.0290218424887922,4.556429525976626,-10.23002938128155,6.404315562761646,4.297995743728215,5.0048924044262995,0.08248000371532505,6.711418583648576,-0.812343191505836,16.8391039835198,23.23967596228608,13.28078545426018,69.4663330078125,46.74997787475586,1.0,332.447600641972,0.0911769010126591,2080.505859375,3907.09765625,313.614037024578,47.2754402160644,313.9077351588885,-1.1683804090102383,44.6557142,0.529654489708044,1804.7366380691542,0.0,946.800947189331,882.477819919586,957.75830745697,-63.5639768,3.0,305.384613037109,34.1338996887207,44.4049606323242,-303.619995117188,47.2241580486298,21.8353137373924,-1.1394809394809,0.549990790992375,0.233996064425275,-0.8129863925544101,192.202529907227,303.809326171875,2.0,7.0,3.0,0.0,0.0,24060101.0,37.30038637447274,356.077896830438,25.5698169708252,34.678090667724604
2024-06-01 19:13:06+00:00,GER,GER,-18.71773556190078,-14.5106516850822,0.0,-9.802062192983783,-4.654221228993786,0.453975139930656,-10.22870773967715,6.404904666577555,4.985260733204397,5.0045288676077275,-0.43761855775598146,6.71223214455609,-0.8131525689224824,14.10935228737984,19.17171125678432,15.0926522750137,68.9701011657715,46.0633797454834,1.0,332.11210174994,0.0911363795399666,2093.466796875,3920.05859375,312.735210244451,46.3585144042969,313.350241458454,0.14479757181329303,44.6557934,0.59225077221283,1804.75480556488,0.0,994.39138174057,959.8628282547,942.132294178009,-63.5640958,3.0,300.441986083984,34.1338996887207,44.4049606323242,-304.619995117188,47.2202867269516,21.8333750963211,-1.47247528652065,-1.15798056020874,0.406993150116194,-0.11119813238920684,193.202590942383,304.809387207031,2.0,7.0,3.0,0.0,0.0,24060101.0,40.53043132731488,355.412554443009,26.4537486076355,31.406461715698246
2024-06-01 19:13:07+00:00,GER,GER,-18.69541757727832,-13.65424431788664,0.0,-8.232218173582494,-2.341609547967926,3.65867172397031,-10.23120417381875,6.404756963736755,3.719475177867506,5.004165586921248,-0.8153473488266461,6.713861913069418,-0.8131525689224824,12.96191055965004,22.354089685446738,15.522305324753361,66.9514183044434,45.1715110015869,1.0,331.915802113194,0.0909986481070518,2106.244140625,3932.8359375,311.696720962286,45.6276454925537,312.9222481446825,0.29959497012635083,44.6558697,1.46605891076481,1804.718470573426,0.0,1069.62883472443,997.570395469666,952.925086021423,-63.5642152,3.0,296.153503417969,34.1338996887207,44.4049606323242,-305.619995117188,47.2202867269516,21.8314364552498,-0.6484891357761136,1.26297871044181,0.0569990425315605,-0.5107914122029173,194.202651977539,305.809448242188,2.0,7.0,3.0,0.0,0.0,24060101.0,41.56582585076738,355.21117314552,24.8818822860718,31.191903533935537
2024-06-01 19:13:08+00:00,GER,GER,-18.69947368511694,-13.638381203539259,0.0,-8.25757439710252,-2.2936159004156798,3.321059059145894,-10.22973568314725,6.4049040262473245,4.504610076026844,5.004165586921248,-1.206734450504285,6.715761474054962,-0.3569283250713783,12.127268785527821,22.02053227468732,15.389047992536979,65.4385734558105,44.561678466796884,1.0,331.687509870376,0.0909479074180126,2118.771484375,3945.36328125,311.207624776199,44.8921726226807,313.0237447557495,1.2183795495131875,44.6559438,1.6470727975919,1804.745721817018,0.0,1135.0691318512,1057.71219730377,984.618246555328,-63.5643337,3.0,291.137908935547,34.1338996887207,44.4049606323242,-306.720001220703,47.2280293703079,21.8294978141785,-1.0584822597222496,-1.42397619429765,0.162997275199411,0.08959848022916597,195.202713012695,306.809509277344,2.0,7.0,3.0,0.0,0.0,24060101.0,40.8831491262435,355.08287487215,24.4591549873352,32.28153785705568
2024-06-01 19:13:09+00:00,GER,GER,-18.70150293431934,-13.63639942415158,0.0,-8.238065157021484,-2.376161169790176,3.4322594480321698,-10.2306167775502,6.4044624118288,4.333518874582538,5.0034384279067385,-1.8508133384694099,6.719017852119132,-0.159977760625139,11.586354174020181,22.13376280923834,15.614736908753281,65.1204986572266,43.982534179687505,1.0,331.495608875455,0.0909743405878544,2131.130859375,3957.72265625,310.956355777013,44.2226177215576,312.73777839557954,1.8251694039027657,44.6560164,1.77841381351495,1804.718470573426,0.0,1094.77579593658,1044.75021362305,919.971287250519,-63.5644513,3.0,287.038909912109,34.1338996887207,44.4049606323242,-307.720001220703,47.2241580486298,21.8275591731071,-1.060482171127745,0.190996795268445,0.299994981755918,0.3781936654849632,196.202774047852,307.8095703125,2.0,7.0,3.0,0.0,0.0,24060101.0,39.79629664060306,354.878898102777,24.316498374938952,34.136757202148466
2024-06-01 19:13:10+00:00,GER,GER,-18.70961993112898,-14.657688753194382,0.0,-10.28296403036806,-5.516869211967934,-1.1979434847782922,-10.2267982749173,6.4046101146696,3.663653365130144,5.00525568511278,-3.372231199261435,6.717118205756224,-0.1918136858931786,12.48393682436294,17.51167646769504,15.909747122403402,64.8737869262695,43.971775131225584,1.0,331.277015501258,0.0910226471722126,2143.34375,3969.935546875,309.843499395164,43.9822952270508,314.111739249019,1.1225811945166098,44.6560874,3.63862063644468,1804.782056808474,0.0,1113.33429813385,1083.97603034973,990.345060825348,-63.5645696,3.0,284.014495849609,34.1338996887207,44.4049606323242,-308.720001220703,47.2260922193527,21.8256205320358,-1.39547658965554,-0.641989276965921,-0.328994470867911,2.685754819157954,197.202835083008,308.809631347656,2.0,7.0,3.0,0.0,0.0,24060101.0,38.5815693533216,354.542224418209,23.83967199325565,34.041485137939475
2024-06-01 19:13:11+00:00,GER,GER,-18.6893329032562,-14.77496890690428,0.0,-10.300405772187307,-5.235778112761343,-0.1601466557286642,-10.22268607415015,6.404020797410276,3.9318897494979894,5.003802306234768,-3.73997722863309,6.717661035040507,-0.19181358984364322,15.13968461612896,18.5291864823153,15.163442746137921,64.2662017822266,44.17342575073239,1.0,330.953319176113,0.0913286872208118,2155.560546875,3982.15234375,312.504759661855,44.0482818603516,317.13968505149046,-0.4573923262610952,44.6561614,3.83599133223007,1804.8274755477898,0.0,1044.12174224854,1013.39721679688,979.857087135315,-63.5646848,3.0,274.864807128906,34.1338996887207,44.4049606323242,-309.720001220703,47.2260922193527,21.8236804008484,-1.33547764666521,0.230996117275759,-0.236996011574792,3.3889431567122337,198.202896118164,309.809692382812,2.0,7.0,3.0,0.0,0.0,24060101.0,37.18778865694834,354.32734666692,22.55183658599855,36.19670581817628
2024-06-01 19:13:12+00:00,GER,GER,-18.66701799221886,-12.46013617642636,0.0,-5.727106532734427,1.8276684527261975,9.507778113819821,-10.22121758347855,6.404020797410276,3.645891842391664,5.003802050102676,-4.28266499993798,6.71766086428578,-0.1904646888475466,15.738963364849122,28.1747970451897,13.596202907112419,63.4115547180176,44.09282592773436,1.0,330.543781033479,0.0916545085608959,2167.84375,3994.435546875,315.704293476656,44.4142227172852,320.52512295512054,-0.6865884872533358,44.6562403,4.17530061604432,1804.7275543212902,0.0,1100.59297084808,998.774111270904,1034.60597991943,-63.5647944,3.0,265.619812011719,34.1338996887207,44.4049606323242,-310.619995117188,47.2241580486298,21.8256205320358,-0.6274894790490715,2.06796527594736,1.36397714458562,3.24994530663052,199.20295715332,310.809753417969,2.0,7.0,3.0,0.0,0.0,24060101.0,34.6420139117634,354.44223044876,21.3045355796814,36.07775093078614
2024-06-01 19:13:13+00:00,GER,GER,-18.75020286612044,-14.790776696719359,0.0,-10.586349080468997,-6.2897942932122275,-2.636050027791719,-10.2248888101575,6.404904666577555,3.241362277476072,5.00598224648574,-4.386158801006371,6.716846876491443,-0.18992515726396858,12.10895841440084,16.11415282765656,13.2785444691935,63.7966049194336,43.89951599121095,1.0,330.079492094458,0.0919182635843754,2180.076171875,4006.66796875,319.350822191499,43.9219665527344,323.756061979725,2.20016309641311,44.6563235,3.64495179491846,1804.818391799928,0.0,1217.43500232697,1125.51259994507,1089.6760225296,-63.5648961,3.0,254.598403930664,34.1338996887207,44.4049606323242,-311.619995117188,47.2280293703079,21.8275591731071,-1.412976281361055,-1.32097779538751,3.56194002362365,3.857135335400268,200.203018188477,311.809814453125,2.0,7.0,3.0,0.0,0.0,24060101.0,32.44147312723356,354.592276044447,21.711170482635502,38.6031164872019
2024-06-01 19:13:14+00:00,GER,GER,-18.7603508196798,-16.065661899644077,0.0,-13.022743468738039,-9.734121276781291,-6.143780344749034,-10.22503608611145,6.40387288112606,3.797046276601576,5.0048924044262995,-2.706611015232,6.717118205756224,-0.1901948990433738,10.16006211870703,12.6165703895534,9.520447346333906,62.0900230407715,43.329534988403324,1.0,329.56020647224,0.0921182222664356,2192.2734375,4018.865234375,323.503331320056,44.0174137115478,328.34848993234505,1.0683821333404238,44.6564112,3.67918512992539,1804.827475547792,0.0,899.681806564331,994.21215057373,847.679078578949,-63.5649886,3.0,242.302703857422,34.1338996887207,44.4049606323242,-312.619995117188,47.2222208976746,21.8236804008484,-1.84246919518118,0.44499253403759,-1.82496955683652,4.0001329869486195,201.203079223633,312.809875488281,2.0,7.0,3.0,0.0,0.0,24060101.0,26.198214406940497,354.910836067336,18.9356454849243,38.2378271484375
2024-06-01 19:13:15+00:00,GER,GER,-18.7907957048862,-18.06089334489358,0.0,-17.378382593966577,-16.30523249232954,-16.338373082446616,-10.233406909826101,6.404904666577555,3.996410832671738,5.00452912373982,-0.22327432161479502,6.717118205756224,-0.190464640822779,9.478387382934429,2.4524230760068253,6.736896640667924,58.6324264526367,41.115234375,1.0,329.010895338431,0.0923663064837456,2204.265625,4030.857421875,329.700826406872,42.213516998291,331.026443181367,-0.6985883098689465,44.6565019,1.11360812954404,1804.863810539246,0.0,906.047642230988,877.323627471924,820.92273235321,-63.5650657,3.0,229.801605224609,34.1338996887207,44.4049606323242,-313.720001220703,47.2222208976746,21.8139871954918,-0.7929866701857731,0.221996262486996,-0.574990350571679,0.9323844064990446,202.203140258789,313.809936523438,2.0,7.0,3.0,0.0,0.0,24060101.0,20.36340748769392,354.939386258067,17.32527551651,39.24929786682129
2024-06-01 19:13:16+00:00,GER,GER,-18.99625735738504,-19.13436036730812,0.0,-19.144783577491,-19.168072131994542,-18.665764652506162,-10.23737268841295,6.4049040262473245,2.6693666767068382,5.0048924044262995,-0.504864798363158,6.716846791114082,-0.190464640822779,13.608872054249158,0.3304921952827202,5.193563915152672,55.6821784973144,38.475275344848626,1.0,328.709602033764,0.0931174591183662,2215.62109375,4042.212890625,329.728256446579,39.6305213928223,331.4324432860105,-3.674338385001664,44.6565883,1.5681757883852,1804.827475547792,0.0,999.93109703064,811.524569988251,858.64782333374,-63.5651358,3.0,218.278594970703,34.1338996887207,44.4049606323242,-314.720001220703,47.2086727619171,21.7945978045464,1.0059831312448568,1.27197865861207,-5.14591361267227,0.7319877554844408,203.203201293945,314.809997558594,2.0,7.0,3.0,0.0,0.0,24060101.0,13.659683539032178,354.348274366537,16.18971490859985,38.378000831604
2024-06-01 19:13:17+00:00,GER,GER,-21.09912438772696,-21.83755321436994,0.0,-21.77162617944424,-21.71627398490102,-21.9629776856462,-10.240456518823201,6.4046101146696,1.4604912180298453,5.00452912373982,-1.1531464938236575,6.716575461849301,0.03400507061847362,15.733242056890862,-0.8638534580017989,4.038752840195258,52.7929527282715,36.222193679809564,1.0,328.217801092766,0.094249364733696,2226.2421875,4052.833984375,330.691039911984,37.0466846466064,333.04443623202553,-4.874718304978605,44.6566698,1.79296371727266,1804.881954193116,0.0,1279.60026264191,924.343168735504,1115.83566665649,-63.5652,3.0,209.281997680664,34.1338996887207,44.4049606323242,-315.720001220703,47.2028642892838,21.7868432402611,0.9909833688168486,-0.284995219327909,0.122997939851884,1.8575688838103552,204.203262329102,315.81005859375,2.0,7.0,3.0,0.0,0.0,24060101.0,10.632856863056,352.948823247115,16.1557551383972,36.304884338378926
2024-06-01 19:13:18+00:00,GER,GER,-22.92377083392706,-23.97066705443238,0.0,-23.827325972434817,-23.6220306350423,-23.17931758059066,-10.2442754483429,6.405345427222435,3.5172109930512625,5.003075147220258,1.185191340170975,6.716846876491443,0.2247506616678076,15.59133736367578,-0.255547250923668,3.2633351667907298,52.3844055175781,34.14863479614258,1.0,327.746791247602,0.0953141145408154,2236.251953125,4062.84375,334.129903555302,35.2266139984131,333.54491151326897,-3.612339519933672,44.6567489,-0.218839261007209,1805.0363302230842,0.0,853.276908397674,594.367325305939,768.80419254303,-63.5652556,3.0,198.531097412109,34.1338996887207,44.4049606323242,-316.619995117188,47.1254348754883,21.7771485447884,-1.0774819250025205,-2.97294997304842,0.432992718759097,-1.36417709837357,205.203323364258,316.810119628906,2.0,7.0,3.0,0.0,0.0,24060101.0,10.143340278826296,351.662179532025,18.09148864746095,34.018545070447416
2024-06-01 19:13:19+00:00,GER,GER,-31.65428392161528,-32.66310456957344,0.0,-32.280677496812,-31.230842587416305,-31.892631568929858,-10.253528220234148,6.4051985781552805,3.3508316402945724,5.00307540335235,1.1515691470122071,6.716032717942379,0.2177359800169678,20.42791076968712,-0.23834783274356278,2.8755011455275876,51.3597827911377,30.196526756286623,1.0,327.396785033774,0.0960372515022755,2245.658203125,4072.25,332.928691846351,32.0727687835693,332.35792025816954,-1.711571362485726,44.6568213,-0.390135282749251,1804.863810539246,0.0,266.891241073608,133.388862013817,270.962417125702,-63.565307,3.0,189.874496459961,34.1338996887207,44.4049606323242,-317.619995117188,47.0983356237412,21.7693939805031,0.018499687428898515,2.15496395672675,2.3329608209314,-1.3665770667653523,206.203384399414,317.810180664062,2.0,7.0,3.0,0.0,0.0,24060101.0,8.028147659862878,350.426707594196,19.59355401992795,30.089547042846654
2024-06-01 19:13:20+00:00,GER,GER,-34.73884891872124,-34.92727471339222,0.0,-34.968204621993564,-34.785927363613425,-35.07283902196464,-10.26175304865535,6.404756963736755,2.820883623206944,5.003075232597624,2.6036398303568253,6.716846791114082,0.2196245566709456,21.55627987717858,-0.3339894495729224,2.233956311105394,46.9044628143311,26.10272941589356,1.0,327.057898367914,0.0967504844069481,2253.9296875,4080.521484375,331.414575511142,27.6275922775269,330.266475353176,-1.275378598714856,44.6568833,-0.52819688465048,1804.791140556338,0.0,220.265865325928,83.6704298853874,137.040928006172,-63.5653541,3.0,179.797500610352,34.1338996887207,44.4049606323242,-318.619995117188,47.0441341400146,21.7228606343269,0.47049209814869347,-0.160997297092853,-0.249995809236456,-2.451758920151324,207.20344543457,318.810241699219,2.0,7.0,3.0,0.0,0.0,24060101.0,5.429188536799918,348.879123332055,19.37964334487915,26.046090774536122
2024-06-01 19:13:21+00:00,GER,GER,-34.67574138588492,-34.95783161370104,0.0,-34.98708121580274,-34.960896319581636,-34.462347834702975,-10.26204674678965,6.405051515644709,1.738151897414476,5.00307540335235,3.011838081974705,6.71766086428578,0.10442172495581219,22.79603536814514,0.2133944049556038,0.2935333526617689,42.943754196167,22.561565322875964,1.0,326.768790120726,0.097408477216959,2261.083984375,4087.67578125,328.460873864948,24.0348569869995,328.01850983316353,-1.1303810250888435,44.6569355,0.216532764821433,1805.408740043642,0.0,266.980946063995,116.522796452045,74.3410438299179,-63.5653987,3.0,170.647094726562,34.1338996887207,44.4049606323242,-319.720001220703,47.0344573259354,21.6821447014809,0.8264861600633204,0.0959983821557019,-0.228996152509414,-2.875151781351542,208.203506469727,319.810302734375,2.0,7.0,3.0,0.0,0.0,24060101.0,0.7991633956811786,346.737585819689,18.9729998588562,22.557771606445318
2024-06-01 19:13:22+00:00,GER,GER,-34.68041528433398,-34.974273245071096,0.0,-34.987057310140614,-34.92345117349484,-35.10334469585464,-10.2671864641401,6.40505087531448,0.5539250973481783,5.003438769416196,6.633084638161581,6.681837631994805,-0.6564013709849592,25.687908434424582,-0.4229291620587044,2.2917589854237663,39.9264965057373,19.44204517364502,1.0,326.590795390956,0.0978636413812637,2267.267578125,4093.859375,326.652540301052,20.6369556427002,324.25906443096153,-0.7807869064554135,44.6569795,-1.10690525936903,1805.672121047974,0.0,241.130471229553,7.62364454567432,27.6651717722416,-63.5654394,3.0,165.226104736328,34.1338996887207,44.4049606323242,-320.720001220703,46.9357341527939,28.6115914583206,0.785486855672834,0.923984469103034,-0.0369993781928504,-5.10711421082782,209.203567504883,320.810363769531,2.0,7.0,3.0,0.0,0.0,24060101.0,5.7265386878823055,344.124300801729,19.5568425178528,19.353791313171396
2024-06-01 19:13:23+00:00,GER,GER,-34.65003528592468,-34.99543043904414,0.0,-35.01769412366268,-34.91877249391338,-35.18277159967488,-10.2695364761014,6.404756963736755,0.06638739968093277,5.003802306234768,7.685889356497116,6.606122082214813,-0.934020994529374,29.402217214515197,-0.532736452488453,7.399196093444603,37.8411060333252,16.92898029327392,1.0,326.274912802221,0.0982048854231834,2272.59765625,4099.189453125,321.705570888996,17.982705116272,319.138649195121,-0.319194643512824,44.6570157,-1.33217151494181,1805.6903123855602,0.0,255.273848772049,3.79755301401019,34.9870584905148,-63.5654787,3.0,160.139999389648,34.1338996887207,44.4049606323242,-321.720001220703,46.9047605991364,36.4329069852829,0.8329860455539395,-0.236996011574792,0.353994057127642,-5.193112695780629,210.203628540039,321.810424804688,2.0,7.0,3.0,0.0,0.0,24060101.0,14.83755529630696,342.091499900949,20.28552532196045,16.646246256147126
2024-06-01 19:13:24+00:00,GER,GER,-34.626677405001104,-33.75201840630542,0.0,-32.18755333163024,-30.260002913885263,-28.24820313725656,-10.27232703526415,6.4051985781552805,-0.19459903703670944,5.002711695779052,11.37070298918545,6.5589023377842155,-0.9353699889069634,29.3457602368737,6.3784751215181466,10.203346735024704,35.2616844177246,14.69265089035036,1.0,325.759315482155,0.0985202260315418,2277.236328125,4103.828125,317.47478779255,15.626669883728,313.46325376846096,-0.3861935378905542,44.657045,-2.36225336784747,1805.6721210479761,0.0,230.699792504311,0.402149424189702,-14.2644410952926,-63.5655164,3.0,154.352798461914,34.1338996887207,44.4049606323242,-322.720001220703,46.8815326690674,36.4387214183807,0.6204896290472925,-0.673988659866578,-0.358993969043503,-6.670487735896264,211.203689575195,322.810485839844,2.0,7.0,3.0,0.0,0.0,24060101.0,18.820817801383,340.825374074126,20.17254123687745,14.06632068533648
2024-06-01 19:13:25+00:00,GER,GER,-34.62434079728604,-33.55027101067724,0.0,-32.022981289616624,-30.381863733962057,-28.634134780081144,-10.27188648806265,6.405346494439495,-0.26274546189194037,5.002348329715206,10.127721685251231,6.561344557299316,-0.921610658201337,29.88820156641562,5.9902067856011545,14.280456039296741,32.9318035125732,13.314460144042979,1.0,325.256722842269,0.0989311203360558,2281.26953125,4107.861328125,309.369620870549,13.8084248542786,306.93535511073503,-0.5351910303770852,44.6570676,-0.904236257778412,1805.7447910308842,0.0,239.084929227829,-48.4858527779579,-48.2352301478386,-63.565554,3.0,151.112396240234,34.1338996887207,44.4049606323242,-323.619995117188,46.8718558549881,44.0661549568176,0.231996116334197,-0.501991583239257,-0.192996773375002,-5.7787030623851745,212.203750610352,323.810546875,2.0,7.0,3.0,0.0,0.0,24060101.0,24.007652528787997,339.773415658917,19.8342704772949,12.460119867324812
2024-06-01 19:13:26+00:00,GER,GER,-34.62434079728604,-33.50636792073025,0.0,-32.009318179200875,-30.210788668839644,-28.856670880976623,-10.27159278992835,6.40431534931823,-0.2609329431296304,5.002348329715206,7.3165656601488855,6.565686337799963,-0.921610658201337,29.54335829258112,5.767671538479322,20.023707687813882,32.1122749328613,12.699822292327859,1.0,324.945785310493,0.0992657393217087,2284.943359375,4111.53515625,302.176857938635,12.9407907485962,301.74342779428446,-0.8937850331477458,44.6570854,0.696937455147586,1805.7356834411603,0.0,199.427172541618,-17.0384328812361,-53.7483394145966,-63.5655926,3.0,148.010604858398,34.1338996887207,44.4049606323242,-324.619995117188,46.8660473823547,48.7213283777237,-0.00199996643387101,0.0889985121436033,-0.245995879703768,-3.9535334663833384,213.203811645508,324.810607910156,2.0,7.0,3.0,0.0,0.0,24060101.0,31.692761450795082,338.872267820582,20.0924654960632,10.91369802474974
2024-06-01 19:13:27+00:00,GER,GER,-34.63134857137446,-33.47865169609726,0.0,-32.00020943892374,-30.34405863690602,-28.82389963333888,-10.2711522427269,6.40416764647743,-0.266007832379888,5.002348500469933,5.65645637930897,6.570300130584307,-0.921610658201337,28.4905194659884,5.807449706431829,24.57481094689836,30.8857234954834,12.50385881423952,1.0,324.670419403915,0.0996382981538773,1.74609375,4115.0546875,296.939195675503,12.5897672653198,298.0990164380845,-1.397976524269128,44.6571,2.16089640290773,1805.617642402652,0.0,165.676400065422,-29.1999485343695,-54.2077943682671,-63.5656322,4.0,145.29460144043,34.1338996887207,44.4049606323242,-325.619995117188,46.8660473823547,53.9445877075195,-0.1169980388827445,-0.294995069840057,-0.628989399262977,-2.841552330588274,0.600000023841858,325.810668945312,2.0,7.0,4.0,0.0,0.0,24060101.0,38.08716542723132,338.028138401439,19.88989820480345,9.905512809753418
2024-06-01 19:13:28+00:00,GER,GER,-34.6290112806405,-33.45556087557016,0.0,-31.98882761169086,-30.268525623931577,-28.778032864005503,-10.2705648464583,6.403726032058906,-0.4715349266286946,5.00234815896048,1.11374323922356,6.582241264932874,-0.921610658201337,28.28147742832666,5.850979611918059,23.88961832219374,31.5110412597656,12.4868943786621,1.0,324.414205347769,0.100043405592442,5.21875,4118.52734375,293.15013457306,12.6529995918274,295.9735435306465,-1.140380870264906,44.6571126,3.41752933400207,1805.77199459076,0.0,54.2781949043274,-13.3166955783963,-36.1560694873333,-63.5656729,4.0,142.938095092773,34.1338996887207,44.4049606323242,-326.720001220703,46.8641102313995,53.9562225341797,0.1354977263116428,0.443992524973991,0.647989117904101,-1.3413774786929,1.60000026226044,326.810729980469,2.0,7.0,4.0,0.0,0.0,24060101.0,36.19730945747786,337.712993473134,20.48919553756715,9.59579738315783
2024-06-01 19:13:29+00:00,GER,GER,-34.607995471583266,-33.44632782585012,0.0,-31.984277339665816,-30.306306132306624,-28.6885447500284,-10.270858544592599,6.4046101146696,-1.086303338431178,5.003075232597624,1.1594501714582,6.584140740541055,-0.9210709878795413,31.92941247911986,5.91945191683798,21.2198418341367,31.976545715332,12.291317310333259,1.0,324.194382539522,0.10039030238986,8.681640625,4121.990234375,292.346849685153,12.4375542640686,294.679550532009,-0.598589977503225,44.6571243,2.92948457016116,1805.726623535154,0.0,75.0725194811821,-9.52673424035311,15.3243271633983,-63.5657135,4.0,140.86360168457,34.1338996887207,44.4049606323242,-327.720001220703,58.7437093257904,53.9581596851349,0.011499810746693498,-0.342994250912748,0.755987322008402,-1.283378479124572,2.59999966621399,327.810791015625,2.0,7.0,4.0,0.0,0.0,24060101.0,31.843297454064338,336.731058157297,20.9532717704773,10.544212899889256
2024-06-01 19:13:30+00:00,GER,GER,-34.600989746551576,-33.49251971218801,0.0,-31.968346606445657,-30.26409283116026,-28.5315770991272,-10.2714459408612,6.403726032058906,-1.2273083676665402,5.002711866533778,1.1631255602836048,6.584140740541055,-0.921610658201337,34.339878444771145,6.069413159688573,21.55610809792094,33.4698589324951,12.429690456390379,1.0,324.010185997985,0.100701505690813,12.095703125,4125.404296875,291.174160846175,12.4149619102478,293.66507619496554,-0.6633888786214636,44.6571356,2.87082669212568,1805.690264701844,0.0,58.1446550786495,-64.1170293092728,18.5905825346708,-63.5657543,4.0,138.58430480957,34.1338996887207,44.4049606323242,-328.720001220703,74.7348070144653,58.5706830024719,-0.454492380017939,-0.507991424177437,-0.15499740279382,-0.48199190355930177,3.59999871253967,328.810852050781,2.0,7.0,4.0,0.0,0.0,24060101.0,31.555045712597916,335.149869364439,22.323026561737052,10.804067039489732
2024-06-01 19:13:31+00:00,GER,GER,-34.61032934722266,-32.1726232211235,0.0,-28.74678611459052,-24.931372093272962,-21.0039561176813,-10.27041799739115,6.404315562761646,-1.234920656185202,5.003438769416196,1.197274211616995,6.584140740541055,-0.921610658201337,34.26854531511738,13.606373656428143,23.574545452385085,34.4266513824463,12.963094196319599,1.0,323.795581454263,0.101086107641458,15.556640625,4128.865234375,288.665705571596,12.7738260269165,292.991086788047,-1.6971716161680441,44.657146,4.80605919438489,1805.6812286376942,0.0,77.1123468875885,-65.4500275850296,81.1363011598587,-63.5657968,4.0,136.294403076172,34.1338996887207,44.4049606323242,-329.720001220703,82.4525773525238,58.5706830024719,-0.345994184722052,0.259995659748605,-1.43797584094036,-1.291378316845608,4.59999799728394,329.810913085938,2.0,7.0,4.0,0.0,0.0,24060101.0,34.1472281780985,333.704464732281,22.7405156135559,10.670874289103907
2024-06-01 19:13:32+00:00,GER,GER,-34.6126625398431,-30.7719139808561,0.0,-26.1330803569774,-21.24427649438294,-16.741182976483962,-10.27041799739115,6.40490381280391,-1.2298457829432,5.002711866533778,0.450223992034357,6.584140740541055,-0.921610658201337,34.33186731589364,17.87147956335918,25.11352777428586,35.2891399383545,13.64862218856812,1.0,323.612477742993,0.101430704444647,19.17578125,4132.484375,287.934848009648,13.449448299408,291.8326047425425,-1.818369566385878,44.6571563,4.32364805594876,1805.762934684752,0.0,142.631351947784,36.2877435982227,110.564269125462,-63.5658417,4.0,134.242797851562,34.1338996887207,44.4049606323242,-330.619995117188,82.4758052825928,58.6385428905487,-0.0069998808510219005,0.39899326437039,0.405993194413449,-0.33839433195015595,5.59999704360962,330.810974121094,2.0,7.0,4.0,0.0,0.0,24060101.0,36.97386644912458,332.725452737408,23.533945655822748,10.640335582284353
2024-06-01 19:13:33+00:00,GER,GER,-34.64069295317796,-30.7674306446849,0.0,-26.225580925888,-21.223545504214137,-17.190810914451298,-10.2698306011225,6.4046101146696,-1.229483291997344,5.002348329715206,0.6435534436467065,6.473687617038664,-1.047604980697765,34.48636073076803,17.44988101419824,26.650920028147862,36.9488204956055,14.618852634429942,1.0,323.46289660017,0.101769802719355,22.986328125,4136.294921875,287.508398318629,14.2039155006409,291.745615453273,-2.490358133420064,44.657167,4.47491796304433,1805.7901382446282,0.0,231.19381070137,18.0624444037676,-19.6129251271486,-63.5658892,4.0,132.164901733398,34.1338996887207,44.4049606323242,-331.619995117188,82.5358092784882,55.3347408771515,-0.520491284008369,-0.756987357752427,-1.15498071978092,0.08839851454281936,6.5999960899353,331.81103515625,2.0,7.0,4.0,0.0,0.0,24060101.0,39.61692699375258,332.196550208838,24.683484649658197,10.36408953666685
2024-06-01 19:13:34+00:00,GER,GER,-34.65470781833588,-30.7651889765993,0.0,-26.223428733280542,-21.316156380679818,-17.114723973135177,-10.26836125667735,6.40416764647743,-1.0855782711620958,5.003438769416196,-1.176263215708715,6.349665383599032,-1.1792650304880818,34.94678719781312,17.539983162181777,26.751396550461703,39.0678256988525,16.04993396759034,1.0,323.272088435516,0.102158106118441,27.08203125,4140.390625,288.043174809885,15.5834850311279,292.1260979711785,-2.2639619938038362,44.6571789,3.9877128855845,1805.781054496764,0.0,129.040151834488,-65.7864585518837,90.9809768199921,-63.5659407,4.0,129.245193481445,34.1338996887207,44.4049606323242,-332.720001220703,82.553231716156,55.3521931171417,-0.423492912799388,0.199996650057208,0.173997081414305,1.3499773378603543,7.59999513626099,332.811096191406,2.0,7.0,4.0,0.0,0.0,24060101.0,40.790731885640795,332.087157899092,25.52832384109495,11.46378722190856
2024-06-01 19:13:35+00:00,GER,GER,-34.87927829107562,-30.738295106742378,0.0,-26.173939914630278,-21.2214957644442,-16.39722352912802,-10.2682144076102,6.404756963736755,-0.10361620019274342,5.002711866533778,1.400060073475445,6.349665554353761,-1.141763471307644,38.88081838237066,18.48205612798544,26.40057651959396,40.5533008575439,17.55626838684082,1.0,323.065789401825,0.102567706257105,31.580078125,4144.888671875,290.629302995705,17.0243951797485,293.1515689127855,-1.875168565750058,44.657193,2.87413997420337,1805.7901620864861,0.0,109.7067669034,-119.168341159821,-10.2433981373906,-63.5659966,4.0,126.916702270508,34.1338996887207,44.4049606323242,-333.720001220703,82.5551688671112,55.3541302680969,-1.046982462315772,-1.22497948660298,0.833986001256685,-0.793586687630124,8.59999656677246,333.811157226562,2.0,7.0,4.0,0.0,0.0,24060101.0,41.792976085956646,332.282337384814,26.22187271118165,12.383358707427984
2024-06-01 19:13:36+00:00,GER,GER,-34.881619679923105,-30.185413150035195,0.0,-24.728201969240683,-18.84151737268164,-12.191781288276431,-10.26748016227435,6.405051729088125,1.0222513398430202,5.002711866533778,3.60496002347183,6.35237927388837,-1.1315112292974079,38.86212620366908,22.689839928439238,26.133821774011842,42.1189796447754,18.282205467224124,1.0,322.874516784308,0.102823401242495,36.48828125,4149.796875,288.874190265822,18.2078338623047,291.3231136115945,-1.5327743202754658,44.6572079,3.40640082141001,1805.681204795836,0.0,103.851936757565,-77.5497183203697,-14.0864532440901,-63.5660566,4.0,123.127403259277,34.1338996887207,44.4049606323242,-334.720001220703,82.5474262237549,55.3521931171417,-0.0549990802665061,0.762987198690608,0.0159997331384947,-3.7855365113877766,9.60000038146973,334.811218261719,2.0,7.0,4.0,0.0,0.0,24060101.0,42.179902204324335,332.62084156008,26.3560132026672,13.45929788589476
2024-06-01 19:13:37+00:00,GER,GER,-34.93786082358684,-32.46075338522262,0.0,-29.707189600579262,-26.59827668662942,-25.215380238208002,-10.267627011341549,6.405494197280295,1.9563656198154138,5.003802306234768,5.987427496250509,6.372732810728186,-1.1309716443529758,37.8558262370241,9.722480585378838,27.14552783538486,42.8977180480957,19.25882274627686,1.0,322.678490355129,0.103164605051279,41.580078125,4154.888671875,286.547390702408,18.802068901062,286.75120354724197,-2.739953992391932,44.6572211,1.61586160784929,1805.75382709503,0.0,93.1350588798523,-14.1167221590877,-0.68945757811889,-63.5661198,4.0,120.517196655273,34.1338996887207,44.4049606323242,-335.720001220703,82.5900137424469,52.8316915035248,-0.380493603621918,-0.15499740279382,-1.87996858791099,-4.371126835303636,10.600004196167,335.811279296875,2.0,7.0,4.0,0.0,0.0,24060101.0,44.69516854354357,332.6423976371,26.7023829460144,13.479815319606235
2024-06-01 19:13:38+00:00,GER,GER,-34.94723799029835,-32.334592961063336,0.0,-29.043835822726823,-25.77349411981944,-21.353912300373782,-10.2638089355955,6.404904666577555,2.7277259900982243,5.002711695779052,3.5177499803541403,6.373547225409347,-1.13070185188076,35.8855686954558,13.593323982377271,27.21711368203794,43.1644454956055,21.367603111267098,1.0,322.496889285477,0.103593798726797,46.9765625,4160.28515625,280.995867586536,20.551576423645,283.4132491187215,-4.689321443072436,44.657231,3.1756571810097,1805.735683441162,0.0,68.1276544928551,-66.7390674352646,84.3057557940483,-63.5661897,4.0,118.30110168457,34.1338996887207,44.4049606323242,-336.720001220703,82.6306641101837,52.8258740901947,-0.9199845929311985,-0.529991143328931,-1.85096888535558,-2.7879531040955157,11.6000080108643,336.811340332031,2.0,7.0,4.0,0.0,0.0,24060101.0,47.083600318932426,332.378888938921,25.6572690010071,14.162210884094241
2024-06-01 19:13:39+00:00,GER,GER,-34.928485022913186,-28.821717046389637,0.0,-21.76904573397584,-14.20937716343482,-6.41546119351532,-10.2604309801641,6.40490381280391,4.763784165403917,5.002348500469933,4.466535186498605,6.288876443853826,-1.227558437967526,35.910744772736436,28.51302323175628,27.400386098980157,43.7949886322022,23.74206893920898,1.0,322.369601880104,0.10395730510354,52.97265625,4166.28125,278.736277084555,22.8525615692139,280.24380911740354,-5.716904193793816,44.6572397,2.56114719581777,1805.8355808258043,0.0,200.318038463593,19.5386800915003,248.686999082565,-63.5662681,4.0,115.431800842285,34.1338996887207,44.4049606323242,-337.619995117188,82.6596975326538,52.8278112411499,-1.1794801814469396,-0.92198450433669,-1.21497966277126,-3.805336034508538,12.6000118255615,337.811401367188,2.0,7.0,4.0,0.0,0.0,24060101.0,51.004106362895435,332.044100386564,25.1578579902649,14.204353923797601
2024-06-01 19:13:40+00:00,GER,GER,-34.909736153641475,-27.316034628768342,0.0,-18.885234339973778,-9.646987272878974,-0.22160777146556523,-10.254262892456751,6.40475717718017,7.48674468982954,5.002348500469933,8.46078221524129,5.3439203698241124,-1.5442984288865262,37.18139901497976,34.688127592435286,29.343273364996918,46.7262748718262,26.371469764709456,1.0,322.223189945056,0.104424505680799,59.638671875,4172.947265625,275.708945999109,25.4698722839355,275.25140528698796,-6.001099400534761,44.6572462,1.43821873954272,1805.890035629272,0.0,196.062162518501,-14.3094509840012,255.766957998276,-63.5663557,4.0,111.873596191406,34.1338996887207,44.4049606323242,-338.720001220703,82.6906681060791,52.8258740901947,-1.672471976598495,-0.374993713854685,-0.959983941618938,-7.814868941236339,13.6000156402588,338.811462402344,2.0,7.0,4.0,0.0,0.0,24060101.0,57.52500885785496,331.868755770191,27.035730457305903,13.393884638377605
2024-06-01 19:13:41+00:00,GER,GER,-34.90973547062258,-27.1521544849176,0.0,-18.67493964561826,-9.665198947772435,-0.7541580265939418,-10.2522065786298,6.4051985781552805,7.757518318719318,5.003075232597624,8.400892768721086,3.8941929109403133,-1.588544949282736,37.77648197849278,34.155576718321036,30.84771542026494,46.2000949859619,29.40835487365722,1.0,322.091995671478,0.105053208768368,67.03515625,4180.34375,269.263733611475,28.1635293960571,266.81104000128005,-5.921500888211617,44.6572461,-0.239036984156582,1805.7901620864857,0.0,162.466660141945,44.3178862333298,309.117466211319,-63.5664533,4.0,109.44709777832,34.1338996887207,44.4049606323242,-339.720001220703,82.7216386795044,69.6705877780914,-1.723971069331865,-0.0909984835800543,0.439992648802156,-8.581855898704905,14.6000194549561,339.8115234375,2.0,7.0,4.0,0.0,0.0,24060101.0,66.75090600377936,331.796765576339,25.969607734680203,11.179679918289194
2024-06-01 19:13:42+00:00,GER,GER,-34.90973547062258,-27.866636326821077,0.0,-20.014943872089823,-11.39073140902076,-2.11685982545113,-10.25117863515965,6.40446305215903,7.754618220397729,5.002348329715206,8.205459285339039,3.8458869956769504,-1.5818000307556441,37.78258543553514,32.792874748709096,33.37705809634464,45.7612083435059,32.37959014892578,1.0,322.038911441249,0.10568120777607,75.291015625,4188.599609375,260.403175088027,31.4116527557373,258.1036826209155,-7.0632816697799425,44.6572344,0.04089793544526,1805.744767189024,0.0,135.04721224308,32.5301997363567,322.261184453964,-63.5665606,4.0,108.363800048828,34.1338996887207,44.4049606323242,-340.720001220703,82.7313184738159,81.4471542835236,-1.548474054363445,0.655988976969478,-1.64697237246675,-9.23944499689785,15.6000232696533,340.811584472656,2.0,7.0,4.0,0.0,0.0,24060101.0,79.10373341966515,331.735293873809,25.0925082206726,7.202944679260254
2024-06-01 19:13:43+00:00,GER,GER,-34.87459278130502,-26.40188586685786,0.0,-16.95539136923386,-6.64899210604986,4.409171629310844,-10.2464790381239,6.4051985781552805,7.750993609759936,5.002711866533778,6.6294055140764705,3.8548426543393077,-1.553471436974874,39.360317469654134,39.28376470943664,35.50469890582512,41.8853313446045,35.081810073852516,1.0,322.066587367766,0.106484401971102,84.353515625,4197.662109375,250.994043091201,33.9677867889404,248.8788291278965,-8.155063161434928,44.6572085,0.178587889011266,1805.2725076675379,0.0,347.580522298813,187.560021877289,453.497797250748,-63.5666729,4.0,107.879898071289,34.1338996887207,44.4049606323242,-341.720001220703,82.7390611171722,90.8835351467132,-1.29097827053149,0.287995139796999,0.0219996307725811,-8.472058217230744,16.6000270843506,341.811645507812,2.0,7.0,4.0,0.0,0.0,24060101.0,93.24155154493936,331.682728737957,24.11971178054805,-3.5601485142341023
2024-06-01 19:13:44+00:00,GER,GER,-34.876934170152495,-26.218709072564003,0.0,-16.81973049344856,-6.571384252360318,3.93667019889808,-10.24310065580565,6.4044624118288,7.751355439031217,5.002348329715206,5.21988904369515,3.855113983604086,-1.55428083573586,39.0810863590246,38.81360590584315,34.512961585509515,41.1948749542236,38.256926879882826,1.0,322.200185867931,0.107365306466818,94.17578125,4207.484375,242.839288995826,36.9771137237549,240.8114604727625,-8.032665317734653,44.6571676,-0.0254114870208277,1804.9727916717518,0.0,447.785198688507,225.087001919746,598.84375333786,-63.5667878,4.0,107.839897155762,34.1338996887207,44.4049606323242,-342.619995117188,82.7429354190826,93.0550456047058,-1.610972953311705,-0.546990843842858,-0.00899984811865622,-7.7040709785582235,17.6000308990478,342.811706542969,2.0,7.0,4.0,0.0,0.0,24060101.0,99.9629166769441,331.637868055488,23.74584102630615,-7.674908752441408
2024-06-01 19:13:45+00:00,GER,GER,-34.87927692503779,-26.203682997899485,0.0,-16.81569999881934,-6.534706990290997,3.919403566053652,-10.2359041977414,6.405787895414605,7.750268414424811,5.001621426832789,4.169710746538895,3.8561996421726596,-1.5532016445026602,38.556573593035054,38.798682625525586,33.1565659295583,41.7898052215576,41.81765007019042,1.0,322.452383772845,0.10824860483408,104.892578125,4218.201171875,234.884249631782,40.3821544647217,233.25009955209998,-8.051664854948879,44.6571111,0.382181847625888,1804.990959167478,0.0,493.460714817047,276.333391666412,629.693686962128,-63.5669034,4.0,108.080902099609,34.1338996887207,44.4049606323242,-343.619995117188,82.7351927757263,93.0647373199463,-1.926467768728495,0.644989170754584,1.04498255091028,-6.998282516052974,18.6000347137451,343.811767578125,2.0,7.0,4.0,0.0,0.0,24060101.0,105.9668319083416,331.599509713109,23.55651569366455,-12.091888689994825
2024-06-01 19:13:46+00:00,GER,GER,-34.8722493434008,-26.201536269443363,0.0,-16.81569829127204,-6.4864332622940974,3.9405050086075817,-10.2237140176202,6.40431534931823,7.513206037957277,5.002348329715206,0.127132178651297,3.8597278617657933,-1.552662059558232,38.41581363952484,38.812754864272534,31.789052774695016,43.1263607025146,45.212474212646505,1.0,322.834409913502,0.1090874992311,116.607421875,4229.916015625,227.679533868821,44.0924812316895,227.985171173801,-7.366476328357749,44.6570391,0.901003550588586,1805.027246475218,0.0,533.083200454712,373.848468065262,703.821122646332,-63.5670181,4.0,110.967597961426,34.1338996887207,44.4049606323242,-344.720001220703,82.7351927757263,93.056982755661,-1.4739753134562599,0.886985174286516,1.0369825851232,-1.445575883810289,19.6000385284424,344.811828613281,2.0,7.0,4.0,0.0,0.0,24060101.0,109.98199003080379,331.768433951662,23.4725003242493,-16.826767158508282
2024-06-01 19:13:47+00:00,GER,GER,-34.860543765201236,-26.233750173644786,0.0,-16.83991404395538,-6.598422495340825,3.957770787678366,-10.232378966356,6.405051515644709,4.251598012564224,5.002348329715206,2.78488637050252,4.0274418761749855,-1.545377534742362,37.6265668394191,38.818314638256936,29.193512588198463,43.7089862823486,47.20711830139158,1.0,323.267607831421,0.110457303375006,129.23046875,4242.5390625,226.902231020517,46.6217399597168,225.7532156172025,-6.130497334360652,44.656959,0.415304369758189,1805.099868774414,0.0,934.395611286163,670.596480369568,1010.01858711243,-63.5671354,4.0,115.236503601074,34.1338996887207,44.4049606323242,-345.720001220703,82.7351927757263,93.056982755661,-0.0804986535490063,1.03298265559051,-0.719987956214204,-5.157913401270333,20.6000423431396,345.811889648438,2.0,7.0,4.0,0.0,0.0,24060101.0,115.84792861077781,332.670920507074,23.3209319114685,-21.647190240713257
2024-06-01 19:13:48+00:00,GER,GER,-34.94254906543312,-27.9110346054829,0.0,-20.26357334467152,-12.003366592662882,-4.06300103627718,-10.232378966356,6.405345427222435,5.780544822894864,5.002711695779052,2.79434287413011,4.97266876720529,-1.514351080272462,33.21303520154028,30.879547858401242,28.59143721852264,42.5170280456543,49.359815139770504,1.0,323.649196839971,0.113159608840942,142.392578125,4255.701171875,222.33989688138,48.2352710723877,220.40580587448602,-4.328327546615186,44.6568706,-0.528700771184328,1805.1362276077282,0.0,1140.51067829132,981.449961662292,1227.51843929291,-63.56725,4.0,119.296401977539,34.1338996887207,44.4049606323242,-346.720001220703,82.7429354190826,89.1191780567169,-2.4784583110438003,-3.94993382862469,3.07894810566467,-5.3049108542853265,21.6000461578369,346.811950683594,2.0,7.0,4.0,0.0,0.0,24060101.0,115.2742391657832,333.768313340642,23.58881635665895,-25.329040431976296
2024-06-01 19:13:49+00:00,GER,GER,-34.67364383479084,-28.33334178677024,0.0,-22.36633758066644,-15.916100564369362,-10.029528665931645,-10.22488881015745,6.40416764647743,5.820055418186643,5.003075232597624,-0.40557375142929897,5.043771121842488,-1.5561694043857142,28.140337033279685,24.644116022632822,29.038726841227618,46.8592231750488,51.49355575561524,1.0,324.147609404085,0.116216200590134,156.171875,4269.48046875,216.050030316229,50.8010147094727,216.272885728468,-1.278778570834154,44.6567696,0.741410471019979,1805.1180362701423,0.0,626.774191856384,642.778992652893,700.808227062225,-63.5673562,4.0,125.063903808594,34.1338996887207,44.4049606323242,-347.720001220703,82.7409982681274,81.3715398311615,-2.15396397434358,-3.94993382862469,3.07894810566467,0.09179852151342453,22.6000499725342,347.81201171875,2.0,7.0,4.0,0.0,0.0,24060101.0,115.5048345483898,334.052913662978,23.9081786155701,-21.06308097839356
2024-06-01 19:13:50+00:00,GER,GER,-33.89383703913697,-30.728215113565277,0.0,-27.66098163610085,-24.265169528895076,-20.654746474665124,-10.225329784245751,6.40475717718017,2.8776122182618225,5.001893951380673,-1.7520486963493207,5.3145427657085325,-1.5478731311186125,29.585891161203225,13.239090777915225,29.613244788168675,46.3382995605469,52.14588718414305,1.0,324.798608394258,0.119475902616978,170.501953125,4283.810546875,216.050030316229,50.8010147094727,217.95534573614998,-0.6847385238465316,44.656658,0.741410471019979,1805.1271438598621,0.0,772.239744663239,779.634535312653,718.703627586365,-63.5674661,4.0,133.324996948242,34.1338996887207,44.4049606323242,-347.720001220703,82.7409982681274,81.3715398311615,0.485991811747649,5.26791146341927,4.35192674665991,1.4064764025405414,22.6000499725342,347.81201171875,2.0,7.0,4.0,0.0,0.0,24060101.0,123.05127423779149,333.832653722623,23.9672876358032,-30.313751220703125
2024-06-01 19:13:51+00:00,GER,GER,-33.70001266294598,-29.676421305915643,0.0,-25.20030942580438,-20.7237860267956,-15.266984657351278,-10.2347285514305,6.404756963736755,1.9204802754916759,5.00234815896048,1.130029798619029,5.315424991361548,-1.548884815536824,31.48920268899902,18.43302766408528,27.543802654567997,43.4504058837891,52.73997940063479,1.0,325.577195318126,0.123425106704235,184.98828125,4298.296875,216.6340524714,52.3451602935791,218.025348344953,-1.953567291312464,44.6565577,1.98670694227854,1805.045413970946,0.0,1368.62695217133,1110.19730567932,1245.05615234375,-63.5675695,4.0,142.655502319336,34.1338996887207,44.4049606323242,-349.619995117188,82.7371299266815,65.6804382801056,-0.014499771236422987,-1.95096733711621,-3.31694433974647,-2.1435640988616496,24.6000576019287,349.812133789062,2.0,7.0,4.0,0.0,0.0,24060101.0,127.4433085382766,334.990944522831,23.466097354888902,-36.8606057739258
2024-06-01 19:13:52+00:00,GER,GER,-33.7000167610595,-28.8582117716534,0.0,-23.9317875686199,-18.6847781916082,-13.9064452963853,-10.2320852682217,6.40416764647743,3.34068287565026,5.00053132864125,1.39953553629153,5.32845169890133,-1.54888477284814,31.1813605989552,19.7935723184478,26.6461218202559,44.5380764007568,53.6483310699463,1.0,326.270377556612,0.126231595873833,199.671875,4312.98046875,215.075075453723,53.6895847320557,216.078375601284,-2.30996143956185,44.6564933,1.09053927234403,1805.0454258918749,0.0,1273.16272258759,1219.01309490204,1217.80550479889,-63.5676351,4.0,149.242599487305,34.1338996887207,44.4049606323242,-350.619995117188,82.7332556247711,58.1092357635498,-1.8179694667109,-3.22594572943439,-1.78796999521574,-3.14894687248672,25.600061416626,350.812194824219,2.0,7.0,4.0,0.0,0.0,24060101.0,126.384440703704,336.421295418058,23.4750555038452,-33.8046604156494
2024-06-01 19:13:54+00:00,GER,GER,-33.70579168600275,-28.800844585927628,0.0,-23.95863405403945,-18.573820914767673,-13.202838054791524,-10.2317915700874,6.40505087531448,2.87806503845945,5.002802579983695,0.736540866306877,5.631382861587555,-1.54753591720877,27.98231599645375,20.502954484984926,24.19008227114135,44.5380764007568,57.0378656387329,1.0,326.270377556612,0.126231595873833,199.671875,4312.98046875,215.075075453723,53.6895847320557,210.168472459661,-0.5399909538204395,44.6562001,1.09053927234403,1805.0113618373853,0.0,1273.16272258759,1219.01309490204,1217.80550479889,-63.5678959,4.0,149.242599487305,34.1338996887207,44.4049606323242,-350.619995117188,82.7332556247711,58.1092357635498,-0.877985279477114,-3.22594572943439,-1.78796999521574,-2.2529623369993304,25.600061416626,350.812194824219,2.0,7.0,4.0,0.0,0.0,24060101.0,127.86265414953975,336.421295418058,23.1776212692261,-33.8046604156494
2024-06-01 19:13:55+00:00,GER,GER,-31.814825810509102,-26.0984697393962,0.0,-21.303468279768143,-15.86880116285756,-10.048547498430265,-10.23105732475165,6.404756963736755,2.662116943167058,5.002348329715206,0.287365868599072,5.63375722744212,-1.5469962895756582,26.02931885518226,21.76627779981468,25.227272622081358,47.805736541748,58.839524230957025,1.0,328.575019986358,0.133760502934456,246.2421875,4359.55078125,207.849404670388,58.0919403076172,209.240488808077,-0.39299341276003974,44.6560854,1.45593475614585,1805.0181627273541,0.0,1356.09948635101,1328.39906215668,1305.32371997833,-63.5679827,4.0,177.28759765625,34.1338996887207,44.4049606323242,-353.720001220703,82.7429354190826,35.3936821222305,-1.92996760034789,-4.91991759407535,-5.90790061553629,-0.6545890123052083,28.6000728607178,353.812377929688,2.0,7.0,4.0,0.0,0.0,24060101.0,128.26827244660902,337.150786942172,24.3181634902954,-38.04629344940187
2024-06-01 19:13:56+00:00,GER,GER,-29.0729310625532,-25.010303808378357,0.0,-21.4778546206001,-17.27021698619458,-14.110252164802954,-10.2298825322144,6.404609260895954,3.1714034672606637,5.001984792896634,0.27213023786107304,5.61937464197473,-1.539711850137156,22.892164475052258,14.962678983127606,23.45146544354146,48.8830421447754,60.25642135620118,1.0,329.42278306614,0.136494103074074,262.638671875,4375.947265625,208.054009817165,59.7262664794922,208.0725127996265,0.2673955160438656,44.6559536,0.627730883547549,1805.0544500350939,0.0,1131.30807876587,1170.65942287445,1167.08385944366,-63.56808,4.0,187.064498901367,34.1338996887207,44.4049606323242,-354.720001220703,82.7390611171722,28.262597322464,-2.34546060072105,-0.922984486719862,-0.144997565621885,-0.6457891780054628,29.600076675415,354.812438964844,2.0,7.0,4.0,0.0,0.0,24060101.0,128.5610689959492,337.173463170217,24.17796421051025,-38.14961147308351
2024-06-01 19:13:57+00:00,GER,GER,-28.650421195402302,-24.8790460140415,0.0,-20.991032545998003,-17.12254061237605,-13.257514145984299,-10.2298825322144,6.404609260895954,2.8884860395030403,5.00053132864125,0.440243017923919,5.40511694379672,-1.39982283112349,24.0060377013135,15.39290619564435,21.0324200772737,48.8830421447754,61.1933979034424,1.0,329.42278306614,0.136494103074074,262.638671875,4375.947265625,208.054009817165,59.7262664794922,207.963509810662,0.036999379860377046,44.6557776,0.627730883547549,1805.0544500350939,0.0,1131.30807876587,1170.65942287445,1167.08385944366,-63.5682058,4.0,187.064498901367,34.1338996887207,44.4049606323242,-354.720001220703,82.7390611171722,28.262597322464,-2.34546060072105,-0.922984486719862,-0.144997565621885,-0.759987251541091,29.600076675415,354.812438964844,2.0,7.0,4.0,0.0,0.0,24060101.0,132.7359292355465,337.173463170217,24.17796421051025,-38.14961147308351
2024-06-01 19:13:58+00:00,GER,GER,-28.6558947382484,-24.9162039506736,0.0,-21.4621550892834,-17.2329531816303,-13.0306511202496,-10.2298825322144,6.404609260895954,2.96551360458956,5.00053132864125,0.440243017923919,5.41800871241171,-1.38161162580553,24.1261986580606,15.6252427642252,19.9986999746962,48.8830421447754,61.8235908508301,1.0,329.42278306614,0.136494103074074,262.638671875,4375.947265625,208.054009817165,59.7262664794922,207.963509810662,-0.0979983535921529,44.655626,0.627730883547549,1805.0544500350939,0.0,1131.30807876587,1170.65942287445,1167.08385944366,-63.5683109,4.0,187.064498901367,34.1338996887207,44.4049606323242,-354.720001220703,82.7390611171722,28.262597322464,-2.34546060072105,-0.922984486719862,-0.144997565621885,-0.997983165457776,29.600076675415,354.812438964844,2.0,7.0,4.0,0.0,0.0,24060101.0,133.905790376208,337.173463170217,24.17796421051025,-38.14961147308351
2024-06-01 19:13:59+00:00,GER,GER,-28.655894738248396,-24.926824894833,0.0,-21.448326232943867,-17.289877116537998,-13.371407550394233,-10.2326726644903,6.40387394834312,2.6096779666004366,5.00234844355169,0.0703952446291372,5.399463895041479,-1.3595784671862265,23.866803441309134,15.284485764898099,20.197621265718833,48.8830421447754,62.19046783447266,1.0,329.42278306614,0.136494103074074,313.505859375,4426.814453125,208.054009817165,59.7262664794922,206.402524717369,0.20866315515122466,44.6555327,0.627730883547549,1805.0302664438866,0.0,1131.30807876587,1170.65942287445,1167.08385944366,-63.5683732,4.0,222.549194335938,34.1338996887207,44.4049606323242,-354.720001220703,82.7390611171722,28.262597322464,-1.5659736927081,-0.922984486719862,-0.144997565621885,-0.45765895643576665,29.600076675415,354.812438964844,2.0,7.0,4.0,0.0,0.0,24060101.0,133.76487446671237,337.173463170217,21.9784601211548,-38.14961147308351
2024-06-01 19:14:00+00:00,GER,GER,-28.64932819438036,-24.939579931598562,0.0,-21.391656950255644,-17.285199006139,-13.38648860808162,-10.2288545887443,6.404315562761646,2.705614533320776,5.001621426832789,-0.366694980652266,5.33984949170142,-1.318209754504652,22.42182023182282,15.262839415544022,19.35849165888424,51.1171016693115,63.277160339355454,1.0,331.797475916013,0.142665410041809,330.7890625,4444.09765625,204.345667890333,62.6804695129394,206.2945462567805,0.052599111082647164,44.6553998,2.0152554254619,1805.0635576248162,0.0,1330.41930198669,1390.40887355804,1280.55119514465,-63.5684587,4.0,230.105499267578,34.1338996887207,44.4049606323242,-358.720001220703,82.7429354190826,26.191908121109,-2.08696494122763,-2.58895631102348,-3.3229442340455,-0.45619235807345876,33.6000595092773,358.812683105469,2.0,7.0,4.0,0.0,0.0,24060101.0,134.37152458325738,338.355441066466,21.0364897727966,-44.65010972704204
2024-06-01 19:14:01+00:00,GER,GER,-28.636188276455062,-23.850528808064304,0.0,-18.5586242561286,-13.23066689216842,-7.453590183202017,-10.22856046372315,6.40357918299175,2.300360456088972,5.00234815896048,-0.14289616104043215,4.935217644703006,-1.2030071095525061,22.232614088039178,21.1825985201399,19.017617749485858,51.8670936584473,64.39802673339844,1.0,332.479320040477,0.144450514018536,348.40234375,4461.7109375,204.259347959603,64.0334701538086,205.3630587181525,-0.5655905481863724,44.6552542,1.57523052002417,1805.1634550094618,0.0,1220.93725204468,1288.83528709412,1212.76938915253,-63.5685505,4.0,221.744903564453,34.1338996887207,44.4049606323242,-359.720001220703,82.7390611171722,26.191908121109,-1.643472487486505,0.0659988906502167,-1.64397242531724,-1.623172706369894,34.6000442504883,359.812744140625,2.0,7.0,4.0,0.0,0.0,24060101.0,136.12137806747984,338.692661166168,21.42129535675045,-47.57664738705285
2024-06-01 19:14:02+00:00,GER,GER,-28.601166481485883,-22.41264455569182,0.0,-15.85758701676878,-8.352126071820843,-0.8443659678043997,-10.22767936932025,6.40446305215903,2.7019899653716637,5.001621426832788,0.239558973359773,4.840233619010222,-1.092390893939336,23.47046293169894,27.7567993717592,18.894975897277483,51.8670936584473,65.6668734741211,1.0,332.878285050276,0.146731008589268,366.322265625,4479.630859375,202.608518557967,64.9576400756836,203.560086852755,-0.6185896305027535,44.6551044,1.75647898116057,1805.0680756568902,0.0,1220.93725204468,1288.83528709412,1212.76938915253,-63.5686385,4.0,216.93879699707,34.1338996887207,44.4049606323242,-360.720001220703,82.7371299266815,26.1977225542068,-1.852468858930345,3.85593548460651,8.47585750995656,-2.172563454571508,35.6000289916992,360.812805175781,2.0,7.0,4.0,0.0,0.0,24060101.0,137.2049903113778,339.062474928589,22.44623136520385,-50.152124404907234
2024-06-01 19:14:03+00:00,GER,GER,-28.62305655475684,-22.776373302581423,0.0,-16.84554963303956,-10.527025301678098,-4.511293245374972,-10.2267982749173,6.404462198385385,2.442815790617228,5.001621597587514,-0.5878693125819731,4.677946787538156,-0.9394169186788777,22.432882406202577,24.1117627117403,18.70025881536204,53.0343978881836,67.32092422485354,1.0,333.281785305684,0.14967890381813,384.599609375,4497.908203125,200.586085884348,66.4896560668945,201.8601142400415,0.276195366351866,44.6549494,1.41762774690754,1805.0635576248162,0.0,1301.33140087128,1250.4026889801,1275.46763420105,-63.5687219,4.0,209.615600585938,34.1338996887207,44.4049606323242,-361.720001220703,78.6972522735596,26.1938452720642,-1.959967231925615,-0.336994329933289,-1.04098240793418,-0.403993210970805,36.6000137329102,361.812866210938,2.0,7.0,4.0,0.0,0.0,24060101.0,137.200364907272,339.223776676028,22.2657646179199,-50.21601264953614
2024-06-01 19:14:04+00:00,GER,GER,-28.623052798152777,-22.51616768388496,0.0,-15.923176298840039,-9.27685069864216,-1.4166642953642552,-10.22297977228445,6.40416764647743,2.447165596590148,5.001258060768942,0.15970534413298298,4.508332614501866,-0.7583841634542068,23.580705941507,27.20638857749372,17.72113002425426,54.5390613555908,68.94772338867185,1.0,333.719299903158,0.152290704846382,403.34765625,4516.65625,199.89185179673,68.3506782531738,201.017624066299,0.3627939154397706,44.6547891,1.82275742931908,1805.118036270142,0.0,1201.12955570221,1217.56505966187,1173.80130290985,-63.5688026,4.0,204.239593505859,34.1338996887207,44.4049606323242,-362.720001220703,73.5752999782562,26.1957854032516,-1.79746982785587,-0.0379993672461292,-2.78895300110132,-2.257162049565242,37.5999984741211,362.812927246094,2.0,7.0,4.0,0.0,0.0,24060101.0,139.3505603674298,339.201892749927,22.4459764480591,-52.92949180603026
2024-06-01 19:14:05+00:00,GER,GER,-28.642758235417723,-24.12751620155148,0.0,-19.3954084898387,-14.45244122712602,-9.508960248810407,-10.2207766093903,6.40475717718017,2.22315199771115,5.00198496365136,-0.8274283259623849,4.342789234210902,-0.6242957786427088,23.27133901173096,19.1337965351921,17.304924592461997,55.3362155914307,70.6257504272461,1.0,334.245005903195,0.153458605706692,422.54296875,4535.8515625,197.742883038547,69.9319129943848,199.986149388411,0.3859935120654506,44.6546236,1.75560386317316,1805.1089763641362,0.0,1208.98294448853,1247.11692333221,1233.65807533264,-63.5688799,4.0,198.027099609375,34.1338996887207,44.4049606323242,-363.619995117188,73.573362827301,26.1899679899216,-1.96996700239649,-1.11298124624428,-1.02098276027074,1.8941682390344563,38.599983215332,363.81298828125,2.0,7.0,4.0,0.0,0.0,24060101.0,141.02817503891418,339.31765079598,22.24526052474975,-56.25697331428526
2024-06-01 19:14:06+00:00,GER,GER,-28.642757210889318,-22.38294996676574,0.0,-15.681704181489598,-8.519599407439163,-0.576346239171461,-10.22356716855305,6.40490381280391,1.9603531909745762,5.000894694705096,0.029944870002445008,4.208725939672432,-0.4729403981329832,23.79127316041038,28.0664108223075,17.042775784946638,55.2190326690674,71.25081207275392,1.0,334.885704968099,0.154265709221363,442.197265625,4555.505859375,199.481890182367,70.9826522827148,200.8221235616855,-0.7211879030574988,44.6544557,1.97750390270218,1805.05449771881,0.0,1233.62922668457,1235.19790172577,1218.70470046997,-63.5689607,4.0,191.168395996094,34.1338996887207,44.4049606323242,-364.720001220703,73.5772371292114,26.1977225542068,-1.156480639994828,2.88495173677268,0.909984715738624,-2.30076141487368,39.599967956543,364.813049316406,2.0,7.0,4.0,0.0,0.0,24060101.0,142.9708912086922,339.674815048059,23.123779678344746,-58.79842147827146
2024-06-01 19:14:07+00:00,GER,GER,-28.655899177871355,-22.62252602360256,0.0,-16.469755698490623,-9.966146047226484,-4.060379925169777,-10.2335537588933,6.40387394834312,1.552198673911724,5.001621426832788,-0.2810640852748095,4.207911695746001,-0.44326306077063415,23.56125117218458,24.595519397442903,18.17705983625934,55.5042858123779,72.08843994140624,1.0,335.703387894776,0.154382506012917,462.001953125,4575.310546875,196.80966063187,71.5763946533203,197.8386901020345,-0.2439958972616408,44.6542848,1.89748033916926,1804.981899261472,0.0,1533.70344638824,1413.73980045319,1438.38262557983,-63.5690351,4.0,185.896102905273,34.1338996887207,44.4049606323242,-365.720001220703,73.5694944858551,26.1938452720642,-1.618972919098785,-1.72097096209979,0.717987938087006,-2.5327574078109043,40.5999526977539,365.813110351562,2.0,7.0,4.0,0.0,0.0,24060101.0,141.2548990702992,340.182380065661,23.887168979644798,-58.00701786388049
2024-06-01 19:14:08+00:00,GER,GER,-28.69532337127016,-25.02526465473638,0.0,-21.20625795391536,-17.06142203062604,-12.88029372642715,-10.2154896160859,6.40402058396686,2.371769486219906,5.001984792896634,-0.09404025229802401,4.0944734380668555,-0.34856483580593445,23.99993339049754,15.815029986352442,17.26091256099772,57.6370239257812,73.1969288635254,1.0,336.611775733632,0.152363499999046,482.060546875,4595.369140625,194.715934443694,72.8983795166016,196.5067007610445,-0.9087847822355419,44.6541092,1.93227310935789,1805.045390129088,0.0,1264.51814174652,1279.81853485107,1314.28182125092,-63.5691012,4.0,181.770492553711,34.1338996887207,44.4049606323242,-366.720001220703,57.1796357631683,26.1938452720642,-2.5214579270461748,-0.631989399773346,-2.83095247463797,-0.6503890969680557,41.5999374389648,366.813171386719,2.0,7.0,4.0,0.0,0.0,24060101.0,140.8978632257772,339.881824421424,23.74698944091795,-54.64831809997562
2024-06-01 19:14:09+00:00,GER,GER,-28.66027596309152,-23.48918584625176,0.0,-18.077065525300885,-12.22917367115188,-6.089239832811289,-10.2259171805144,6.40416764647743,1.664930754063716,5.001621426832789,0.5269267362691226,4.0640784132413845,-0.2997317580046936,24.40581055173634,22.57103561801606,16.43592474700314,55.6567794799805,72.71374603271481,1.0,337.483881607615,0.1514195099473,502.39453125,4615.703125,194.701427121897,72.8082641601562,195.036727938442,-1.8229694426597898,44.6539328,0.951966686915519,1805.05449771881,0.0,1245.47433853149,1177.23643779755,1269.2391872406,-63.5691661,4.0,176.83740234375,34.1338996887207,44.4049606323242,-367.720001220703,56.2756478786468,26.191908121109,-1.04548243538016,0.39899326437039,-1.34197742543412,-2.0413657232106397,42.5999221801758,367.813232421875,2.0,7.0,4.0,0.0,0.0,24060101.0,144.016866378188,339.552937152509,24.5765112876892,-60.56152954101564
2024-06-01 19:14:10+00:00,GER,GER,-28.6668462635636,-24.5821322266697,0.0,-20.47031668216808,-15.889108339788379,-12.248162877704946,-10.22562348238005,6.4046101146696,2.140506153801126,5.001621426832788,-0.8547487191216273,4.152821268202702,-0.381209991748275,23.81721285284024,16.418683300481256,17.5887438826665,54.7002960205078,72.65395019531249,1.0,337.898801939315,0.152175611257553,522.58203125,4635.890625,193.001789188453,72.3792137145996,193.96524884258548,-0.7377876372985824,44.6537563,0.731597623616786,1805.0635576248162,0.0,1358.63745212555,1325.42335987091,1383.98694992065,-63.5692246,4.0,172.704193115234,34.1338996887207,44.4049606323242,-368.720001220703,58.5152924060822,26.1899679899216,-1.898968093108705,-1.8109695900287,1.06698216334007,2.164563638194816,43.5999069213867,368.813293457031,2.0,7.0,4.0,0.0,0.0,24060101.0,142.93648071565377,339.415021972788,24.8852657318115,-59.76208740234375
2024-06-01 19:14:11+00:00,GER,GER,-28.66027562158204,-24.608103679479218,0.0,-20.29688827536716,-15.917769179583601,-10.33115886968005,-10.2178396280472,6.40387288112606,2.264112386031626,5.000894694705096,-1.2240701109480145,4.046710778974606,-0.3062069107399982,23.8904536543292,18.32911589812836,17.7302138343409,56.2088218688965,72.62448760986331,1.0,337.235590570907,0.155767504870892,542.7734375,4656.08203125,194.335328982384,72.6486053466797,197.1291973718105,-0.6935883786097758,44.6535801,2.15112432319615,1805.145287513734,0.0,1211.44795417786,1240.78917503357,1180.72187900543,-63.5692867,4.0,168.890106201172,34.1338996887207,44.4049606323242,-369.619995117188,67.0247793197632,26.191908121109,-1.7204711843516152,0.575990279593998,-1.9479673899667,2.2059629568829133,44.5998916625977,369.813354492188,2.0,7.0,4.0,0.0,0.0,24060101.0,143.57113642917997,339.107963988461,24.4087998390198,-57.61314733028411
2024-06-01 19:14:12+00:00,GER,GER,-28.642757210889318,-23.3631319730435,0.0,-17.76175735547534,-11.748440880949541,-5.0298481227288745,-10.22753252025305,6.404314495544584,1.7845491803473021,5.000894694705096,-0.056214344509376,4.1243255482306775,-0.35746795537253456,24.29327908704688,23.6129085758963,17.15898530650416,56.2088218688965,72.54568542480467,1.0,336.55500320125,0.161209197342396,562.931640625,4676.240234375,196.585712389363,72.4018455505371,197.944680977575,-1.0747819832401269,44.6534062,1.64563066718167,1805.0272464752184,0.0,1211.44795417786,1240.78917503357,1180.72187900543,-63.5693579,4.0,164.016098022461,34.1338996887207,44.4049606323242,-370.619995117188,67.0267105102539,26.1938452720642,-1.193480041533055,0.575990279593998,-1.9479673899667,-0.8241861685655116,45.5998764038086,370.813415527344,2.0,7.0,4.0,0.0,0.0,24060101.0,144.71418771131118,339.107963988461,24.57181806564335,-57.61314733028411
2024-06-01 19:14:13+00:00,GER,GER,-28.6558947382484,-24.28158648620676,0.0,-19.8308907645255,-14.919825778633381,-10.199661079571209,-10.2282671924757,6.40357918299175,2.346758272630332,5.001258060768942,-0.5510943417884253,4.100172974797137,-0.35288161674700297,23.85764757272674,18.456232890280923,18.0551737444826,54.9449615478516,72.9642919921875,1.0,334.676783141767,0.173292106389999,583.0859375,4696.39453125,195.849308713809,72.6176239013672,197.2626934191385,0.10639820827884179,44.6532317,1.38170618123685,1805.07264137268,0.0,1473.63567352295,1442.79754161835,1433.36057662964,-63.5694281,4.0,157.75700378418,34.1338996887207,44.4049606323242,-371.720001220703,67.022842168808,23.7489581108093,-2.035965946407555,-2.04696564590074,1.3249778316419,0.8199862012015272,46.5998611450195,371.8134765625,2.0,7.0,4.0,0.0,0.0,24060101.0,143.1917248849372,339.871196647075,25.0765128135681,-59.15303632296048
2024-06-01 19:14:14+00:00,GER,GER,-28.68217935523138,-24.5768664923291,0.0,-20.35847438356588,-15.64103689366192,-10.605845172435881,-10.22327347041875,6.404020797410276,1.81101059250806,5.001258060768942,-1.06121001316117,4.065707242603702,-0.2848929852698558,22.75788944464954,18.07633435355026,18.62135954365516,56.087797164917,73.20514938354492,1.0,332.302882593837,0.19380421936512,603.36328125,4716.671875,196.120180355914,72.900611114502,198.590168005087,0.5765903330569254,44.6530563,2.19890384431791,1805.0999164581303,0.0,1406.2774181366,1394.48440074921,1364.87817764282,-63.5694991,4.0,152.395797729492,34.1338996887207,44.4049606323242,-372.720001220703,67.0247793197632,23.6442595720291,-2.18996323341607,-1.16398056122947,0.0879985230903245,1.6405724425257702,47.5998458862305,372.813537597656,2.0,7.0,4.0,0.0,0.0,24060101.0,142.69638317387358,339.954115143599,25.06760272979735,-56.80593321663993
2024-06-01 19:14:15+00:00,GER,GER,-28.6756097377782,-24.53027845501932,0.0,-20.29052800321204,-15.50959946534984,-10.89216875149956,-10.22268650103695,6.065058145696405,2.140143662855268,3.8270513403141257,0.027842999347292452,3.893921667052898,-0.2932566106054748,23.38882953526732,17.78344149854284,16.934691456425803,56.0793067932129,73.46619003295896,1.0,331.077792543547,0.213319502770901,623.7109375,4737.01953125,198.243836433032,73.3606910705566,200.1016478872755,-0.8599855779037162,44.6528819,1.79766929072398,1805.0908088684082,0.0,1098.21653366089,1186.88035011292,1155.80427646637,-63.5695781,4.0,146.970001220703,34.1338996887207,44.4049606323242,-373.720001220703,67.0305848121643,23.6442595720291,-1.8689687816960951,2.56895666336003,0.531991054734423,-0.41799294832695966,48.5998306274414,373.813598632812,2.0,7.0,4.0,0.0,0.0,24060101.0,145.1909103266972,340.222842106304,24.9969443321228,-59.70222427368163
2024-06-01 19:14:16+00:00,GER,GER,-28.675605981174176,-24.506989900515798,0.0,-20.23701893521632,-15.398156391304619,-10.89021839098206,-10.2328195135575,-0.37611813374680003,1.49927657529781,-0.6651693381833574,1.4089920399191098,3.623624273103002,-0.295684961634911,26.1090442382692,17.78538844396576,14.9433371680586,54.0976272583008,73.3398197937012,1.0,328.592587232903,0.227772304415703,644.099609375,4757.408203125,198.253576282789,73.0993881225586,197.824189610427,-2.866951840432166,44.6527079,0.754749777108161,1805.00907897949,0.0,1294.34180259705,1219.78330612183,1252.96127796173,-63.5696577,4.0,141.932495117188,34.1338996887207,44.4049606323242,-374.720001220703,67.0344531536102,23.6461982131004,-1.1434808690135936,0.268995474516728,-0.803986476400667,-3.35634362429911,49.5998153686523,374.813659667969,2.0,7.0,4.0,0.0,0.0,24060101.0,148.3923320057846,341.011018615767,24.66501903533935,-64.9833657917223
2024-06-01 19:14:17+00:00,GER,GER,-28.6558947382484,-24.5133406104061,0.0,-20.243193426226,-15.3643346605726,-10.868781842272,-10.2314978719531,-7.52746781445372,1.30172359883895,-0.459837843476907,0.823751016146274,3.65401929792848,-0.317268290043042,26.7735526596008,17.7871120422028,14.6955823012001,54.0976272583008,73.1798904418945,1.0,328.592587232903,0.227772304415703,644.099609375,4757.408203125,195.052034392372,73.0426574707031,195.735722667912,-3.55294039561852,44.6526023,0.773636744267127,1805.04536628723,0.0,1294.34180259705,1219.78330612183,1252.96127796173,-63.5696998,4.0,141.932495117188,34.1338996887207,44.4049606323242,-374.720001220703,67.0363903045654,23.6423209309578,-1.32797767206971,0.268995474516728,-0.803986476400667,-1.89296835889223,49.5998153686523,374.813659667969,2.0,7.0,4.0,0.0,0.0,24060101.0,148.408071493708,341.011018615767,24.374513053894,-64.9833657917223
2024-06-01 19:14:18+00:00,GER,GER,-28.6476839970924,-24.481591329822898,0.0,-20.217471787585403,-15.667911809743874,-10.729955686070525,-10.2312041738188,-11.0348928966603,1.9365195927113625,0.5177591149588715,0.467559585777018,3.767321357366705,-0.4319314714467,26.410209647644628,17.9177287379087,15.928568050170874,54.0976272583008,71.05247898101808,1.0,328.592587232903,0.227772304415703,644.099609375,4757.408203125,195.052034392372,73.0426574707031,194.062736132609,-3.871185269310738,44.6523397,0.773636744267127,1805.13620376587,1174.3699312210101,1294.34180259705,1219.78330612183,1252.96127796173,-63.5697898,4.0,141.932495117188,34.1338996887207,44.4049606323242,-374.720001220703,67.0363903045654,23.6423209309578,-2.78595326739522,0.268995474516728,-0.803986476400667,-0.988983430730931,49.5998153686523,374.813659667969,2.0,7.0,4.0,0.0,0.0,24060101.0,146.57118432398676,341.011018615767,24.1003183364868,-64.9833657917223
2024-06-01 19:14:19+00:00,GER,GER,-28.634000566863932,-24.467485566230767,0.0,-20.1437743310322,-15.3977189176883,-10.055314280677464,-10.2254762064261,-11.03356783996135,2.725672009919194,0.004732999818017132,-0.10717212807575305,3.87836212615503,-0.532205565363043,25.241342584098636,18.5786854324128,16.489098338874168,52.6535705566406,69.9893898010254,1.0,325.418598325598,0.262754425406456,704.369140625,4817.677734375,191.98919998362,70.2182304382324,192.846764384861,-3.6959380187077433,44.6522194,1.22953554294449,1805.0907850265503,1494.4739341735833,740.439713001251,737.357616424561,848.682045936584,-63.5698274,4.0,121.276702880859,34.1338996887207,44.4049606323242,-377.720001220703,67.0344531536102,23.6054837703705,-2.46295853074378,3.53694046404435,2.70095455138217,-1.0869817042818053,52.5997695922852,377.813842773438,2.0,7.0,4.0,0.0,0.0,24060101.0,146.21468373862265,341.585738053288,24.0470054626465,-56.78393783569334
2024-06-01 19:14:20+00:00,GER,GER,-28.6339988593166,-24.193560971863025,0.0,-19.652689848419424,-14.731230766025725,-8.887092741155863,-10.2312041738188,-11.0284136084589,2.9170322281697274,0.9184285170897319,0.80903793490042,3.2092901530607523,0.1322782501120435,27.601805730905525,19.746905904717373,15.83516393261045,52.6535705566406,66.31383705139163,1.0,325.696013288927,0.272322106361389,704.369140625,4817.677734375,191.98919998362,70.2182304382324,192.901767898247,-1.5677237419199337,44.6520039,1.22953554294449,1805.13620376587,1837.3475372791302,740.439713001251,737.357616424561,848.682045936584,-63.5698943,4.0,121.276702880859,34.1338996887207,44.4049606323242,-377.720001220703,67.0344531536102,23.6054837703705,-1.9439672469906,3.53694046404435,2.70095455138217,-0.16699718472177827,52.5997695922852,377.813842773438,2.0,7.0,4.0,0.0,0.0,24060101.0,145.45488894189126,341.585738053288,23.9624261856079,-56.78393783569334
2024-06-01 19:14:21+00:00,GER,GER,-28.3262531603175,-23.865005820896926,0.0,-19.351478079135024,-14.5630565676212,-9.13662729917993,-10.2400159716218,-11.028119056551,2.1127763861836675,1.8483265893225673,3.61546757581881,2.4083712853710675,0.9524563661222851,27.549830552642625,19.18962564769415,15.28827282020165,47.8649631500244,64.4917287826538,1.0,325.886794132824,0.281743016839027,742.0078125,4855.31640625,193.176983540663,65.1088737487793,191.910789411948,0.23399608443559494,44.6518605,-1.13584455743896,1805.10213971138,1836.871206760405,851.239681243896,863.481283187866,843.856036663056,-63.5699373,4.0,102.575302124023,34.1338996887207,44.4049606323242,-379.720001220703,67.0344531536102,23.5977277159691,-1.77997013615036,0.93298441727329,2.98894969117917,-13.327525826132739,54.599739074707,379.81396484375,2.0,7.0,4.0,0.0,0.0,24060101.0,143.87582433786525,340.802397317758,23.9690746307373,-49.444130058288565
2024-06-01 19:14:22+00:00,GER,GER,-16.429897617324798,-12.029614155869556,0.0,-9.777326406772488,-6.452748178034109,-3.975649953088179,-10.2674801622744,-10.6519036993302,0.8178114116068798,1.8584112302299598,9.405888083857255,1.5573147844208441,1.8408255208295858,19.343792067262022,12.454247187324,8.56329571340904,43.5772121429443,61.51055053710938,1.0,326.803186953386,0.28103923201561,759.857421875,4873.166015625,178.624978646006,62.7027648925781,170.23114060892402,-0.197796688814229,44.6517047,-2.18614846604291,1804.754757881164,1835.886907577514,947.186827659607,885.044991970062,830.177962779999,-63.5699389,4.0,91.8963088989258,34.1338996887207,44.4049606323242,-380.720001220703,67.0344531536102,23.5705837607384,-0.598989927767811,1.04598231985004,0.796986653079314,-25.908364742717783,55.599723815918,380.814025878906,2.0,7.0,4.0,0.0,0.0,24060101.0,158.6911453193668,340.039191979901,24.1401180267334,-52.804563903808585
2024-06-01 19:14:23+00:00,GER,GER,-9.001471302440295,-5.018518951985596,0.0,-2.4286541297529767,0.11231612696762158,2.4207502615258614,-10.28936323460145,-10.5628188226462,0.8729087493806282,1.0461702354295812,10.154513529157441,0.7008299692834064,2.75893935696363,5.946799951586021,11.422221569302263,-6.7974344002064,34.5949722290039,57.393125381469744,1.0,327.684609205398,0.277277728915215,776.833984375,4890.142578125,152.700230670036,58.5715965270996,143.34959924345048,-2.046765670768448,44.6515715,-2.90022510697388,1804.49137687683,1835.75084209442,1159.24215316772,1034.99794006348,997.83718585968,-63.569857,4.0,89.7862396240234,34.1338996887207,44.4049606323242,-381.720001220703,66.7499005794525,23.5356852412224,-0.42899280423414854,-1.33497754875192,-3.10494807451397,-24.164593883460903,56.5997085571289,381.814086914062,2.0,7.0,4.0,0.0,0.0,24060101.0,-34.1545603861724,339.386444461301,24.28777170181275,-57.47972162686862
2024-06-01 19:14:24+00:00,GER,GER,9.27582755764884,9.050170380467762,0.0,4.879812142667726,0.32907123845892255,-3.920943715014551,-10.2783482739043,-10.57577611838855,1.3376099356745512,1.673431116584868,2.496469679967685,-0.2951454340533969,3.6457576291744758,-9.499795330227375,-13.19677165152542,-15.041027656210002,32.5433544158936,54.84416610717774,1.0,328.273180266556,0.270570033788681,792.689453125,4905.998046875,129.3341671798,55.461360168457,125.9198853873055,-1.44777575367281,44.6514765,-1.99353478357103,1768.597531318666,1835.5875730514501,1144.27018165588,979.802966117859,1113.55626583099,-63.5697158,4.0,88.9357528686524,34.1338996887207,44.4049606323242,-382.619995117188,66.693764925003,23.2487350702286,-0.6649888984593051,1.57497364087836,3.20194593879484,-5.5003075400232175,57.5996932983398,382.814147949219,2.0,7.0,4.0,0.0,0.0,24060101.0,-162.6650231445234,338.828336043841,24.32907600402835,-53.55616813659668
2024-06-01 19:14:25+00:00,GER,GER,28.311746094652484,23.2487181082188,0.0,15.88058580049676,8.213987758357494,3.5909125334884293,-10.286132128237249,-10.58284408351905,2.216265075282342,3.080952424676606,0.4933026621402885,-1.1654704282586954,4.549841979276878,-19.36062301941474,-24.720833561164056,-18.7553490721506,32.2538990020752,53.528421478271504,1.0,328.603788743142,0.263977888226509,807.859375,4921.16796875,123.060105672388,53.2389667510986,122.27145104968349,-2.67575512339228,44.6514014,-0.219444679903893,1200.9718894958526,1834.462690353394,1258.31818580627,1049.7522354126,1107.00595378876,-63.5695597,4.0,95.3578262329102,34.1338996887207,44.4049606323242,-383.619995117188,66.8583035469055,41.3032948970795,-1.3234778847475699,-1.93596738792522,-0.396993326284473,-2.167763624509649,58.5996780395508,383.814208984375,2.0,7.0,4.0,0.0,0.0,24060101.0,-154.528623133486,337.237530344631,24.3439058303833,-49.34728866577147
2024-06-01 19:14:26+00:00,GER,GER,29.105793151706884,27.6033646362062,0.0,25.278116208753502,22.67535309720966,22.751666459296736,-10.28598485228325,-10.57150682327045,3.617980701235232,3.5090600160504954,-0.06041807247946761,-1.5730877189268102,4.935380117827888,-17.331236871711077,-6.354127460806434,-24.617949055658336,35.2722930908203,53.53043266296388,1.0,328.738589356601,0.260052421689033,822.72265625,4936.03125,121.541112582113,53.2458881378174,121.0274823565275,-2.629955930242994,44.6513307,-0.673951734156377,731.4730048179626,1834.4626903533922,774.444043636322,654.598116874695,887.165784835816,-63.5694014,4.0,103.539596557617,34.1338996887207,44.4049606323242,-384.619995117188,66.8776631355286,47.7441489696503,-1.462975400519661,2.06896525833053,0.483991846981305,0.6473891178020292,59.5996627807617,384.814270019531,2.0,7.0,4.0,0.0,0.0,24060101.0,-146.8481027325634,335.946843157552,24.8783203125,-44.57272796630856
2024-06-01 19:14:27+00:00,GER,GER,28.741255710419562,25.82131842136892,0.0,22.78880732045598,20.58713033395768,15.225344409076303,-10.2861317013504,-10.563555202416051,4.8424427583198995,2.36937853581226,-1.22301911558948,-1.575258694554498,4.879532136928265,-20.833451885618803,-13.515910618324344,-24.1830207093132,35.8753086090088,54.012591018676765,1.0,328.625290178649,0.252198913693428,837.60546875,4950.9140625,123.395372337988,53.654895401001,123.111434544001,-0.7085881103552947,44.6512567,-1.58650033215469,71.4970208704471,1834.48085784912,924.321055412292,739.283740520477,911.329090595245,-63.569245,4.0,114.102699279785,34.1338996887207,44.4049606323242,-385.720001220703,66.9260561466217,47.8081315755844,-0.5549907029082355,-0.73198774481227,-0.192996773375002,3.9995329548300353,60.5996475219726,385.814331054688,2.0,7.0,4.0,0.0,0.0,24060101.0,-148.2098074945564,335.746418086548,25.618441772460898,-45.15741908424779
2024-06-01 19:14:28+00:00,GER,GER,28.7653628630951,27.682392998488382,0.0,26.446005815311004,24.30431838029292,24.525066679173158,-4.1267344492292395,-10.55471992583785,5.005196945485924,3.6656934999465434,-0.16338456576840146,-1.57308763354945,4.875215371995452,-21.41060560256056,-4.240295287459643,-22.746440340053304,35.1944240570068,55.376371994018584,1.0,328.562397796772,0.244241711497307,852.62890625,4965.9375,127.123385209629,54.418180847168,126.62837407972151,0.007399876138828057,44.6511756,-1.11600029657913,0.0,1834.5170974731423,937.395513057709,839.046835899353,855.477035045624,-63.5690923,4.0,122.987503051758,34.1338996887207,44.4049606323242,-386.720001220703,66.937667131424,47.8197634220123,-1.3374775580707001,1.4619755248582,3.03794904139802,1.8991681696266158,61.5996322631836,386.814392089844,2.0,7.0,4.0,0.0,0.0,24060101.0,-148.9375040449566,335.675903213556,25.09763488769535,-49.08477172851563
2024-06-01 19:14:29+00:00,GER,GER,28.741252978343862,28.388553279416584,0.0,28.086997012465922,27.90349407663922,27.34478460253218,5.0445826336932456,-10.53189684872625,5.000485054109626,2.38064446327269,1.099560458133734,-1.562232392557206,4.877103833923598,-22.89449835069166,-1.3964686292757582,-24.974304954848357,37.3201961517334,56.315007476806656,1.0,328.564091683686,0.237541016936302,868.052734375,4981.361328125,128.71491490889,55.9068351745605,127.208366423282,0.5825902446982356,44.6510885,-1.19546133000089,0.0,1834.462690353394,842.329859733582,855.662763118744,810.101449489594,-63.5689399,4.0,129.404098510742,34.1338996887207,44.4049606323242,-387.720001220703,66.9318616390228,47.8178262710571,-0.2864951929026675,2.73295398764368,4.05593196124094,-1.366377070288716,62.5996170043945,387.814453125,2.0,7.0,4.0,0.0,0.0,24060101.0,-146.485392366879,336.10609584824,26.199542140960702,-47.187002972194115
2024-06-01 19:14:30+00:00,GER,GER,28.74344478604852,26.41028358444238,0.0,23.9965159053463,21.15100172352998,17.809580290987,6.434812570849161,-10.53896481385675,4.999760029529227,1.7392098723725682,0.8621013810775585,-1.548120560057382,4.878992637361202,-24.352451406392895,-10.933864665816262,-24.08643500426006,38.7235382080078,56.884622497558595,1.0,328.667691993016,0.2302698969841,883.701171875,4997.009765625,127.836825789193,56.4106029510498,125.7798938300765,1.573173651244308,44.6510015,-1.99671359629943,0.0,1834.4082832336437,1205.60908317566,1137.57181167603,1070.81115245819,-63.5687846,4.0,137.787399291992,34.1338996887207,44.4049606323242,-388.720001220703,66.933798789978,47.8158861398697,-0.42449286850213397,-1.44897575387696,-1.40297635080763,-0.8301860742037268,63.5996017456055,388.814514160156,2.0,7.0,4.0,0.0,0.0,24060101.0,-146.3846033634106,336.744800497907,25.694227695465102,-47.175438429179955
2024-06-01 19:14:31+00:00,GER,GER,28.745636593753204,25.39458971712244,0.0,22.153592555946183,18.543415132394237,14.588823029378261,6.435546816184935,-10.533663733287199,4.999759858774498,2.402086070591632,1.01235028161391,-1.5473064441970001,4.878452967039405,-24.665632655310937,-14.156813393620201,-22.080068301606662,39.1163440704346,58.23840866088866,1.0,328.90030091539,0.222515201568604,899.521484375,5012.830078125,126.422430215867,57.1915626525879,125.04141377701501,1.6301726684294622,44.6509159,-1.25546048643463,0.0,1834.399223327638,1192.59786605835,1120.06747722626,1059.81719493866,-63.568624,4.0,145.046600341797,34.1338996887207,44.4049606323242,-389.720001220703,66.9279932975769,47.8158861398697,-1.988466729846025,-3.49094148786184,-1.151980559188,-1.763970428691776,64.5995864868164,389.814575195312,2.0,7.0,4.0,0.0,0.0,24060101.0,-147.401154077962,337.089451843426,25.1329610824585,-49.23689498901368
2024-06-01 19:14:32+00:00,GER,GER,28.774134192027258,27.296152972622803,0.0,25.915178539433775,24.08827266665624,23.76934722864628,6.434959419916315,-10.49611562209865,4.999760029529228,2.641942570726908,0.8484412428613699,-1.54839193201084,4.878992637361202,-23.70396387677848,-5.004786194984712,-21.82330885485592,41.3280738830566,59.87609115600585,1.0,328.958084315769,0.215159605443478,915.7578125,5029.06640625,124.516220041165,59.3539810180664,122.918946152812,1.2515790286675281,44.6508309,-1.29710137503985,0.0,1834.4536066055284,745.47815322876,876.827359199524,789.018929004669,-63.5684551,4.0,154.234603881836,34.1338996887207,44.4049606323242,-390.619995117188,66.9299244880676,40.4618322849274,-2.25896212457666,1.67497187919558,2.02596601585413,-1.0535823353725353,65.5995712280274,390.814636230469,2.0,7.0,4.0,0.0,0.0,24060101.0,-145.9961732373878,337.105653052137,25.307720088958753,-49.751627426147486
2024-06-01 19:14:33+00:00,GER,GER,28.782906203978296,27.36697930224016,0.0,25.8402476076347,24.38744007494466,22.10090720876434,6.436134212453554,-10.4909618174831,5.0001223710646965,3.09403573740913,0.358289445702787,-1.489501699477536,4.823414534311161,-23.476992592545457,-6.681998141440305,-22.13182884117484,42.6529804229736,60.38535278320312,1.0,328.776100755523,0.20673021376133,932.408203125,5045.716796875,124.118443484282,60.087483215332,122.809444560038,2.31516126257698,44.6507466,-1.52547461963304,0.0,1834.517121315,648.773610591888,671.13870382309,628.371894359589,-63.5682813,4.0,162.454696655273,34.1338996887207,44.4049606323242,-391.619995117188,66.9299244880676,32.0763140916824,-1.372976986034164,1.3929765269759,1.05698223278664,0.46059225654703334,66.5995559692383,391.814697265625,2.0,7.0,4.0,0.0,0.0,24060101.0,-145.13078553747118,337.060546482858,25.2979345321655,-49.32349556514197
2024-06-01 19:14:34+00:00,GER,GER,28.763172421428283,25.64137606315658,0.0,22.4904943688327,19.145782151147642,14.595173739268521,6.43628106152071,-10.5012694267143,4.99903500494883,2.211290861953234,-0.11767952701027805,-1.456935784401736,4.796435201712244,-25.1119448779457,-14.167998852914499,-23.48259403068378,41.7427906036377,60.24000228881836,1.0,328.510488359079,0.197397319972515,949.17578125,5062.484375,123.684822094634,60.033341217041,123.682431528425,2.523557804673472,44.650662,-0.573139529389164,0.0,1834.362888336182,829.208433628082,801.548540592194,652.916312217712,-63.5681075,4.0,172.831298828125,34.1338996887207,44.4049606323242,-392.619995117188,66.9241189956665,31.814569234848,-0.0449992472633875,-0.716987955703834,-0.169997138541403,1.960567146650326,67.5995407104492,392.814758300781,2.0,7.0,4.0,0.0,0.0,24060101.0,-143.9940672067384,337.202177285487,26.8101433753967,-47.68204284667968
2024-06-01 19:14:35+00:00,GER,GER,28.7631724214283,25.06379819146736,0.0,21.382326570339938,17.36882032912856,13.644362058686008,6.43613421245356,-10.49155177507265,4.999760029529228,2.221103453224336,-0.026793991680527013,-1.446623244627736,4.776200424786625,-24.77320540266296,-15.11880967972338,-23.576323692135503,42.9367778778076,61.53997604370117,1.0,328.467485488065,0.190436504781246,965.92578125,5079.234375,126.203522652968,60.7800682067871,125.04690524910751,1.0835818388842138,44.6505731,-1.22925657240558,0.0,1834.3447685241722,1170.54903507233,1220.04973888397,1021.66831493378,-63.5679354,4.0,184.258193969727,34.1338996887207,44.4049606323242,-393.720001220703,66.9299244880676,31.8126291036606,-1.1614805519106925,-0.452992393102967,-3.41594259568052,0.4343926994316233,68.5995254516602,393.814819335938,2.0,7.0,4.0,0.0,0.0,24060101.0,-144.47305471285318,337.648817015693,27.235080814361552,-49.11220099505257
2024-06-01 19:14:36+00:00,GER,GER,28.78290347190266,25.30575730130564,0.0,21.56308752672434,17.68420397254442,12.888850758174078,6.43569366525209,-10.47167293638015,4.999759858774498,2.6731964491518303,0.2910431650749705,-1.3375272583690818,4.671789457378754,-23.64559922730178,-15.89405220146438,-23.032372890787002,43.6647148132324,63.471747436523444,1.0,328.780472076592,0.183570210635662,983.0625,5096.37109375,127.249265596032,62.3760040283203,125.515394754468,1.095781634631085,44.6504801,-1.70639160315128,0.0,1834.4626903533942,1091.88365936279,1074.94926452637,1005.45394420624,-63.5677606,4.0,192.651992797852,34.1338996887207,44.4049606323242,-394.720001220703,66.9279932975769,31.8126291036606,-2.3734602141715797,-0.959983941618938,0.58899010393609,0.3183946629423712,69.5995101928711,394.814880371094,2.0,7.0,4.0,0.0,0.0,24060101.0,-145.1887328623898,338.070622178076,27.5722512245178,-52.69782089820275
2024-06-01 19:14:37+00:00,GER,GER,28.59900301906626,26.612808938616997,0.0,24.567938069046022,22.060723156820423,20.8228792650478,6.43539996711778,-10.465635902927449,4.99903466343937,3.161268064173916,-0.03519953997021896,-1.1904377685550238,4.510181973597012,-22.96354370848298,-7.776123711329748,-23.455613758933843,44.4611137390137,64.6903550720215,1.0,329.074498059982,0.176406110823154,1000.7421875,5114.05078125,126.547217772003,64.1748641967773,126.447879500715,1.0877817755657078,44.6503837,-0.716990730468185,0.0,1834.263110160828,776.290893554688,811.798870563507,725.449621677399,-63.5675817,4.0,201.263595581055,34.1338996887207,44.4049606323242,-395.720001220703,66.937667131424,31.814569234848,-1.9744667096773498,-1.56097367407054,-1.99296659720945,0.5739903468441669,70.599494934082,395.81494140625,2.0,7.0,4.0,0.0,0.0,24060101.0,-144.7512401215208,338.418005599263,28.605087947845448,-52.866785621643054
2024-06-01 19:14:38+00:00,GER,GER,28.419569851456544,27.464188945073982,0.0,26.095866071284604,24.66074292288412,22.727461976425502,6.43657475965502,-10.455328293696251,4.999397261106934,1.804625304785106,-0.32887288149449345,-1.0661442912279742,4.402263960182429,-22.56872906313334,-5.692107277389451,-24.91227283529686,45.110876083374,64.88068222045897,1.0,329.013381527289,0.170996806025505,1018.734375,5132.04296875,127.270507484351,64.9727737426758,126.77887046789351,1.7959699396584798,44.6502841,-0.96231815876779,0.0,1834.435486793518,791.643738746643,878.584146499634,733.182072639465,-63.5674028,4.0,209.602493286133,34.1338996887207,44.4049606323242,-396.619995117188,66.9357359409332,31.8106919527054,-0.529991089968078,4.262928528001,4.42392547824831,1.4027764343722715,71.599479675293,396.815002441406,2.0,7.0,4.0,0.0,0.0,24060101.0,-143.2578602406326,338.939121712178,29.75116024017335,-51.75507219754732
2024-06-01 19:14:39+00:00,GER,GER,28.413015601928983,26.305760516554763,0.0,23.9086742084686,20.93609084582388,18.25467742296844,6.4376027031251155,-10.461070775241,4.999760029529228,1.8358793753090978,-0.546368042648344,-1.096267858722626,4.435718653623978,-23.536501640217576,-10.1583380082058,-24.39697980015846,45.2469829559326,64.98210250854493,1.0,329.179300482607,0.165666894614696,1036.75390625,5150.0625,128.888292430782,64.8057540893555,128.3573408454615,2.271361991505358,44.6501827,-1.03994261835475,0.0,1834.381031990052,1221.08268737793,1251.12354755402,1085.88802814484,-63.5672262,4.0,219.611999511719,34.1338996887207,44.4049606323242,-397.619995117188,66.9415414333344,31.7951798439026,-1.2129796713244836,-0.813986300232389,-0.621989575941624,1.230979343549414,72.5994644165039,397.815063476562,2.0,7.0,4.0,0.0,0.0,24060101.0,-143.634165414841,339.677656406754,29.84381103515625,-51.46448683487741
2024-06-01 19:14:40+00:00,GER,GER,28.423940147996962,27.657267123098126,0.0,26.6773702772182,25.59586104856546,24.692148132687855,6.43716215592365,-10.45429736201845,4.99903466343937,2.6324936016517477,0.41765274087327,-1.0436195866614053,4.374744615752262,-22.65760997329324,-3.731791673799646,-23.968633024097564,45.2647258758545,65.46471954345704,1.0,329.368004948996,0.159844918549061,1054.818359375,5168.126953125,129.947081035161,65.351774597168,128.920339678368,1.616172957753734,44.6500784,-1.01190351787308,0.0,1834.326624870302,1043.88570785522,1123.04198741913,1004.12333011627,-63.567051,4.0,227.955902099609,34.1338996887207,44.4049606323242,-398.619995117188,66.937667131424,31.7893624305725,-1.8234694231792048,1.50797460776241,-1.39997651037981,-0.10799818409398135,73.5994491577148,398.815124511719,2.0,7.0,4.0,0.0,0.0,24060101.0,-144.3267793815882,340.427283328541,29.62166748046875,-54.40050634656633
2024-06-01 19:14:41+00:00,GER,GER,28.428309420009004,27.63771399905166,0.0,26.586880515999262,25.37760269514714,23.77019724568848,6.437309004990805,-10.45665335039525,4.999760029529227,2.1386075533109343,0.20435944839729347,-1.023537208331638,4.365841634923881,-22.91891217886096,-4.658111320546886,-24.814522924499677,45.462438583374,65.17838150024411,1.0,329.384615969058,0.152027620375156,1072.998046875,5186.306640625,129.911577711855,65.1470718383789,128.6198455058325,1.524974457686724,44.6499739,-1.13257695225134,0.0,1834.362888336184,1135.6954574585,1131.87277317047,1023.9405632019,-63.5668759,4.0,239.296997070312,34.1338996887207,44.4049606323242,-399.720001220703,66.9396042823792,31.7893624305725,-0.6934883963797145,1.59097325228741,-0.853985648920129,-0.21599637619209097,74.5994338989258,399.815185546875,2.0,7.0,4.0,0.0,0.0,24060101.0,-143.5506212729888,341.053311147107,29.725819587707498,-52.35688407897949
2024-06-01 19:14:42+00:00,GER,GER,28.415200920953943,25.2025736335142,0.0,21.432366585256222,17.552737515928403,12.254922118284972,6.43642791058787,-10.457389303278351,4.998672236526536,1.4568335663519398,-0.3677478069550666,-1.049047388584424,4.383108353145672,-23.385059953864378,-16.16027829040474,-24.062319313848043,46.1550373077393,65.59606246948242,1.0,330.228909312741,0.150137695670128,1091.099609375,5204.408203125,130.390920387806,65.0684371948242,129.15633637457,1.7151712350321202,44.6498684,-1.64964073527641,0.0,1834.3266010284437,1436.11693382263,1378.79014015198,1260.48493385315,-63.5667021,4.0,245.152603149414,34.1338996887207,44.4049606323242,-400.720001220703,66.9357359409332,31.7854851484299,-0.857985658494095,0.0879985230903245,0.408993114882539,1.9287676428324267,75.5994186401367,400.815246582031,2.0,7.0,4.0,0.0,0.0,24060101.0,-143.8957370713716,341.642046132806,29.00202655792235,-52.18558018024152
2024-06-01 19:14:43+00:00,GER,GER,28.42612375947462,24.38871663730056,0.0,19.78731415762082,14.771417550045319,9.26147030791439,6.436427910587865,-10.452383201503551,4.999397602616393,2.533280450890942,-0.8079927558748494,-0.9141698714638669,4.24443365638907,-23.57884369042978,-19.16465293929604,-22.158068378909277,46.689474105835,67.80461791992188,1.0,331.338815052868,0.148949208855629,1109.35546875,5222.6640625,131.981808049286,66.4881523132324,131.276802753346,2.351960528900354,44.6497577,-1.12695442590395,0.0,1834.3719720840484,1347.49186038971,1377.74181365967,1343.58727931976,-63.5665288,4.0,255.944198608398,34.1338996887207,44.4049606323242,-401.720001220703,66.9396042823792,31.7874252796173,-2.752453750837245,-3.17994653980847,1.10598136956208,2.377760095730534,76.5994033813476,401.815307617188,2.0,7.0,4.0,0.0,0.0,24060101.0,-144.47558188284603,342.219033193132,28.84039278030395,-55.830717773437506
2024-06-01 19:14:44+00:00,GER,GER,28.4020934464272,23.5554646359197,0.0,17.9009439749102,11.6767718767433,4.74283725587996,6.43539996711778,-10.4514999726665,4.9972225288752,3.0035440978882,-0.900451799369696,-0.783091753790834,4.10467944823415,-23.8828697537843,-23.6592561905472,-22.2864154881314,47.675479888916,68.8921531677246,1.0,332.145296469307,0.144067105650902,1128.25390625,5241.5625,133.84068501304,68.7661605834961,133.461773438644,2.42795936077617,44.6496878,-0.387801172322105,0.0,1834.48994159698,915.410876274109,1074.94723796844,940.765678882599,-63.5664242,4.0,262.818908691406,34.1338996887207,44.4049606323242,-402.619995117188,66.9357359409332,31.7874252796173,-2.38796006544928,1.41297628136105,-1.31197795393896,4.87991787186164,77.5993881225586,402.815368652344,2.0,7.0,4.0,0.0,0.0,24060101.0,-144.587263672003,342.979697700618,30.3371143341064,-56.4396926879883
2024-06-01 19:14:45+00:00,GER,GER,28.419569851456536,27.349324287764023,0.0,25.76769119110056,23.52222039768198,23.084577051141782,6.436868457789335,-10.45547556965025,4.999397431861665,1.889301934690108,0.3761514567656647,-0.599908460145131,3.945500438211802,-23.69442722514986,-5.33499250149394,-25.78171835059902,46.1182468414307,69.65406326293946,1.0,332.542594912948,0.141725805401802,1147.537109375,5260.845703125,135.627694726347,69.6026527404785,134.7292448127345,-0.12399791956701348,44.6495158,-0.479270745521798,0.0,1834.3719720840459,1031.20112419128,1026.49092674255,1083.43327045441,-63.5661842,4.0,271.943511962891,34.1338996887207,44.4049606323242,-403.619995117188,66.937667131424,31.7874252796173,-0.9369843201255525,0.873985296583572,-2.22796267069832,-0.9259845245828269,78.5993728637695,403.8154296875,2.0,7.0,4.0,0.0,0.0,24060101.0,-146.5031891077804,343.947125694658,34.18520793914795,-58.45889053344725
2024-06-01 19:14:46+00:00,GER,GER,28.4130149189101,26.9095673391852,0.0,25.0317605061465,23.0815417150746,19.6875968108332,6.43716215592365,-10.4579784070943,4.99903466343937,1.49172185246725,-0.57263366850376,-0.586339190125331,3.92256739505457,-23.3850599538644,-8.72541640052955,-24.3565297123463,44.9170703887939,69.5126335144043,1.0,333.409072711056,0.137828207015991,1166.880859375,5280.189453125,135.000082303893,69.3869293212891,134.294742328684,0.110998137913604,44.6494418,-0.710097095244085,0.0,1834.35380458832,1234.35187339783,1197.71993160248,1297.05595970154,-63.5660815,4.0,278.876403808594,34.1338996887207,44.4049606323242,-404.619995117188,66.9396042823792,31.7835479974747,-1.30497807725675,-1.35697716118171,0.505991512771946,0.366993828108881,79.5993576049805,404.815490722656,2.0,7.0,4.0,0.0,0.0,24060101.0,-148.25491133176,344.486273506982,33.6218238830566,-61.2629447937012
2024-06-01 19:14:47+00:00,GER,GER,28.4348664016122,26.783636864727967,0.0,25.0140042910342,22.8697495017436,20.3394342067261,6.43628106152071,-10.4591574684997,5.00024332233125,1.9684060907277268,-1.19359871606988,-0.519398160256476,3.8537697454571798,-21.613799518418432,-8.095432194886133,-22.13713658117887,44.9170703887939,70.3798828125,1.0,333.409072711056,0.137828207015991,1166.880859375,5280.189453125,135.000082303893,69.3869293212891,136.146720801376,0.7403208957648028,44.6492408,-0.710097095244085,0.0,1834.308445453645,1234.35187339783,1197.71993160248,1297.05595970154,-63.5658094,4.0,278.876403808594,34.1338996887207,44.4049606323242,-404.619995117188,66.9396042823792,31.7835479974747,-1.7029713859244,-1.35697716118171,0.505991512771946,2.1652969657239236,79.5993576049805,404.815490722656,2.0,7.0,4.0,0.0,0.0,24060101.0,-150.44429204253166,344.486273506982,33.2144645690918,-61.2629447937012
2024-06-01 19:14:48+00:00,GER,GER,28.434865377083845,27.26844187063166,0.0,26.06090677254624,24.54556544291018,23.38318950656018,6.43686845778934,-10.46151302998975,4.99903500494883,2.117165945991992,-0.6997696680839417,-0.566528407864609,3.90476100651098,-21.5898939701599,-5.051675934556696,-22.11056543776022,44.6499000549316,70.19323654174805,1.0,333.97439380828,0.132618995010853,1205.83203125,5319.140625,137.255424428209,70.263013458252,137.9351853449765,0.3815936002516636,44.649137,-0.0694259647466971,0.0,1834.208679199218,1121.25754356384,1177.77419090271,1152.36580371857,-63.565677,4.0,296.446197509766,34.1338996887207,44.4049606323242,-406.720001220703,66.9415414333344,31.79130256176,-1.56147382534468,1.0079830960112,-0.197996685290863,1.0221827471346696,81.5993270874024,406.815612792969,2.0,7.0,4.0,0.0,0.0,24060101.0,-151.01052383164438,344.787047717273,33.4923723220825,-62.24445373535158
2024-06-01 19:14:49+00:00,GER,GER,28.49388470019246,28.565707212900257,0.0,28.5754634551107,28.68242011939962,28.74182603121526,6.43745585405796,-10.45871521375095,4.99903466343937,2.021586583935682,0.8962481381006705,-0.6083213855727356,4.117090243465522,-19.99995468044678,0.24794087211946375,-23.211159580991797,43.2190990447998,69.20088546752929,1.0,333.535622455998,0.128610701858997,1225.3125,5338.62109375,138.588704674952,69.6711730957031,137.00969471244,-0.22579620621522056,44.6490065,-0.974487314712932,0.0,1834.3175649642963,1156.05509281158,1116.63341522217,1114.12441730499,-63.5655157,4.0,302.313110351562,34.1338996887207,44.4049606323242,-407.720001220703,66.9434785842896,31.7816078662872,-1.70297143928525,-0.233996064425275,-1.59097325228741,-2.163563655811642,82.5993118286133,407.815673828125,2.0,7.0,4.0,0.0,0.0,24060101.0,-152.43972998716703,345.108858910208,33.68621921539305,-62.5963985988072
2024-06-01 19:14:50+00:00,GER,GER,28.500443730852417,27.572592243429064,0.0,26.3537169822647,25.1922914667377,22.875966681435603,6.4371621559236445,-10.4557701215582,4.998672578035996,2.1367901253501578,-0.19385583975085038,-0.740484798960542,4.284093576691575,-18.6789476006232,-5.6244777324357464,-21.882163911915,42.9477504730225,67.60560058593748,1.0,332.963006716741,0.121856510639191,1244.5,5357.80859375,136.901579648068,68.2755249023438,136.1247139318705,1.0251828356904458,44.6488805,-1.12324627351487,0.0,1834.408283233642,1059.25357341766,1051.64480209351,1023.65946769714,-63.565354,4.0,309.558288574219,34.1338996887207,44.4049606323242,-408.720001220703,66.9415414333344,31.779670715332,-1.065482189765309,2.17096367485751,0.938984311572323,1.1893800110424038,83.5992965698242,408.815734863281,2.0,7.0,4.0,0.0,0.0,24060101.0,-152.3558224792512,344.941737841596,31.7633783340454,-61.27282481474034
2024-06-01 19:14:51+00:00,GER,GER,28.4938877737776,27.453042759367417,0.0,26.4183794076656,25.49971315863808,23.90853248204332,6.437309004990805,-10.46033482235795,4.998672236526536,2.077916498714266,-0.244815537637825,-0.8772618130336214,4.430052840952727,-18.84221336895806,-4.585355889375816,-21.21062346932338,42.763712310791,65.94901885986329,1.0,332.889896371865,0.122331999242306,1263.234375,5376.54296875,138.312314239999,66.4000625610352,137.4256942140285,1.9293677176396962,44.6487563,-1.21794044305475,0.0,1834.3356847763057,1374.90725517273,1266.43288135529,1194.38910484314,-63.5651986,4.0,315.063385009766,34.1338996887207,44.4049606323242,-409.619995117188,66.9434785842896,31.7816078662872,-0.752987348178459,-0.721987920980548,-0.322994576568878,0.8121863879715739,84.5992813110352,409.815795898438,2.0,7.0,4.0,0.0,0.0,24060101.0,-151.40909542254718,344.839503570099,29.8787424087524,-57.9956380731919
2024-06-01 19:14:52+00:00,GER,GER,28.47420180255176,27.47476276092806,0.0,26.52621340975336,25.38502301266146,24.443264577069037,6.43716215592365,-10.46254353478075,4.9986724072812665,1.1344810915980663,0.3535592862385018,-1.0191952357319196,4.8665819275071955,-20.94255015572196,-4.030936798595918,-20.792687609104878,42.7569763183594,64.48533233642578,1.0,332.498116721073,0.119693402945995,1281.51171875,5394.8203125,138.918370585432,64.8747413635254,137.7571906152055,1.6067730166302119,44.6486334,-1.06127788816605,0.0,1834.2903137207038,1548.05684089661,1424.11506175995,1342.72170066834,-63.5650493,4.0,322.261810302734,34.1338996887207,44.4049606323242,-410.619995117188,66.9434785842896,31.779670715332,-0.6624889024807376,0.0359993924746249,-0.676988660376947,-1.1297810676754505,85.5992660522461,410.815856933594,2.0,7.0,4.0,0.0,0.0,24060101.0,-150.9941286455608,345.064244114549,28.2962656974792,-55.57549781799318
2024-06-01 19:14:53+00:00,GER,GER,28.49169596607292,27.4986346135867,0.0,26.48953358636312,25.287393654703116,24.20155750121116,6.436868457789336,-10.452089076482402,4.997947382700867,2.3628367300356095,0.894146254105307,-1.20047882965386,5.006066343189902,-20.157117674758243,-4.290138891748586,-17.03547567876174,43.200662612915,64.00406524658203,1.0,331.773898102998,0.113931709527969,1299.3984375,5412.70703125,138.071399807594,63.9514297485352,135.26673971927897,1.697571502399608,44.6485143,-1.69138418344088,0.0,1834.335684776308,1395.67708969116,1445.54781913757,1316.073179245,-63.5648996,4.0,327.834106445312,34.1338996887207,44.4049606323242,-411.619995117188,66.9454097747803,31.7816078662872,-2.64845579643075,-2.11796460854938,1.73297096414127,-3.9909328928913417,86.599250793457,411.81591796875,2.0,7.0,4.0,0.0,0.0,24060101.0,-151.968572609917,345.236009711796,24.865710067749,-58.52578209324886
2024-06-01 19:14:54+00:00,GER,GER,28.47420180255176,27.020550399989823,0.0,25.179327767693017,23.48049443053292,21.0191059895246,6.436574759655025,-10.4507635928966,4.997947382700867,2.943216964308246,0.34252737013038104,-1.2623541963639222,5.081338955202216,-21.238947922301982,-7.455096154536638,-16.58098498761482,45.1982517242432,62.688760070800775,1.0,330.475178613455,0.110942501574755,1317.1640625,5430.47265625,133.404809660966,63.3240623474121,132.409268608302,1.9341675903902398,44.6484038,-0.86544707987338,0.0,1834.362912178042,922.457754611969,1012.69388198853,954.602122306824,-63.5647407,4.0,333.935607910156,34.1338996887207,44.4049606323242,-412.619995117188,66.9473469257355,31.779670715332,-1.4299760352358328,2.95995041551059,1.44597570000574,-0.7573872840046288,87.599235534668,412.815979003906,2.0,7.0,4.0,0.0,0.0,24060101.0,-149.2465236596134,344.844366664788,23.344292449951148,-53.88841698386454
2024-06-01 19:14:55+00:00,GER,GER,28.465467015131697,26.82204188006606,0.0,24.95764236685864,22.819885022689,20.277538690958,6.435840514319245,-10.4609239261738,4.997947382700867,1.910380602832022,1.3186290640866707,-1.37172146919867,5.513821496182908,-21.077970267339058,-8.187928622994507,-18.519710960879742,43.0481895446777,60.920058746337894,1.0,328.744190111721,0.110709001868963,1334.529296875,5447.837890625,132.274276749546,61.473078918457,130.996300544512,0.28759517085611436,44.6482999,-0.474921249041822,0.0,1834.34476852417,1204.66423034668,1193.26090812683,1138.87882232666,-63.5645813,4.0,342.640289306641,34.1338996887207,44.4049606323242,-413.720001220703,66.9492840766907,31.7835479974747,-0.7894868385663745,-0.77198709350001,-4.19492972594529,-4.424525745154642,88.5992202758789,413.816040039062,2.0,7.0,4.0,0.0,0.0,24060101.0,-146.4072686631522,344.601731024712,23.71384506225585,-51.159775829315166
2024-06-01 19:14:56+00:00,GER,GER,28.53106141984486,28.519679592611958,0.0,28.522886024917817,27.959855090122904,28.658844013932036,6.43657475965502,-10.4554755696503,4.998309980368431,2.9541193549501026,2.420817864390385,-1.510940980263286,5.573176352334506,-19.54296174949738,0.127782583415013,-18.3316519473672,47.4729331970215,59.4187124633789,1.0,326.799198122911,0.112102208286524,1351.4140625,5464.72265625,128.169387699881,59.9357551574707,125.1504031056005,-1.2729787263726042,44.6482055,-1.4448840436773,0.0,1834.353828430178,1163.15793991089,1179.2733669281,1186.01536750793,-63.5644179,4.0,348.652404785156,34.1338996887207,44.4049606323242,-414.720001220703,66.9454097747803,31.756404042244,-2.046465654709155,-1.20397974983466,-2.07696511739591,-6.517490644714334,89.5992050170898,414.816101074219,2.0,7.0,4.0,0.0,0.0,24060101.0,-132.8327895142048,344.462531769428,19.11134262084965,-39.86394972120013
2024-06-01 19:14:57+00:00,GER,GER,28.53543957110284,28.12106667906488,0.0,27.46393247147064,26.8660006360548,26.268251166689822,6.43642791058787,-10.4590093387721,4.998672578035996,2.142604985555708,1.2513847578104094,-1.5516484381410582,5.6408949458795155,-19.421656565309597,-2.2671884934589444,-17.47999361070154,51.4531562805176,57.05766677856449,1.0,324.271590997899,0.11383540481329,1367.875,5481.18359375,122.390350982755,58.1316146850586,119.364993821979,-0.8303860646772652,44.6481257,-1.98328501750436,0.0,1834.3266248702998,1079.13732528687,1017.40646362305,1059.84544754028,-63.5642477,4.0,357.808013916016,34.1338996887207,44.4049606323242,-415.619995117188,66.9454097747803,31.7544639110565,-0.651489036234882,2.7979532694367,1.205979714601,-3.035349097873943,90.5991897583008,415.816162109375,2.0,7.0,4.0,0.0,0.0,24060101.0,-120.5577019454142,344.356308667456,16.1765999794006,-23.61833393699243
2024-06-01 19:14:58+00:00,GER,GER,28.528877808367223,26.9203607456211,0.0,25.345486804160263,23.8323905577044,20.486473494649744,6.43628106152071,-10.464605398136449,4.997947553455598,2.0713749277253717,-0.9372287395122155,-1.559518566300886,5.649258597895559,-19.42280096350504,-8.042403972207985,-16.5601911597056,51.1217708587646,55.11889503479002,1.0,321.779910667922,0.116054409742355,1383.6484375,5496.95703125,118.755911702743,55.4025077819824,118.026522631467,-0.5395909635352136,44.6480571,-0.797549716799018,0.0,1834.317541122438,1384.11176204681,1290.52746295929,1196.08128070831,-63.5640778,4.0,365.997802734375,34.1338996887207,44.4049606323242,-416.619995117188,66.9434785842896,31.7544639110565,-0.6719886951002334,-0.923984469103034,0.540990896182972,0.1291978306275512,91.5991744995117,416.816223144531,2.0,7.0,4.0,0.0,0.0,24060101.0,-112.0645857427078,346.192072271058,14.895210456848151,-12.82281045913698
2024-06-01 19:14:59+00:00,GER,GER,28.507003786040762,26.91822357942978,0.0,25.47374614545156,23.838831084582278,21.002341973225718,6.437015306856495,-10.465193648178701,4.997947382700867,1.97143461795005,-1.20988530214578,-1.557347483951496,5.64925842714083,-20.871598492133337,-7.50466249583396,-18.05288153299716,51.4303115844727,54.44145606994631,1.0,319.712303123132,0.118923005461693,1398.927734375,5512.236328125,119.466155753776,54.3216419219971,118.812513480395,0.5629905686437195,44.6479898,-1.18022392501453,0.0,1834.326624870302,1333.90080928802,1211.30764484406,1244.30286884308,-63.5639118,4.0,376.298400878906,34.1338996887207,44.4049606323242,-417.619995117188,66.9454097747803,31.756404042244,-1.33997751402863,-0.431992736375925,2.37396009864146,2.09356486764525,92.5991592407226,417.816284179688,2.0,7.0,4.0,0.0,0.0,24060101.0,-108.50637273987078,349.131321236968,15.627117061615,-10.93802051544188
2024-06-01 19:15:00+00:00,GER,GER,28.4720250212633,25.1723172615289,0.0,21.04305194973574,16.99823782891628,12.14398200229476,6.436868457789335,-10.4591574684997,4.997947553455598,2.8861599972368523,-0.9198912114386395,-1.557890227858416,5.333328112459255,-22.50044697898182,-16.32804310434588,-18.62694356481112,53.1562877655029,54.972485733032215,1.0,317.622183274839,0.118724602460861,1414.052734375,5527.361328125,121.744597577866,54.5886165618896,121.01147239311351,2.77295351775832,44.6479182,-1.27168474703435,0.0,1834.36291217804,1008.13221931458,1108.12139511108,961.104273796082,-63.5637494,4.0,385.094512939453,34.1338996887207,44.4049606323242,-418.619995117188,66.9492840766907,31.7544639110565,-1.51597457354949,0.389993476282694,2.05196534437319,2.613756215635604,93.5991439819336,418.816345214844,2.0,7.0,4.0,0.0,0.0,24060101.0,-103.8019979867548,352.364077091892,15.99673404693605,-5.586154713997472
2024-06-01 19:15:01+00:00,GER,GER,28.419568826928163,21.698950234599643,0.0,13.96826858290294,6.16606050719898,-3.1162241938973,6.436868457789335,-10.46210170691885,4.997584955788033,3.98659217960775,-4.107723151283035,-1.5554478162442418,5.332788442137464,-25.29886188382904,-31.53579175083712,-21.326778349367522,53.9693859100342,55.255127563476584,1.0,315.615992791066,0.117050099372864,1429.330078125,5542.638671875,123.769024666722,54.8953582763672,126.1068823064015,4.086531464854694,44.6478404,-0.112479221746439,0.0,1834.408283233642,956.626892089844,1086.77208423614,865.307569503784,-63.5635912,4.0,384.097686767578,34.1338996887207,44.4049606323242,-419.720001220703,66.9473469257355,31.756404042244,-1.4399759124284102,-0.241995923490653,0.503991548005602,8.814851922050062,94.5991287231445,419.81640625,2.0,7.0,4.0,0.0,0.0,24060101.0,-104.65359143662302,356.088688529327,19.75888538360595,-7.138884662179386
2024-06-01 19:15:02+00:00,GER,GER,28.419568826928163,21.39377738248346,0.0,13.921101345551559,5.684189807480932,-2.9598557747019023,6.436134212453554,-10.45724288109805,4.9972225288752,4.747591494429108,-1.951680825080215,-1.5559905814955062,5.355990594747999,-23.71426346053742,-31.379424473563983,-24.450607030426802,52.9047317504883,56.55302696228026,1.0,313.573383738638,0.116471211612225,1444.705078125,5558.013671875,132.478089594379,55.9721420288086,133.94724962447,2.164363748439888,44.6477484,0.030508807506114,0.0,1834.335684776308,919.609844684601,1060.23514270782,821.987628936768,-63.5634451,4.0,369.658203125,34.1338996887207,44.4049606323242,-420.720001220703,66.9454097747803,31.7525267601013,-1.8059695713911301,0.301994919841836,-1.63597245953015,5.588106206709142,95.5991134643555,420.816467285156,2.0,7.0,4.0,0.0,0.0,24060101.0,-112.751934999643,359.530502814366,23.045018005371098,-19.75933032989502
2024-06-01 19:15:03+00:00,GER,GER,28.388981873786996,21.22476298543368,0.0,13.404860109401701,4.83629268523649,-4.293338152355822,6.436281061520715,-10.4548868927212,4.9972225288752,3.5235966222836703,-1.7278819929619345,-1.5549050296486377,5.354372010669431,-24.38830887500712,-32.68231994076545,-25.042620165417357,51.715983581543,59.029937896728526,1.0,311.143311714975,0.115603302419186,1460.455078125,5573.763671875,138.740690044364,57.6088577270508,138.707672909916,1.7205710972125683,44.6476417,-0.96691508952262,0.0,1834.335684776308,1044.00515556335,1059.23056602478,968.351423740387,-63.5633106,4.0,361.127288818359,34.1338996887207,44.4049606323242,-421.720001220703,66.9647693634033,31.7583411931992,-1.54747407198027,0.888985085692008,2.15896367281603,5.648104936256063,96.5990982055664,421.816528320312,2.0,7.0,4.0,0.0,0.0,24060101.0,-118.44225575567779,2.54283289733203,24.061728858947752,-30.750097274780263
2024-06-01 19:15:04+00:00,GER,GER,28.399906419854982,20.055196567434923,0.0,10.80010650997898,0.8240305282978444,-9.83581459729577,6.436868457789335,-10.4562119494202,4.997584955788033,4.505191410502576,-3.866061133329345,-1.447165988534656,5.235662042234138,-25.231343414826718,-38.235720675641275,-22.427781279420962,52.0768741607666,61.823594970703084,1.0,308.749303090128,0.114370505511761,1476.93359375,5590.2421875,143.601476129473,60.557698059082,146.751040280306,1.9253677027296423,44.6475206,0.61433330740801,0.0,1834.417366981506,1130.87511062622,1151.4664888382,1014.32466506958,-63.5631857,4.0,351.877410888672,34.1338996887207,44.4049606323242,-422.619995117188,67.0073568820953,31.7660987377167,-2.2879616136886503,-0.635989329306035,0.271995421666244,9.646438040292344,97.5990829467774,422.816589355469,2.0,7.0,4.0,0.0,0.0,24060101.0,-125.0892291993184,5.22945792527892,24.8605010032654,-34.27081220626832
2024-06-01 19:15:05+00:00,GER,GER,28.42394185554424,21.3749892396241,0.0,13.864996976426,5.815981124969362,-1.6419708597253078,6.436574759655025,-10.452383201503551,4.997584955788033,4.25733946958054,-2.08144230639685,-1.251227434007832,5.003907747280082,-22.881147379921043,-30.065912501826137,-21.155882235201403,51.5372291564941,65.53188720703125,1.0,306.450889792906,0.113625709712505,1494.193359375,5607.501953125,153.093499302067,63.984114074707,154.9719037766575,-0.3867935219843722,44.6473806,0.392189728946397,0.0,1834.408259391786,970.600724220276,1117.76888370514,1050.16243457794,-63.5630821,4.0,342.358093261719,34.1338996887207,44.4049606323242,-423.619995117188,67.0015513896942,31.773853302002,-2.647955591795755,0.43399270114227,-3.69893803700506,5.853501659269089,98.5990676879883,423.816650390625,2.0,7.0,4.0,0.0,0.0,24060101.0,-131.7924997941738,7.53999608893882,25.2677676200867,-43.99152998490765
2024-06-01 19:15:06+00:00,GER,GER,28.443600847522838,22.226442670614638,0.0,15.00161848922742,7.364814116445855,-1.3129293139129758,2.581940185961564,-10.45385596104335,0.5644368758747037,3.1870708539996158,-2.51485798995639,-0.9057570100692859,4.676645978010727,-20.717487567852498,-29.75652952110558,-19.63505079951048,53.6483345031738,68.3555342102051,1.0,304.615372076113,0.113040907680988,1512.4921875,5625.80078125,159.35331303487,67.7003768920898,160.28131034683202,0.11099814324968982,44.6472245,-0.460380950237629,0.0,1834.3719720840459,1078.53388786316,1104.34365272522,1119.01748180389,-63.5629974,4.0,336.045501708984,34.1338996887207,44.4049606323242,-424.619995117188,67.0150995254516,31.7816078662872,-1.93096774281362,-1.94096751328449,-6.73588730946332,6.502490951655432,99.5990524291992,424.816711425781,2.0,7.0,4.0,0.0,0.0,24060101.0,-135.19576449153777,9.72386028359118,25.61442489624025,-49.11554193998639
2024-06-01 19:15:07+00:00,GER,GER,28.432680741077803,21.83506668400264,0.0,14.568476920369202,6.735753779265051,-1.2379817121834482,-6.37480658422625,-10.46534135101955,0.06820010987530249,2.8450936982955595,-3.42003900163523,-0.6672114153348032,4.3615248699910705,-19.47353595016934,-29.670662773426397,-17.823591399540902,52.379118347168,69.40696975708008,1.0,303.373807609545,0.112879706919193,1531.5078125,5644.81640625,164.91531366093,68.728189086914,167.942678897322,0.339994303763232,44.6470591,1.16409123163837,0.0,1834.3810558319099,1372.92718887329,1381.43014907837,1337.21685409546,-63.5629328,4.0,329.8369140625,34.1338996887207,44.4049606323242,-425.619995117188,67.0112252235413,31.7777305841446,-2.0619653282874753,1.07798186283326,3.246945359481,7.70527035977648,100.59903717041,425.816772460938,2.0,7.0,4.0,0.0,0.0,24060101.0,-137.5223454888978,12.0228430478359,26.07748918533325,-52.208287811279256
2024-06-01 19:15:08+00:00,GER,GER,28.41301526041954,21.83091871011966,0.0,14.60638617781006,6.6778197732155435,-1.62087520148783,-10.85523586960055,-10.4616594521701,0.43720581422691396,3.0013639015051274,-0.7423238420688,-0.5806403470861372,4.067177782332005,-16.77353860711066,-30.03389086744982,-17.950113823726237,52.1608062744141,70.07496047973632,1.0,302.063203590846,0.111715306341648,1550.826171875,5664.134765625,172.12505644312,70.1982627868652,173.69608874468202,-2.0147661918182593,44.6468866,1.22422635152528,705.2246838808057,1834.3810558319121,1173.31051826477,1240.14222621918,1271.54397964478,-63.5628954,4.0,325.971893310547,34.1338996887207,44.4049606323242,-426.720001220703,67.0170366764069,31.7777305841446,-2.5609571244597698,2.85895176792338,0.536991020011136,0.9631839012533439,101.599021911621,426.816833496094,2.0,7.0,4.0,0.0,0.0,24060101.0,-140.8544560075642,14.0419741787649,26.476441383361852,-55.79351144518169
2024-06-01 19:15:09+00:00,GER,GER,28.40209139737048,21.814319642889284,0.0,14.60638139667762,6.7357555721897056,-1.534715609447972,-10.855676843688851,-10.459451166634,0.4060326174115646,2.785856492152416,0.6572136485639605,-0.6539136986953642,4.184268910556641,-13.7523483739923,-29.93680519254944,-19.203760894936238,51.079483795166,68.51620651245119,1.0,298.67608546068,0.106875005364418,1570.25390625,5683.5625,173.556199640291,69.1831260681152,172.799100491552,-3.7469371487086485,44.6467144,-0.131496149262621,1274.666810035708,1834.362888336184,1072.82769680023,1037.51051425934,1140.3135061264,-63.5628685,4.0,324.2958984375,34.1338996887207,44.4049606323242,-427.720001220703,67.0189678668976,31.779670715332,-2.59745648144556,-3.7229376142012,-5.30791075874616,-2.149363841937576,102.599006652832,427.81689453125,2.0,7.0,4.0,0.0,0.0,24060101.0,-142.88079554938858,16.8339181623925,26.74720973968505,-55.674122560941285
2024-06-01 19:15:10+00:00,GER,GER,28.41301526041954,21.835067708531,0.0,14.556510428943321,6.602509339030701,-1.49834807511317,-10.85273986234575,-10.457242881098,0.654332250553268,3.03697881302642,-0.6566891514006841,-0.5822685788069034,4.098743928468042,-11.4429693788119,-29.91136273789116,-18.9732454255429,48.0755264282226,66.11204223632811,1.0,293.430773385677,0.101035004854202,1589.234375,5702.54296875,171.623638595771,67.0799308776855,171.189627885341,-3.048148819017694,44.6465478,-0.159650149000774,1783.483695983888,1834.3629121780402,859.868347644806,817.490696907044,986.658573150635,-63.5628352,4.0,322.417694091797,34.1338996887207,44.4049606323242,-428.720001220703,67.0150995254516,31.773853302002,-1.649472381785535,1.83896931020093,0.722987850002868,-0.7135880422814751,103.598991394043,428.816955566406,2.0,7.0,4.0,0.0,0.0,24060101.0,-144.0310622433588,18.6581814349802,27.0096859931946,-55.777899026870735
2024-06-01 19:15:11+00:00,GER,GER,27.16676016143878,20.28179184975412,0.0,13.569065711766338,6.3501347883497425,-1.339437512869548,-10.7643264786345,-10.47108425945105,2.18980394059802,1.6320014088910502,-4.980856328406794,0.31736590171721407,3.2507767540959236,-13.221732663224639,-28.50619850673764,-17.64652591700694,44.29599609375,63.64644104003904,1.0,289.366783508763,0.0980183511972427,1607.533203125,5720.841796875,169.363132848442,64.6055145263672,174.0205842019605,-3.838735616861218,44.6463877,2.1219429802975,1810.740089416504,1834.25405025482,964.973628520966,913.309097290039,1077.47733592987,-63.5627995,4.0,319.913604736328,34.1338996887207,44.4049606323242,-429.619995117188,67.0189678668976,31.7699760198593,-1.811969679133575,-0.366993828108881,0.563990544356785,12.633788442677357,104.598976135254,429.817016601562,2.0,7.0,4.0,0.0,0.0,24060101.0,-146.8550640613654,19.8898045612114,27.6685481071472,-53.20667833027086
2024-06-01 19:15:12+00:00,GER,GER,7.135828417327514,1.4086783314649678,0.0,1.0953260450051905,0.6689150939654721,-0.5105997346832476,-10.46383956317575,-10.49081539530275,1.399231806316872,0.05403637460789499,-8.037351254392105,1.1692367546495999,2.36261003178819,-3.3788343700189065,-7.646427917223025,-14.97284819565074,39.1799240112305,60.1436151123047,1.0,286.218421471224,0.0919579938054085,1625.142578125,5738.451171875,183.725053578498,61.8038772583008,190.75430178168148,-2.772153553196124,44.6462338,1.9401978363424,1809.08703804016,1834.6531867980962,910.919964313507,790.96794128418,1015.7185792923,-63.562807,4.0,316.324096679688,34.1338996887207,44.4049606323242,-430.619995117188,66.9086337089539,31.738954782486,-0.438492648546971,2.96495054086986,4.02293232915285,22.356225144090804,105.598960876465,430.817077636719,2.0,7.0,4.0,0.0,0.0,24060101.0,-154.98703264566922,20.8689565749624,28.2673759460449,-52.757446553156925
2024-06-01 19:15:13+00:00,GER,GER,-17.422205941454997,-15.594142863877341,0.0,-8.750477303745331,-1.3686123670884807,6.105353401657761,-10.3924632325755,-10.5081905427776,1.0835104420630448,-0.05935006701505159,-9.253013936080361,2.104965051011554,1.4709360713746762,17.32394342496061,23.52755938580148,5.8826765988653875,29.4232578277588,55.5953219604492,1.0,281.005183964563,0.0818232402205467,1641.732421875,5755.041015625,205.879523472243,57.3213626861572,214.352414118779,-0.539590928850659,44.6461019,2.70741484311995,1808.950781822206,1836.5945100784302,1071.27439975739,888.019859790802,991.733253002167,-63.5628855,4.0,298.092712402344,34.1338996887207,44.4049606323242,-431.619995117188,66.7189300060272,31.5256804227829,-0.11949799817572751,-0.567990420528621,1.37697691556685,23.42760725126112,106.598945617676,431.817138671875,2.0,7.0,4.0,0.0,0.0,24060101.0,36.15269397880059,21.700243530919,28.452117061615,-55.03018011205338
2024-06-01 19:15:14+00:00,GER,GER,-26.290592032446018,-18.26517303315654,0.0,-9.845105532869018,-0.03921038446536701,9.778417614869763,-10.40333091731865,-10.50730603328005,1.6790677301974242,0.9625839171595288,-6.137680132046565,2.9771899410417495,0.5449977572904514,25.755427244936378,36.06900913505158,23.61526260059374,27.5341621398926,52.931448440551705,1.0,264.520604365008,0.0666478581726551,1657.076171875,5770.384765625,228.033638196151,53.5741046905518,235.4465517853925,-0.9387842724070066,44.6460074,3.47258364692014,1808.978033065796,1835.31541824341,1077.21424102783,965.270280838013,979.813694953918,-63.5630196,4.0,282.508911132812,34.1338996887207,44.4049606323242,-432.619995117188,66.8989539146423,33.6506575345993,-0.7629871986906075,-1.4579754886038,-1.89496832365857,13.651970889421403,107.598930358887,432.817199707031,2.0,7.0,4.0,0.0,0.0,24060101.0,162.11001563294639,22.4064236193958,28.409018039703348,-51.32486206054687
2024-06-01 19:15:15+00:00,GER,GER,-26.42349282878776,-17.779143260498163,0.0,-8.46869161698884,1.739253318778993,12.139354292999979,-10.40656202368285,-10.510251552359652,2.13905640346111,1.7493857870188283,-1.600746932824575,3.904234185482558,-0.3752745737012949,28.29368502543022,38.562847121787726,28.968913428664177,28.0714828491211,52.18401832580567,1.0,239.651202578074,0.0600449167191982,1671.748046875,5785.056640625,241.652038193538,52.4443050384521,244.06991149934402,-2.610556272009454,44.6459417,1.63485903197374,1808.9689493179321,1655.22747039795,1039.22045230865,872.636675834656,911.254942417145,-63.5631794,4.0,272.092193603516,34.1338996887207,44.4049606323242,-433.720001220703,66.9415414333344,42.4801766872406,-0.423492912799388,0.460992252168345,-1.59097325228741,2.94155073966022,108.598915100098,433.817260742188,2.0,7.0,4.0,0.0,0.0,24060101.0,151.4491613122184,23.4574309307625,28.8461700439453,-48.5579340362549
2024-06-01 19:15:16+00:00,GER,GER,-26.4535388309466,-18.11862483583422,0.0,-9.21410755639804,0.4014475714526954,9.775228023249067,-10.402302973848549,-10.51231298882855,2.802397374708846,3.1492751484537043,-1.532977155549475,4.806582130743216,-1.2324148198612843,28.34403786301046,36.228765893700334,35.62728440897284,38.9270050048828,52.30213371276856,1.0,211.339604015508,0.0616383701562882,1686.236328125,5799.544921875,244.94899782666,52.1329044342041,246.7403652006575,-1.0429825728037223,44.6458856,1.19148103726206,1808.9053630828862,954.6423196792591,985.286355018616,926.436483860016,979.821801185608,-63.5633453,4.0,266.011291503906,34.1338996887207,44.4049606323242,-434.720001220703,66.9647693634033,42.55191385746,-1.68397177400498,-0.592990033468778,3.86793484631775,2.532557518055978,109.598899841309,434.817321777344,2.0,7.0,4.0,0.0,0.0,24060101.0,122.42001176224501,24.8808269858676,29.779134178161648,-32.220182500566764
2024-06-01 19:15:17+00:00,GER,GER,-26.507215238576997,-21.73469090697904,0.0,-16.50218338761306,-10.802390525237405,-6.651451742547344,-10.392169534441152,-9.98045683033021,3.6266800143603,4.5611578951842935,-1.38903006501781,5.143368598810154,-1.5807207541450778,28.22502079219462,19.85576392291648,34.450583516876534,50.412610244751,53.492388381957994,1.0,190.213200535255,0.0764143779873848,1700.78125,5814.08984375,247.220226970986,52.9015319824219,248.85682225839048,-0.3301944739068544,44.6458336,1.23840518391199,1808.9235305786121,103.3519268035888,580.102026462555,616.787493228912,634.28670167923,-63.5635164,4.0,260.000396728516,34.1338996887207,44.4049606323242,-435.720001220703,66.9821918010712,42.5616055727005,-2.8679519295370453,-1.02498279652513,1.40097649276299,1.77237022734957,110.59888458252,435.8173828125,2.0,7.0,4.0,0.0,0.0,24060101.0,111.89595520228981,22.2964148850763,30.100837898254397,-16.534308714025173
2024-06-01 19:15:18+00:00,GER,GER,-26.48359200480412,-19.603408582142556,0.0,-11.857678316157001,-3.418100935458238,5.050891722118272,-10.391288440038249,-2.35055368068606,2.644355292362532,5.005255685112782,-1.6017988353176151,5.144996745153556,-1.5820697805391781,27.83592847933162,31.534483769611064,30.505660229649596,47.3985317230225,53.84758529663086,1.0,181.259601174933,0.0897658444941044,1715.669921875,5828.978515625,248.826769426043,53.8070766448975,251.1957932189045,-1.7277709917157502,44.6457845,1.58009756341634,1808.923530578614,2.458389429375528,387.419819831848,362.133353948593,452.96123623848,-63.5636925,4.0,254.91340637207,34.1338996887207,44.4049606323242,-436.619995117188,67.0073568820953,42.5751775503159,-0.7929867235466245,3.40494300290903,-2.40295958775345,2.4193594909365457,111.59886932373,436.817443847656,2.0,7.0,4.0,0.0,0.0,24060101.0,123.01880761659079,19.3213347467804,26.7355994224548,-29.13935806274414
2024-06-01 19:15:19+00:00,GER,GER,-26.53513192926216,-20.19047392809834,0.0,-13.42764510820866,-6.11426970135503,0.6314508820459731,-10.391875836306848,5.0748209483659545,3.4621132657432865,4.999077693631144,-0.72708817798027,5.144725330511411,-1.5793718131283399,25.34916964216076,27.16658325953926,29.053932208357924,48.526343536377,54.427795944213855,1.0,176.947006072609,0.0972577840089798,1730.630859375,5843.939453125,251.572997246008,54.2429969787598,252.744770839637,-0.7289877789864538,44.6457409,0.925417634889973,1808.8963031768803,1.8052350904326886,645.539164543152,547.92183637619,586.609482765198,-63.5638728,4.0,250.078704833984,34.1338996887207,44.4049606323242,-437.619995117188,67.0112252235413,42.586812376976,-1.675471977108865,-1.64097237144602,2.1169644127228,0.42739281741333385,112.598854064941,437.817504882812,2.0,7.0,4.0,0.0,0.0,24060101.0,111.55490200042559,18.6455233869008,25.962019443512,-23.936548100985036
2024-06-01 19:15:20+00:00,GER,GER,-26.5523173682328,-21.47905878295078,0.0,-16.119295618592098,-10.233070181500022,-4.79025883240053,-10.3826230644156,6.40564104634745,3.6705402021815856,4.999441230449719,-1.8156156661290401,5.144996745153556,-1.5502337992422421,25.27783582948806,21.7620591334738,27.43538193923056,53.1379028320312,53.98056037902834,1.0,174.082588659246,0.10420660302043,1745.75390625,5859.0625,252.167223703799,54.3303176879883,254.01123817591952,0.6935883972860749,44.6456997,0.734890895374643,1808.91454219818,2.6851742877624942,435.638308525085,427.327901124954,431.252688169479,-63.5640549,4.0,244.841598510742,34.1338996887207,44.4049606323242,-438.619995117188,67.0150995254516,42.5906896591186,-1.207979732728196,1.05998228665786,1.1159811933938,3.5999395035945825,113.598838806152,438.817565917969,2.0,7.0,4.0,0.0,0.0,24060101.0,106.6181068381566,16.3606253264983,24.9970052719116,-12.221249427795403
2024-06-01 19:15:21+00:00,GER,GER,-26.60818182696376,-23.31465368088096,0.0,-19.855492422896962,-16.06108259931502,-12.83891866024668,-10.396869131477,6.4049040262473245,3.160166482726842,4.99871449832203,-0.853171362305015,5.146082403722131,-1.5494244004812558,24.197912912270063,13.7692631667171,25.28739809432606,53.2946022033691,53.136954574584955,1.0,173.871098681785,0.0793698906898499,1760.716796875,5874.025390625,255.773044491189,53.3181644439697,257.075192735695,1.3623771941168799,44.6456652,0.800869935787584,1808.887243270874,6.9850770756602305,708.62489938736,654.286444187164,516.151010990143,-63.5642367,4.0,240.207595825195,34.1338996887207,44.4049606323242,-439.720001220703,67.0170366764069,42.5906896591186,-0.305494871523152,0.4769919702991,0.566990491506302,1.4125762670634416,114.598823547363,439.817626953125,2.0,7.0,4.0,0.0,0.0,24060101.0,103.6207971661876,14.1191399484605,22.603246593475347,-8.217698669433593
2024-06-01 19:15:22+00:00,GER,GER,-26.59743691487098,-23.478136990740882,0.0,-20.18352694269354,-16.557386001013498,-12.412585423953121,-10.404799834877,6.40564104634745,2.4544151166865182,4.999804596513561,-0.563177191556598,5.145539574437843,-1.549424400481256,23.97056050348134,14.18485097865366,25.18135940746162,52.2277130126953,52.36906448364259,1.0,178.015302300312,0.0337198499590158,1775.46875,5888.77734375,256.875546306256,52.7914867401123,258.084681034645,1.419776182910966,44.6456346,0.983323551786518,1808.8145494461082,6.921577453613283,1002.54285335541,891.598701477051,822.777509689331,-63.5644173,4.0,236.010101318359,34.1338996887207,44.4049606323242,-440.720001220703,67.0209050178528,42.5926297903061,0.050499154122769674,0.815986318359586,0.149997490877959,0.919984576922942,115.598808288574,440.817687988281,2.0,7.0,4.0,0.0,0.0,24060101.0,104.6239374873226,12.2001385369901,21.724015045166,-12.334032880342923
2024-06-01 19:15:23+00:00,GER,GER,-26.618932886226823,-23.8191010586363,0.0,-20.97879865266614,-17.8068137228637,-14.946893306049978,-10.406562023682898,6.40593581169882,2.6719041773608643,4.99871449832203,-0.41923010102493297,5.146353818364274,-1.549424400481256,23.061534383448382,11.6720397509316,25.03961249161636,51.7461032867432,52.08731803894044,1.0,338.131110333366,0.0231146201491356,1789.98828125,5903.296875,257.640964625404,51.8980236053467,259.180653188865,1.245779098828616,44.6456062,1.24856925244891,1808.83276462555,6.957862991839649,1231.87899589539,1127.08854675293,976.020038127899,-63.564596,4.0,232.832901000977,34.1338996887207,44.4049606323242,-441.720001220703,67.0112252235413,42.5887495279312,-1.03498262035685,-1.83096923769214,-0.517991301370012,1.0085830961132776,116.598793029785,441.817749023438,2.0,7.0,4.0,0.0,0.0,24060101.0,101.53439157476447,10.8288619478942,21.576161384582548,-10.510235252380362
2024-06-01 19:15:24+00:00,GER,GER,-26.59958569238386,-24.1539719147731,0.0,-21.60537015429076,-18.7982054356073,-15.588828976703079,-10.4056809292799,6.405787895414605,2.364882179592958,4.999804596513561,-0.5558244929150791,5.146353818364274,-1.548345273281076,24.16281837578616,11.0107567156808,25.707901764163033,54.2185352325439,52.71138816833496,1.0,346.760890425137,0.0682035125792026,1804.46484375,5917.7734375,258.520692990502,52.4209762573242,260.57315117571204,-0.17979699524496012,44.6455802,1.46196538629615,1808.896279335022,6.939720269292593,975.199043750763,971.927523612976,882.231116294861,-63.5647764,4.0,229.513107299805,34.1338996887207,44.4049606323242,-442.720001220703,67.0112252235413,42.586812376976,-1.38347685441833,0.0399993286774202,-1.00398316647851,2.18596328253904,117.598777770996,442.817810058594,2.0,7.0,4.0,0.0,0.0,24060101.0,98.66990995762302,9.28135196405992,22.232451152801502,-2.826594128608704
2024-06-01 19:15:25+00:00,GER,GER,-26.573801045248143,-22.78871511290222,0.0,-18.56286341303698,-14.24775531336218,-9.264575141156351,-10.39730967867845,6.4051985781552805,2.877068631253422,4.999441230449719,-0.705022424773324,5.146353818364274,-1.5483452305923922,26.37950162940042,17.309225904091797,25.46959099986994,55.1424270629883,53.15170166015622,1.0,348.589386707463,0.109351207315922,1819.12890625,5932.4375,260.283428211499,53.1820232391357,262.49109561540854,-2.3717602654645242,44.6455576,1.95077715903651,1808.8236570358301,6.921577453613281,763.515293598175,782.524764537811,816.435933113098,-63.56496,4.0,224.849502563477,34.1338996887207,44.4049606323242,-443.720001220703,67.0092940330505,34.8876446485519,-1.5049747673346001,0.76098718056341,-2.71095437521389,1.3227777956937292,118.598762512207,443.81787109375,2.0,7.0,4.0,0.0,0.0,24060101.0,99.62076654669937,7.88463975049484,22.4672598838806,-6.194791907072068
2024-06-01 19:15:26+00:00,GER,GER,-24.97407136237876,-20.48822373062456,0.0,-16.01244943261304,-11.400964398435253,-6.760162740924561,-10.39642815738865,6.405051515644709,3.307696306298954,4.999804596513561,-0.561077255232363,5.14608240372213,-1.549424400481256,25.113806446004,18.21390870683154,25.1774696147293,54.0526657104492,52.93568710327148,1.0,349.499686999285,0.156480905413628,1833.892578125,5947.201171875,262.579655848187,53.0297252655029,263.8565870342775,-1.2247794847902587,44.64554,1.05652567732931,1808.8418245315559,6.876220460981129,804.901719093323,685.577690601349,747.58917093277,-63.5651447,4.0,207.813201904297,34.1338996887207,44.4049606323242,-444.619995117188,67.0092940330505,34.8701953887939,-1.050482347296019,0.395993370581727,2.07396517024639,0.8541856453967634,119.598747253418,444.817932128906,2.0,7.0,4.0,0.0,0.0,24060101.0,98.98291293860379,7.11332783186646,22.564115524292,-10.393363380432119
2024-06-01 19:15:27+00:00,GER,GER,-21.2392306921336,-17.39569063483284,0.0,-13.538970019981221,-9.316433779316501,-4.8983992538499574,-10.349578182324251,6.40534628099608,3.566145584539042,4.999441230449718,-2.149214058023512,5.748280972935112,-1.5014008921957323,23.130198275174518,16.34083143828364,26.391657317066326,56.8223636627197,53.83652961730955,1.0,349.119983122946,0.183179721236229,1848.59375,5961.90234375,263.16505770157,53.0416591644287,264.752038494844,-0.5109914460321474,44.645524,1.13063515081465,1808.8599681854262,6.921577453613281,836.614906787872,753.342866897583,700.423896312714,-63.5653303,4.0,194.593704223633,34.1338996887207,44.4049606323242,-445.619995117188,67.0092940330505,34.8740726709366,-1.4424758150254848,-0.875985261349916,1.3069780420231,3.307344722311427,120.598731994629,445.817993164062,2.0,7.0,4.0,0.0,0.0,24060101.0,92.0698257626345,6.40589653811109,23.995895004272448,1.9955683643167654
2024-06-01 19:15:28+00:00,GER,GER,-20.97541531846074,-15.727669305547062,0.0,-10.154421919245177,-3.7286815044724024,2.837185198346415,-10.3125679485329,6.405346494439495,2.81218439545924,4.999077864385875,-3.7746501503461296,6.187649966769107,-1.346808076724616,24.539704116073978,23.812600084584282,26.675491975196415,60.151375579834,54.261805572509765,1.0,348.8283886869,0.20256629884243,1863.583984375,5976.892578125,265.575813950261,54.4133811950684,269.78599719617046,-0.8857851420658569,44.6455127,2.73930819800591,1808.959865570068,7.0032198913395405,870.151877403259,810.892581939697,817.86984205246,-63.5655202,4.0,177.338195800781,34.1338996887207,44.4049606323242,-446.720001220703,67.0131623744965,34.8837673664093,-1.351477364795965,-0.833986001256685,-2.29796143752037,7.004482364139958,121.59871673584,446.818054199219,2.0,7.0,4.0,0.0,0.0,24060101.0,88.98540659006729,4.96671335451323,24.65800495147705,3.463107044556563
2024-06-01 19:15:29+00:00,GER,GER,-21.018639487604283,-16.55266873086322,0.0,-11.895935230226655,-6.718659864829259,-1.5129116605935657,-10.2240077157545,6.405051729088125,3.9181153496875076,4.999804596513561,-6.043642727884064,6.235684638145058,-1.28664369374598,24.10941380968472,19.505727656256003,26.857896275095122,66.1431129455566,55.18020011901854,1.0,348.775796230291,0.221488116681576,1878.65625,5991.96484375,272.008622714363,54.5306739807129,277.971842312647,-1.0923816731839586,44.6455168,3.65873340911625,1808.77823829651,6.95786289870739,797.088623046875,798.390746116638,794.268131256104,-63.5657121,4.0,161.431900024414,34.1338996887207,44.4049606323242,-447.720001220703,67.1080112457275,48.2385545969009,-2.9414506347002,-1.59997320045766,1.26497878192986,11.548005735415659,122.598701477051,447.818115234375,2.0,7.0,4.0,0.0,0.0,24060101.0,76.83000715817857,3.67532948813892,27.543868732452403,14.015876255035419
2024-06-01 19:15:30+00:00,GER,GER,-20.99393844998038,-15.281495052733499,0.0,-9.287214656934005,-2.497190457024192,4.55485149614626,-10.15175029075135,6.40578874918825,2.130356834203946,4.999804596513561,-8.520673796195599,6.4924133490445355,-1.0362735261099858,24.893320426387902,25.54878943386248,26.657097592742655,69.219312286377,54.36507843017578,1.0,349.490288658987,0.23370620906353,1894.009765625,6007.318359375,283.875229453803,55.3918682098389,292.4805984494805,-1.5803734603701218,44.645547,4.37029696731948,1808.8236570358301,6.858077738434076,593.199729919434,604.66343164444,705.59024810791,-63.5659004,4.0,148.703598022461,34.1338996887207,44.4049606323242,-448.720001220703,67.229962348938,69.7093665599823,-1.28747838555124,0.91498473437619,-3.03894881033778,17.89430024990456,123.598686218262,448.818176269531,2.0,7.0,4.0,0.0,0.0,24060101.0,73.35746385206322,2.57349873915809,28.73002138137815,12.886477851867689
2024-06-01 19:15:31+00:00,GER,GER,-21.173124023232738,-17.79951190913148,0.0,-14.227109188293799,-10.294457360439175,-8.580613871493028,-10.187438456051499,6.40564104634745,4.195775687562678,4.999804596513561,-1.167857600717956,6.497297361187921,-1.0370829035266298,23.19580907234168,12.592510109051013,19.856907638093,72.1150680541992,51.93880966186522,1.0,350.055199944861,0.244145902991295,4.44140625,6022.35546875,304.309652808864,52.9756141662598,306.14036207248046,1.3395775530918734,44.6456134,1.33330650028279,1808.696556091308,3.2566789479460567,837.933599948883,749.847054481506,816.970646381378,-63.5660615,5.0,139.115005493164,34.1338996887207,44.4049606323242,-449.720001220703,67.2338366508484,73.0344891548157,-2.400459738517225,-0.996983183074603,7.1928790451296,3.2685452470958056,0.400000005960464,449.818237304688,2.0,7.0,5.0,0.0,0.0,24060101.0,56.39999678834058,1.63378370406628,29.114358329772898,29.137434456565156
2024-06-01 19:15:32+00:00,GER,GER,-21.13190963725248,-17.35011688061488,0.0,-13.3719812862845,-9.314351596148033,-3.974140257833038,-10.1924317512216,6.40652491551473,4.135241599250876,4.997987510062247,-0.43079035377644864,6.497568775830066,-1.037352695998844,19.97206223693322,17.15777004509608,19.19081392985502,72.503002166748,49.56051681518554,1.0,350.165575801848,0.246570914983749,18.8046875,6036.71875,306.551949271865,50.6130283355713,308.073346588729,0.5795902935466549,44.6456899,1.16765744415876,1808.723759651186,6.086988188326361,376.92603468895,525.134384632111,366.927146911621,-63.5662047,5.0,130.451202392578,34.1338996887207,44.4049606323242,-450.720001220703,67.2280311584473,63.8966977596283,-1.6389724600405249,5.69190399388428,0.304994866991353,1.1905800285888326,1.40000021457672,450.818298339844,2.0,7.0,5.0,0.0,0.0,24060101.0,50.4617142107156,1.51796984256078,29.292403793334948,35.748463211059594
2024-06-01 19:15:33+00:00,GER,GER,-21.065482888611598,-15.901022324135024,0.0,-11.028945082553724,-5.724940658404275,-0.25553872119133203,-10.2000691833741,6.40564104634745,2.4254164493316623,4.999168705901836,0.9183119569767,6.49811134898226,-1.03762248847106,20.356386309359223,20.80994331364665,18.778463627585,71.7311714172363,48.100934028625474,1.0,350.175903047873,0.246308299899101,32.521484375,6050.435546875,306.898567711865,48.6414733886719,308.08232145729846,-1.5062247719939907,44.6457564,1.61612424996722,1808.73516201973,10.432241251692176,794.603705406189,665.247797966004,702.854752540588,-63.5663282,5.0,123.45760345459,34.1338996887207,44.4049606323242,-451.619995117188,67.2144770622254,55.8330237865448,-0.5044915391971875,-2.23796249453004,-4.31392784298619,-1.581723495284344,2.39999985694885,451.818359375,2.0,7.0,5.0,0.0,0.0,24060101.0,48.29440980970592,1.04496942414047,29.411234664917,35.57972068786619
2024-06-01 19:15:34+00:00,GER,GER,-20.654202193965673,-16.285474462608,0.0,-12.42783868778495,-8.388298540221822,-5.802699694062227,-10.195075888204,6.40623121738042,5.628845766476015,4.999168705901836,2.06252652437733,6.49879052591785,-1.03897145083214,17.9665184866974,14.85150228646,16.502181850820524,71.0798606872559,46.87634296417235,1.0,350.273492790734,0.247742503881454,45.826171875,6063.740234375,307.004490285514,47.4694965362549,304.344896584981,0.2267462013186733,44.645841,-0.249705045949055,1808.7578117847452,13.1083547603339,751.393795013428,660.053074359894,739.721298217774,-63.5664899,5.0,115.718902587891,34.1338996887207,44.4049606323242,-452.619995117188,67.2106087207794,48.4014183282852,-1.86296888739706,0.403993202966678,7.02988170322912,-4.195679499289257,3.39999890327454,452.818420410156,2.0,7.0,5.0,0.0,0.0,24060101.0,42.51997237121218,0.176771005331189,29.5502494812012,36.523200702667225
2024-06-01 19:15:35+00:00,GER,GER,-20.1176190322975,-15.56946624417976,0.0,-10.762463288406284,-5.57827207899781,0.46250314337360426,-10.19390109566675,6.405493130063235,3.324007822565318,4.99871449832203,-0.11768143799582201,6.499197519815018,-1.038701658359924,19.89729522967418,20.58012255986926,17.1961343638904,72.1257316589356,46.28326560974122,1.0,350.441788651884,0.249765694141388,58.861328125,6076.775390625,300.718202739487,46.9164516448975,302.054433627952,-0.9789835908909534,44.6458959,2.06236644181865,1808.751034736634,15.88425338268278,615.649878978729,602.244198322296,575.477004051208,-63.5666163,5.0,107.355796813965,34.1338996887207,44.4049606323242,-453.720001220703,67.2125458717346,41.2800282239914,0.01849972744953804,4.42592544301465,-1.81296955479504,-1.6197727982836185,4.3999981880188,453.818481445312,2.0,7.0,5.0,0.0,0.0,24060101.0,41.09927885120696,358.262355251548,29.636583137512197,37.068020595203755
2024-06-01 19:15:36+00:00,GER,GER,-20.05210522381658,-14.682640800270258,0.0,-9.164095716012104,-3.298856205899616,2.676983725013578,-10.196984926077,6.4051985781552805,2.78898557256593,4.999077864385875,0.1875502611359259,6.499197519815017,-1.039241243304356,19.24766296035484,22.72908926899526,16.447767612005045,71.2955360412598,45.65055130004882,1.0,351.464513857444,0.241408413648605,71.689453125,6089.603515625,299.445793138627,45.7673435211182,300.239461120183,-0.18579688687594959,44.6459522,1.923569740808,1808.7600946426398,15.73003977537154,1125.14531612396,941.027998924255,980.364084243774,-63.5667573,5.0,99.4616775512695,34.1338996887207,44.4049606323242,-454.720001220703,67.2086715698242,35.8764559030533,-0.1934968045872285,-2.15296377851699,1.37997686271637,-2.7351541196413884,5.39999723434448,454.818542480469,2.0,7.0,5.0,0.0,0.0,24060101.0,39.54132977699997,355.973476898407,29.679697608947748,36.5289154815674
2024-06-01 19:15:37+00:00,GER,GER,-20.060290181008458,-16.224901271463203,0.0,-12.066508276445049,-7.569136834900581,-2.651719260816182,-10.19081641148285,6.404756963736755,4.8196066184715125,4.999077864385875,-0.7050224514537504,6.500825836913148,-1.039780828248788,18.860477977817602,17.408571005569637,15.900673216091059,72.3735626220703,46.10810440063476,1.0,352.853200598735,0.234148505330086,84.37890625,6102.29296875,296.469497226659,46.2993564605713,298.38599366625147,0.31139477158593165,44.6460048,2.23518580918902,1808.8236808776862,15.775396674871462,851.992666721344,814.413130283356,747.401535511017,-63.5669013,5.0,92.109016418457,34.1338996887207,44.4049606323242,-455.720001220703,67.2086715698242,27.1942913532257,-1.574973587517505,-0.230996117275759,1.00398316647851,-0.37999362376951346,6.39999628067017,455.818603515625,2.0,7.0,5.0,0.0,0.0,24060101.0,37.930262321617825,353.470922907271,29.77418174743655,37.81049949645993
2024-06-01 19:15:38+00:00,GER,GER,-20.0111940982355,-14.631521273955702,0.0,-9.12280414889425,-3.0348185522579896,3.39217964185044,-10.19786602047995,6.404904666577555,3.4755251959522497,4.457946992013601,-0.9676981066779411,6.500011763741449,-1.039511035776572,19.021455291271018,23.403373740085936,16.35358135240732,71.8070526123047,45.33772247314452,1.0,354.332892780526,0.227423107624054,97.17578125,6115.08984375,296.659840938449,45.7549873352051,297.9775073727495,0.4983916359876666,44.6460561,1.7450957238568,1808.723783493042,16.18360932916402,984.825909137726,903.354227542877,826.494872570038,-63.5670455,5.0,83.4449768066406,34.1338996887207,44.4049606323242,-456.720001220703,67.1989917755127,26.2461960315704,-0.0014999802448650013,1.37597682646198,0.820986176914594,-0.17639705047309925,7.39999532699585,456.818664550781,2.0,7.0,5.0,0.0,0.0,24060101.0,38.379409414267585,350.950255254456,29.926287460327153,36.037181854248054
2024-06-01 19:15:39+00:00,GER,GER,-20.029602824086517,-14.6812949114943,0.0,-9.23623771081834,-3.1884945215547376,3.146624095904726,-10.19375424659965,-0.38480592092764,4.967860997048518,-1.4952179808434538,-1.910178621331665,6.500283178383592,-1.0392412433043559,15.99530719458888,23.176226919991258,16.4423126814244,71.8260314941406,44.94469413757326,1.0,356.174994799679,0.221435813605785,109.755859375,6127.669921875,296.22524966194,45.2760864257812,298.4875039376965,1.5251744328190182,44.6461062,2.19999816868899,1808.7328672409058,17.50805377960204,1089.30945396423,992.097675800324,876.680195331574,-63.5671883,5.0,75.0796966552734,34.1338996887207,44.4049606323242,-457.720001220703,67.2028660774231,26.2365013360977,-0.6789886251432915,0.373993731471512,2.68195531298872,1.268378780729587,8.39999580383301,457.818725585938,2.0,7.0,5.0,0.0,0.0,24060101.0,37.7328363866775,348.794948080723,30.187053108215302,35.79523612976076
2024-06-01 19:15:40+00:00,GER,GER,-20.021419915951377,-14.75298560155116,0.0,-9.26753346684061,-3.176965845254674,2.866794404571796,-10.20432823320845,-9.299144179960974,2.5812836607080243,-2.936174142811634,-3.25402719843325,6.499740092967213,-1.039241243304356,14.43931838467368,22.88821491816472,18.02203400813918,71.3451667785644,43.8171768951416,1.0,358.674598149093,0.214510108530521,122.21484375,6140.12890625,295.775959818336,44.318803024292,299.4039650601505,1.779970200183384,44.6461548,3.48514415136038,1808.678364753722,147.82057069242003,1266.76082611084,1222.97382354736,994.464635848999,-63.5673291,5.0,66.4189224243164,34.1338996887207,44.4049606323242,-458.619995117188,67.2009289264679,26.2209892272949,0.387993511516349,0.0849985692707014,-2.41995950171079,0.6657888230008642,9.39999961853027,458.818786621094,2.0,7.0,5.0,0.0,0.0,24060101.0,37.20262655990124,346.965714137967,30.17598781585695,35.66412803649902
2024-06-01 19:15:41+00:00,GER,GER,-20.013240081401378,-14.76095574929362,0.0,-9.26166513906046,-3.1635192518356696,3.054624948256606,-10.2031530137844,-11.0331255852126,2.455864909715218,-1.3302259995897496,-6.03050891444037,6.499197519815018,-1.03897145083214,13.960581375746841,23.06786528579006,18.5448542532524,70.711612701416,43.1447373962402,1.0,0.0439735983099751,0.209934005141258,134.35546875,6152.26953125,294.043441354227,43.2005836486816,301.231942248099,2.853152168921756,44.6462001,6.48752797086332,1808.8054895400996,895.4596996307373,1561.56802177429,1387.25876808166,1250.35762786865,-63.5674687,5.0,56.8770408630371,34.1338996887207,44.4049606323242,-459.619995117188,67.206734418869,26.2035399675369,-1.111481432752081,-1.91996788323788,3.49294145262818,5.5253071849798845,10.4000034332275,459.81884765625,2.0,7.0,5.0,0.0,0.0,24060101.0,36.31947558701054,345.459548142953,30.138890075683598,34.566918784693684
2024-06-01 19:15:42+00:00,GER,GER,-20.005059222323002,-14.758962700093821,0.0,-9.267534149859529,-3.2077039590198924,2.83230190657455,-10.202565617515749,-11.031948231354399,2.70053974545614,-1.4755934813201717,-6.91992889108343,6.499197263682926,-1.0384318658877079,12.96419918528618,22.837361769227762,14.497118519015478,71.1949081420898,42.19394348144532,1.0,1.05535696792929,0.204820212721825,146.3359375,6164.25,301.573588310383,43.1127925872803,308.740819995179,3.6385391864388295,44.6462545,5.30448926085881,1808.8055133819603,1379.752349853516,1080.71434497833,1211.27068996429,1022.45545387268,-63.5675992,5.0,47.2223701477051,34.1338996887207,44.4049606323242,-460.720001220703,67.1931862831116,26.1899679899216,-1.25597891380089,2.87195175234803,2.1169644127228,9.234245173882716,11.4000072479248,460.818908691406,2.0,7.0,5.0,0.0,0.0,24060101.0,28.027852013876583,344.310655683043,30.135463714599602,36.56077651977539
2024-06-01 19:15:43+00:00,GER,GER,-19.97847544305442,-14.76095574929362,0.0,-9.300792048475609,-3.157754059911992,2.778645733379588,-10.214021125414298,-11.0340096678233,2.250700669266068,-1.2052098909165592,-8.815396031994824,6.501910983217533,-1.03897145083214,13.15302352149522,22.757120706858437,11.189435488896711,69.7167114257812,39.88129119873048,1.0,4.75752771212418,0.143933598697186,157.998046875,6175.912109375,312.56379981704,40.8442016601562,319.220666106675,6.14429713393711,44.6463225,3.64542478551848,1808.7328910827641,1800.4444837570202,1249.73344802856,1267.81189441681,1016.19362831116,-63.5677072,5.0,41.8663597106934,34.1338996887207,44.4049606323242,-461.720001220703,67.1815693378448,26.1686414480209,-1.2679788091206625,-1.60497311237352,2.30096138466989,13.93496611730254,12.4000110626221,461.818969726562,2.0,7.0,5.0,0.0,0.0,24060101.0,23.1340528924326,343.334430405352,30.109194374084453,37.043054351806646
2024-06-01 19:15:44+00:00,GER,GER,-10.055165097962373,-5.276427855540629,0.0,-3.365795864394555,-1.1865628288161028,2.091024421472146,-10.2154896160859,-11.02605847385575,4.601392703971501,2.2247378048858257,-8.273233971812608,5.6660518986305055,-0.21258775961462542,6.634959589121776,12.146189434057131,7.39620182388983,67.5587905883789,36.986214523315425,1.0,7.78710379537341,0.104300607740879,169.0234375,6186.9375,330.184977536,38.6708484649658,333.243399642548,9.659638234637033,44.6464034,0.231016154276019,1808.8418245315559,1852.5785446167,769.939482212067,1007.43460655212,627.659320831299,-63.5677801,5.0,39.393669128418,34.1338996887207,44.4049606323242,-462.720001220703,67.0305848121643,26.0910868644714,-2.5959565078707953,-0.72398783238604,2.95995041551059,12.327593452751879,13.4000148773193,462.819030761719,2.0,7.0,5.0,0.0,0.0,24060101.0,16.40684709491384,342.503005138064,30.158462905883802,34.74944618225097
2024-06-01 19:15:45+00:00,GER,GER,13.162996963721273,11.325384598665021,0.0,6.868552549656054,1.9390198955148363,-2.047658568592042,-10.22973568314725,-10.915034175784001,1.6645683058065401,4.399799713307259,-11.21625106771028,3.4692072282813036,1.956567857447872,-10.900528433468137,-15.210655788445413,-5.0108585319776235,64.4414131164551,32.44847785949706,1.0,6.47075900267729,0.0797253035008907,169.0234375,6186.9375,341.692398287367,34.3329963684082,346.0307022217275,10.612422132342399,44.646485,0.691262101555834,1808.769178390504,1852.696442604066,678.553521633148,865.932941436768,408.627271652222,-63.5678211,5.0,39.393669128418,34.1338996887207,44.4049606323242,-463.720001220703,66.7479693889618,25.776994228363,-0.5794903246568065,2.65295561043332,0.501991583239257,15.968332216235561,14.4000186920166,463.819091796875,2.0,7.0,5.0,0.0,0.0,24060101.0,-11.66778270746536,341.794796483404,30.1975862503052,32.61069450378417
2024-06-01 19:15:46+00:00,GER,GER,13.162996963721273,11.325384598665021,0.0,6.868552549656054,1.9390198955148363,-2.047658568592042,-10.22973568314725,-10.915034175784001,1.6645683058065401,4.399799713307259,-11.21625106771028,3.4692072282813036,1.956567857447872,-10.900528433468137,-15.210655788445413,-5.0108585319776235,58.5586738586426,32.44847785949706,1.0,6.47075900267729,0.0797253035008907,169.0234375,6186.9375,357.26708740645,30.2699810028076,346.0307022217275,10.612422132342399,44.646485,1.7406008190527,1808.85994434357,1852.81443595886,860.1154088974,979.797601699829,455.490052700043,-63.5678211,5.0,39.393669128418,34.1338996887207,44.4049606323242,-463.720001220703,66.7286098003387,38.9631032943726,-0.5794903246568065,0.6659888008012,-0.517991301370012,15.968332216235561,14.4000186920166,463.819091796875,2.0,7.0,5.0,0.0,0.0,24060101.0,-11.66778270746536,341.191417572125,30.1975862503052,32.61069450378417
2024-06-01 19:15:47+00:00,GER,GER,20.21371603731555,11.507193007247299,0.0,2.2171312713351474,-7.751731099435568,-18.049740499752627,-10.2464790381239,-10.7727937787712,1.7285458553327473,7.506304046423613,-9.00452183567836,-0.846188487724564,6.267764926770865,-19.83649834983405,-38.26345482952085,-30.429242365668202,52.1560718536377,26.864108133316023,1.0,353.139084996635,0.0928322330117226,196.07421875,6213.98828125,357.26708740645,30.2699810028076,21.5086396492272,8.884101118299398,44.6466348,1.7406008190527,1605.9013903141024,1852.6896834373501,842.121005058289,941.14339351654,505.353689193726,-63.5678065,5.0,39.3342590332031,34.1338996887207,44.4049606323242,-465.619995117188,66.7286098003387,38.9631032943726,0.786986829247593,0.464992235061886,-1.25297888661009,10.598572301630277,16.4000263214111,465.819213867188,2.0,7.0,5.0,0.0,0.0,24060101.0,-56.953788526245205,340.677186289893,30.0201107025146,16.657268142700197
2024-06-01 19:15:48+00:00,GER,GER,20.22805157985504,13.648305468403318,0.0,6.5713711896235285,-0.8644471615232316,-7.6456399908692445,-10.24824122692975,-10.774118835470201,2.9437649589230945,7.334770419475818,-4.545340628481745,-1.095725136160042,6.434093608061653,-20.09951698194022,-27.873691229214778,-30.30568526811104,49.7732196807861,26.998587913513198,1.0,349.070313987302,0.120636910200119,203.55859375,6221.47265625,27.1929672557746,26.8567897796631,27.20004418552845,7.99006628165493,44.646689,-1.14886247111018,1031.9293975830085,1852.632951736452,765.470921993256,791.805922985077,353.796243667603,-63.5677695,5.0,42.7420082092285,34.1338996887207,44.4049606323242,-466.619995117188,80.4568350315094,56.5155029296875,-0.40749316798820656,-1.55697385125955,0.928984381018895,4.653121611226098,17.4000301361084,466.819274902344,2.0,7.0,5.0,0.0,0.0,24060101.0,-56.0644562321556,340.238797428205,29.942998695373497,13.938805274963377
2024-06-01 19:15:49+00:00,GER,GER,20.18914340724804,12.9533180109194,0.0,5.34195643430564,-2.8718058424318818,-11.387648261629398,-10.24633218905675,-10.7747066586256,4.3436681941797195,6.28121946028478,-3.7415535082274802,-1.0756428218633,6.424380993684531,-20.57138708943028,-31.57679235189634,-31.624190449641663,49.9333557128906,27.310316047668458,1.0,346.954485306972,0.147415401041508,211.0703125,6228.984375,32.219822560364,27.3874774932861,31.5074696884248,6.544290172583348,44.6467469,-2.04230702999997,376.44924949854624,1852.660179138188,518.931686878204,563.193202018738,216.251060366631,-63.5677199,5.0,49.110668182373,34.1338996887207,44.4049606323242,-467.720001220703,80.4607033729553,56.525194644928,-0.4779919927029115,0.768987039628788,-1.50297480256825,4.8621182281298605,18.4000339508057,467.8193359375,2.0,7.0,5.0,0.0,0.0,24060101.0,-59.89255869589432,339.288144378766,29.0524186134338,13.985586110283327
2024-06-01 19:15:50+00:00,GER,GER,20.17685692145958,13.183497093496161,0.0,5.6440887423354145,-2.5512424730320924,-10.645839174366154,-7.277883524114755,-10.7730874769055,5.009546751458846,7.021140512506702,-5.02813873982303,-1.188537994126068,6.28543684596517,-20.93873549507052,-30.822696095825716,-32.898989250673345,48.3904460906982,28.11940967559814,1.0,345.479874785923,0.174111212790012,218.669921875,6236.583984375,36.9222472944722,27.7278373718262,36.83088497658685,6.3054942087271,44.6468023,-1.90660995421204,0.0,1852.63297557831,414.415925741196,428.289532661438,184.52824652195,-63.5676625,5.0,54.8728713989258,34.1338996887207,44.4049606323242,-468.720001220703,80.4703831672668,56.5484642982483,-0.365493894554762,0.621989575941624,0.0759987344922584,5.7999028596631526,19.4000377655029,468.819396972656,2.0,7.0,5.0,0.0,0.0,24060101.0,-63.051088153031834,338.28899698622,28.2892430305481,13.31690301028167
2024-06-01 19:15:51+00:00,GER,GER,20.19733143802506,12.2505825575958,0.0,3.902496628046394,-5.044351431789844,-14.35265011429538,2.050139789554522,-10.762338893586,5.003385067053848,6.0620777926520715,-2.74601341605845,-1.304147099366854,6.18399368112904,-19.52579611807532,-34.5499818938299,-32.73491717850696,49.5530673980713,29.89216461181642,1.0,344.686698577987,0.193695402145386,226.51953125,6244.43359375,43.43087798855,29.3038948059082,41.76829895399485,6.2356955664477285,44.6468558,-2.6744566190537,0.0,1852.6329755783122,471.452683210373,475.760608911514,173.339143395424,-63.5675943,5.0,60.7970886230469,34.1338996887207,44.4049606323242,-469.720001220703,80.4800629615784,56.5523386001587,-0.6854885106339106,0.957983976852594,2.61895578251864,3.646538832060794,20.4000415802002,469.819458007812,2.0,7.0,5.0,0.0,0.0,24060101.0,-64.09218929953585,337.729932342276,28.865317153930647,12.109932127865882
2024-06-01 19:15:52+00:00,GER,GER,20.22190509262094,13.861305429934362,0.0,7.300628011362218,0.23885188603007598,-6.0154224352903345,6.434224961137126,-10.75438727273165,5.003384981676485,6.174374469588811,-3.433697352262845,-1.30333296216213,6.18480297316832,-17.87444113338328,-26.23732782673204,-34.21592963586507,50.5306617736816,30.825199127197283,1.0,344.099903366013,0.21335811316967,234.86328125,6252.77734375,46.4053195041584,30.6761558532715,45.59423454021935,6.0248991093203035,44.6469084,-2.23465924429269,0.0,1852.741813659668,398.654699325562,433.739185333252,127.764999866486,-63.5675174,5.0,67.4860534667969,34.1338996887207,44.4049606323242,-470.720001220703,80.4800629615784,56.560093164444,-0.2664955318990105,1.35997710833122,0.157997349943337,5.277911458005724,21.4000453948975,470.819519042969,2.0,7.0,5.0,0.0,0.0,24060101.0,-68.10565353508389,337.843586690065,29.110921669006352,11.791227550506619
2024-06-01 19:15:53+00:00,GER,GER,20.47628080335134,16.0255051684568,0.0,10.693126964556372,5.068382513233524,-1.027756792479167,6.434959419916315,-10.74039861842465,5.004109920879516,6.740216710246102,-4.511718595405535,-1.29600568463093,6.200990777633342,-21.490332010175898,-21.504037126255003,-35.219103424926935,50.5843299865723,31.66054458618164,1.0,343.698616091897,0.227095395326614,243.44140625,6261.35546875,52.4737445062288,31.2493125915527,51.6866335062765,6.8296858704482855,44.6469568,-2.65214964811126,0.0,1852.614855766294,489.389479160309,495.812445878983,131.469950079918,-63.567432,5.0,76.0609817504883,34.1338996887207,44.4049606323242,-471.720001220703,80.4781258106232,56.5581560134888,-0.5904900775108475,-0.712988132892851,0.782986792993198,5.812902502578342,22.4000492095947,471.819580078125,2.0,7.0,5.0,0.0,0.0,24060101.0,-70.73408518054752,337.859869861046,29.2843048095703,11.04196100234986
2024-06-01 19:15:54+00:00,GER,GER,22.32163433405818,17.435853854699822,0.0,10.974774596114255,3.8743908104903584,-3.2435382796961023,6.43613421245356,-10.69004006056095,5.003022640141014,7.387829719514687,-1.384301866564868,-1.28949248027143,6.223652662280528,-24.462312950135843,-25.565173008624576,-37.126452192163796,50.3995914459228,33.107842941284176,1.0,343.739597226917,0.232102409005165,252.26953125,6270.18359375,58.3804750249829,32.6248626708984,56.2370592105953,7.911867445847454,44.6470002,-3.22978856461617,0.0,1852.6964902877821,422.865480184555,499.72328543663,151.020541787148,-63.5673365,5.0,83.5860595703125,34.1338996887207,44.4049606323242,-472.619995117188,80.4820001125336,56.5678477287292,-0.4554923757413245,-0.252995756385973,0.261995571154096,2.6375557109777397,23.400053024292,472.819641113281,2.0,7.0,5.0,0.0,0.0,24060101.0,-76.11139475937452,338.129798937045,29.29228191375735,7.940183258056644
2024-06-01 19:15:55+00:00,GER,GER,22.60827415088044,15.434937984513478,0.0,7.087711036629597,-1.802287373720894,-11.67306530383548,6.4351062689834695,-10.6308470798927,5.003022469386286,7.503397203290222,-0.4701897822366415,-1.296819907213016,6.223113248090824,-24.61718680654696,-34.2813389424517,-37.92261455880414,49.7806594848633,34.29367149353026,1.0,344.306093116678,0.23832041323185,261.5,6279.4140625,60.998698269713,33.8859317779541,58.684018876981995,7.919067319006295,44.6470415,-3.25055554134418,0.0,1852.6692628860499,639.562010765076,716.52102470398,303.325355052948,-63.5672337,5.0,93.6179122924805,34.1338996887207,44.4049606323242,-473.619995117188,80.4781258106232,56.565910577774,-0.06849885244449055,0.862985490368678,-0.0449992472633877,2.290961518149484,24.4000568389893,473.819702148438,2.0,7.0,5.0,0.0,0.0,24060101.0,-80.56876801549785,338.447675941018,29.048327064514147,4.164933637210304
2024-06-01 19:15:56+00:00,GER,GER,22.658246546923923,15.533681004816,0.0,7.592373650721162,-1.05041536875347,-9.800898883702088,6.4359873633864,-10.59432947349525,5.002660127850815,7.710182887959647,0.617287764430436,-1.297905480404224,6.223652833035255,-23.467456282426276,-32.45914487567312,-38.43259882941015,48.9292945861816,35.53880424499512,1.0,345.105498457136,0.244662496447563,271.0546875,6288.96875,62.76842760442,35.0339550018311,60.7844830467739,6.421692545849848,44.6470816,-2.71489304648746,0.0,1852.7418375015263,738.697588443756,694.112718105316,384.53009724617,-63.5671255,5.0,104.877197265625,34.1338996887207,44.4049606323242,-474.720001220703,80.4820001125336,56.5697908401489,-0.288495157669012,-1.05198242759248,-2.3399606976136,1.0763819177006069,25.4000606536865,474.819763183594,2.0,7.0,5.0,0.0,0.0,24060101.0,-84.14824339722107,338.418879863477,28.77440700531005,0.8175276022690992
2024-06-01 19:15:57+00:00,GER,GER,22.70823021277952,17.653290877870422,0.0,11.8986575728751,5.474188213618172,-1.458429162575078,6.4359873633864,-10.5564868103988,5.003384981676485,7.754882719473339,0.488051820813709,-1.294920239505768,6.223113248090824,-22.716355064306683,-24.16665933266592,-38.011715742564796,49.4697120666504,36.600585479736324,1.0,345.765813825336,0.249826526641846,280.96484375,6298.87890625,64.1331472119128,36.3913089752197,61.5064681929901,6.098297602801732,44.6471209,-3.27076116189978,0.0,1852.660179138184,657.629549503326,649.816632270813,365.112632513046,-63.5670118,5.0,114.125801086426,34.1338996887207,44.4049606323242,-475.720001220703,80.4820001125336,56.575608253479,-0.3764936940995495,0.325994550398821,0.843985825088407,1.3077780386018047,26.4000644683838,475.81982421875,2.0,7.0,5.0,0.0,0.0,24060101.0,-84.50604422293004,338.169632600285,28.653358268737797,0.6808473551273349
2024-06-01 19:15:58+00:00,GER,GER,22.68948441709296,17.540297009374157,0.0,11.50507833799158,4.729469892655326,-2.79146100387587,6.435840514319246,-10.54603277898725,5.002297530183254,7.754519865673681,0.7486256053827449,-1.2894924802714303,6.223922540130108,-23.92902748917634,-25.480945164836758,-38.096811703396156,50.1740558624268,37.19024436950682,1.0,346.282503975669,0.251477614045143,291.146484375,6309.060546875,66.3908730722496,36.9730728149414,63.0769438341349,7.136680419393464,44.6471585,-4.00002387467663,0.0,1852.623891830448,756.534457206726,696.521103382111,444.166332483292,-63.566894,5.0,121.482398986816,34.1338996887207,44.4049606323242,-476.720001220703,80.4858684539795,56.5736651420593,0.5534907426736905,1.20098001612855,1.1089814234333,1.6139728257560262,27.4000682830811,476.819885253906,2.0,7.0,5.0,0.0,0.0,24060101.0,-85.1004892467746,338.062972366206,28.54856672286985,1.9801763391494762
2024-06-01 19:15:59+00:00,GER,GER,22.622848408531397,14.50452227332102,0.0,4.985898672872876,-5.038088703273814,-15.395303933552501,6.43539996711778,-10.5335160304464,5.001935103270419,7.715634061936235,2.06042650801181,-1.29926229748285,6.223113248090824,-28.8216767482735,-38.01815319585754,-38.207758564198194,49.749520111084,37.40104179382324,1.0,346.752011179216,0.247262817621231,301.486328125,6319.400390625,67.2829504193667,37.4326480865478,64.29142318554946,5.900500959344227,44.6471947,-3.16159424839547,0.0,1852.5694847106963,1073.70007038116,1014.0266418457,647.822201251984,-63.5667737,5.0,133.158798217773,34.1338996887207,44.4049606323242,-477.720001220703,80.4800629615784,56.5794825553894,1.644972567782965,1.54897399219418,-1.04498255091028,-0.2597957219689084,28.4000720977783,477.819946289062,2.0,7.0,5.0,0.0,0.0,24060101.0,-87.76675877420227,338.108925878942,28.346791648864752,1.2122935652732858
2024-06-01 19:16:00+00:00,GER,GER,22.664493437938802,14.36661272850618,0.0,5.068402747668937,-4.786511961376592,-15.28714430219604,6.4359873633864,-10.55913735068355,5.001935103270419,6.852877265510877,-1.6406729103395898,-1.0102394703478579,6.481038010491337,-24.22771336912828,-37.95163739862534,-38.44790528334016,47.1206428527832,37.652082824707044,1.0,347.21009830647,0.242884808778763,311.869140625,6329.783203125,66.1091209387974,37.2832408905029,65.44839917434169,2.196363184701396,44.6472312,-2.20501942494601,0.0,1852.6238918304457,1565.26112556458,1363.82031440735,1114.21036720276,-63.5666535,5.0,143.848098754883,34.1338996887207,44.4049606323242,-478.619995117188,80.4878056049347,56.5833628177643,1.052482325402578,-1.58697332275472,-3.25394544960662,4.496724622630064,29.4000759124756,478.820007324219,2.0,7.0,5.0,0.0,0.0,24060101.0,-91.81596265760129,337.780994836511,27.758748435974148,-4.7220720215847605
2024-06-01 19:16:01+00:00,GER,GER,22.706146663573218,15.029675540299959,0.0,6.38398921861246,-2.7871003976663205,-12.272652947860859,6.434812570849161,-10.5451491232634,5.0015725909802216,7.721811797285783,0.9860845940600085,-0.4978683954724762,6.702000862688868,-21.058134031951518,-34.978799611434084,-35.63465350006836,47.4781929016113,40.28067924499512,1.0,347.501802025543,0.239393216371536,322.369140625,6340.283203125,71.3764603738737,39.0265892028809,69.1838398767054,0.22699621275596976,44.6472632,-2.91236192624217,0.0,1852.6874065399202,1298.29430580139,1249.43995475769,1154.53171730042,-63.5665256,5.0,153.26530456543,34.1338996887207,44.4049606323242,-479.619995117188,80.4936110973358,56.5969347953796,-2.556457097013795,-5.45790811622199,-4.46892489893447,0.4697921398289412,30.4000797271728,479.820068359375,2.0,7.0,5.0,0.0,0.0,24060101.0,-91.83143850022269,337.307935934596,26.045866584777798,-3.199575095910295
2024-06-01 19:16:02+00:00,GER,GER,22.164020205752042,13.49509851965912,0.0,5.055823033321658,-4.498844414527656,-14.319801514765299,6.43642791058787,-10.4712311085182,5.001210164067388,7.7025506638263455,2.28842900139912,-0.47588641880456856,6.71333223189928,-17.962177645347758,-36.4838208667437,-32.91885827096892,50.1103179931641,43.07811424255372,1.0,347.812903481859,0.234973901510239,333.646484375,6351.560546875,71.8978633547342,42.3115699768066,68.04935911594465,-1.1459807929550085,44.6472958,-3.60687135586152,0.0,1852.5876283645662,671.648263931274,781.605958938599,818.103730678558,-63.5663868,5.0,163.485504150391,34.1338996887207,44.4049606323242,-480.619995117188,80.495548248291,56.60080909729,-3.4429424401912803,0.833986001256685,-0.805986441167011,-1.9043679873056636,31.4000835418701,480.820129394531,2.0,7.0,5.0,0.0,0.0,24060101.0,-90.66298984268163,337.346540163785,25.406378173828152,-1.325190982818604
2024-06-01 19:16:03+00:00,GER,GER,20.33460970260586,11.85277406957822,0.0,3.3318067033143697,-5.959691293314194,-15.624649562295758,6.435253118050625,-10.4847783618501,5.001210078690022,5.780428197414789,2.85055533099932,-0.8973440739695088,6.553883344027355,-13.84618800148964,-35.95925892339214,-32.87781839632198,51.9071491241455,44.26983489990234,1.0,348.07400795345,0.222538509964943,345.65625,6363.5703125,69.2405782581407,43.9394073486328,66.2373850612211,-2.668755246710076,44.6473341,-2.54839736707147,0.0,1852.533173561098,606.086194515228,679.376900196076,719.135403633118,-63.5662435,5.0,177.816696166992,34.1338996887207,44.4049606323242,-481.720001220703,80.5032908916474,56.6046893596649,-1.49997485541874,2.40795949966931,-0.809986424060553,-2.64115569024584,32.4000778198242,481.820190429688,2.0,7.0,5.0,0.0,0.0,24060101.0,-89.67019589210143,337.301023783156,26.067377471923848,-0.029459108000523145
2024-06-01 19:16:04+00:00,GER,GER,20.318189244822243,13.086437544069318,0.0,5.688460169816072,-2.0151960028161224,-9.912453332519473,6.435987363386405,-10.493171383679599,5.001210164067388,3.50179205444337,3.38063286554908,-1.06397325156726,6.416017000159026,-12.132273606642181,-30.23064266271904,-31.312289861193022,53.9964603424072,45.49880744934082,1.0,348.454886622327,0.209677612781525,357.982421875,6375.896484375,68.3172049842467,44.870972442627,63.91492949812,-3.67613826791401,44.6473749,-4.3131731070829,0.0,1852.5422573089622,939.152002334595,801.249504089356,992.649435997009,-63.5660975,5.0,188.065505981445,34.1338996887207,44.4049606323242,-482.720001220703,80.5536210536957,50.5923211574554,-1.2349793104347,0.4769919702991,0.0939984240594642,-1.7855700801848058,33.4000625610352,482.820251464844,2.0,7.0,5.0,0.0,0.0,24060101.0,-85.72899369193432,337.140705582957,25.2550106048584,3.8382331877946867
2024-06-01 19:16:05+00:00,GER,GER,20.33256201189268,14.90455125583776,0.0,9.481128337848377,3.721976457174589,-2.179865052192259,6.436574759655025,-10.4884594069259,5.001210164067388,3.9186334195360546,3.63910664709281,-1.06234508387952,6.4564865540102705,-11.29915769678054,-22.512427472295442,-26.881412274898018,57.0601558685303,46.875635375976536,1.0,348.983597905599,0.197067502140999,370.662109375,6388.576171875,66.6999186416252,46.5313774108887,61.3619721260039,-3.3913430717431603,44.6474203,-4.70180062557287,0.0,1852.605748176578,910.147130489349,789.316952228546,966.624677181244,-63.5659484,5.0,199.862701416016,34.1338996887207,44.4049606323242,-483.720001220703,80.5478155612946,43.0560141801834,-2.16546366502835,-0.795986617335289,0.821986212658619,-3.6971381114040383,34.4000473022461,483.8203125,2.0,7.0,5.0,0.0,0.0,24060101.0,-78.1236504511303,337.346184993948,23.3654076576233,12.968017497429468
2024-06-01 19:16:06+00:00,GER,GER,20.1062425838386,15.637152906590376,0.0,11.049066392961777,6.141094693023044,1.0474031859603898,6.435987363386404,-10.4874284752481,5.001300792139937,4.500376105793375,2.9241052625812447,-1.0568495243455,6.4650531266776845,-11.227347136903775,-19.0588386241458,-23.571485698391626,57.8940902709961,47.07455949783325,1.0,349.699893504237,0.180614295601845,383.701171875,6401.615234375,62.0820482343471,47.1780223846436,57.546531125439145,-2.0932149645245874,44.6474683,-3.82651743296444,0.0,1852.4515926837926,740.829467773438,652.60374546051,846.316039562225,-63.5658164,5.0,213.550796508789,34.1338996887207,44.4049606323242,-484.720001220703,80.5555582046509,35.5798125267029,-1.69147164187877,2.05296554019978,4.2659282617071,-3.420442623126495,35.400032043457,484.820373535156,2.0,7.0,5.0,0.0,0.0,24060101.0,-72.39899091904343,338.199139017499,21.113726234436,17.98348789215086
2024-06-01 19:16:07+00:00,GER,GER,20.05508830893655,14.624186333806025,0.0,8.88384242488458,2.392229787454185,-4.821177818112713,6.43628106152071,-10.4897840367381,5.001300792139937,2.70690380623181,3.46206579592855,-1.03344267950328,6.465727607858225,-13.5366308936339,-24.876266127049302,-22.831231503692948,58.1111869812012,46.64040040969847,1.0,350.433510462609,0.168008007109165,396.75390625,6414.66796875,62.0820482343471,47.1780223846436,53.4401035756643,-0.4337427255567962,44.6475398,-3.82651743296444,0.0,1852.5604009628319,951.054155826569,811.837315559387,895.741164684296,-63.565647,5.0,225.798797607422,34.1338996887207,44.4049606323242,-485.720001220703,80.5555582046509,35.5798125267029,-0.396993326284473,2.05296554019978,4.2659282617071,-3.415942595680515,36.400016784668,485.820434570312,2.0,7.0,5.0,0.0,0.0,24060101.0,-69.97057180115874,338.199139017499,19.9450401306152,17.98348789215086
2024-06-01 19:16:08+00:00,GER,GER,20.066341045594164,14.587386982105281,0.0,8.979268235750617,2.941103746467728,-3.9155005398298157,6.43716215592365,-10.488606255993101,5.0015725909802216,3.172170668259186,3.516700905986305,-1.030864549895864,6.4651204253853525,-14.113594176363858,-23.981841585423982,-22.27293986640838,58.1307289123535,46.71050468444826,1.0,350.834196680079,0.156762309372425,409.7109375,6427.625,56.2074674160162,46.599303817749,51.04264399774,-1.038182595999516,44.6475979,-4.51727410052169,0.0,1852.551341056826,1151.8542766571,1059.32152271271,1054.09896373749,-63.5655246,5.0,238.764999389648,34.1338996887207,44.4049606323242,-486.619995117188,80.5439412593842,22.0485880970955,-0.974483712855359,-0.170997120924575,0.550990773375547,-3.112347816083396,37.4000015258789,486.820495605469,2.0,7.0,5.0,0.0,0.0,24060101.0,-67.2686220485258,339.850296268215,20.015629863739,20.11042350769042
2024-06-01 19:16:09+00:00,GER,GER,20.09908053285228,16.05387196860822,0.0,11.688398395503233,7.143612463759473,2.4608806804765573,6.436868457789335,-10.4869866473861,5.001935188647783,3.540677602048722,1.5114358794954876,-1.0300503913468,6.465390303234932,-14.97760883750224,-17.638199745654,-21.04610401976636,59.102222442627,47.33958183288574,1.0,351.341597773141,0.143096306920052,422.69921875,6440.61328125,53.5823217745623,47.1999813079834,48.55118564891065,-0.531191082835107,44.6476673,-4.98032762907635,0.0,1852.6057720184363,1098.64318370819,997.040152549744,1062.39056587219,-63.5653916,5.0,254.033294677734,34.1338996887207,44.4049606323242,-487.720001220703,80.5516839027405,18.389980494976,-1.45497564817599,-0.416993000628343,1.43397591140767,-0.35439408743350903,38.3999862670898,487.820556640625,2.0,7.0,5.0,0.0,0.0,24060101.0,-64.54106659971345,340.356030795119,19.724764251708997,21.634573268890396
2024-06-01 19:16:10+00:00,GER,GER,20.05508660138925,14.177118436116949,0.0,7.813575687605681,0.710846612674821,-6.73485509712501,6.43686845778934,-10.4891957866958,5.00084765177719,3.345157930217085,1.57185021671525,-1.03208571301427,6.46471577936571,-16.2440664407648,-26.789941698514298,-20.5638093360556,60.6928985595703,47.699086761474604,1.0,351.341597773141,0.143096306920052,422.69921875,6440.61328125,52.1612975026465,47.6387477874756,48.803183770791,-0.15499737611339348,44.6477401,-3.49212054926731,0.0,1852.564930915835,1095.47817707062,1065.77777862549,1038.01393508911,-63.56526,5.0,254.033294677734,34.1338996887207,44.4049606323242,-487.720001220703,80.5439412593842,18.3628365397453,-0.93298441727329,1.99996647389165,2.17496381783361,-0.3004949529371842,38.3999862670898,487.820556640625,2.0,7.0,5.0,0.0,0.0,24060101.0,-62.10843325511085,340.968316273076,20.268807220459,26.68869552612305
2024-06-01 19:16:11+00:00,GER,GER,20.08885027551338,14.77631530794444,0.0,9.424112736110107,3.715858923205764,-1.743360386232116,6.437309004990805,-10.4718197854473,5.001210164067388,4.082898316480437,2.867366454259125,-1.031678665756248,6.464580840440921,-15.430405470980299,-21.83220995738226,-20.73684022584682,61.7932205200195,48.515167007446294,1.0,346.605899772491,0.0942729949951172,449.119140625,6467.033203125,52.658094727022,48.0153865814209,48.0361928005863,-1.7127712773125061,44.6478135,-4.44951264753964,0.0,1852.5240898132338,1253.8275718689,1136.34777069092,1198.71091842651,-63.5651272,5.0,276.634887695312,34.1338996887207,44.4049606323242,-489.720001220703,53.7030577659607,18.34926456213,-1.9024680314498048,-2.53795742292511,-2.49095825091601,-1.2955782561951465,40.3999557495117,489.820678710938,2.0,7.0,5.0,0.0,0.0,24060101.0,-61.26911502121868,341.773458972437,21.03256731033325,24.275556564331055
2024-06-01 19:16:12+00:00,GER,GER,20.092940534297902,14.967984588697522,0.0,9.550518449437995,3.4040051752473106,-3.2553042943976562,6.43716215592365,-10.45680062634925,5.001935017893054,3.567933941507164,2.93618626639741,-1.0308644858628402,6.464580840440919,-15.02262063790628,-23.34824420970962,-20.60705023916254,64.0426300048828,49.33077964782714,1.0,341.779988633283,0.0757022045552731,462.630859375,6480.544921875,51.4831587558072,49.320874786377,46.641218870165005,-2.290761607050218,44.6478897,-4.70501038759596,0.0,1852.478766441346,916.888415813446,962.960243225098,1060.67955493927,-63.5649927,5.0,288.347290039062,34.1338996887207,44.4049606323242,-490.720001220703,36.5602016448975,18.3376312255859,-1.4389759300452356,2.55495733688245,-0.10599821265753,-1.1563805883956604,41.3999404907227,490.820739746094,2.0,7.0,5.0,0.0,0.0,24060101.0,-59.979646339887644,342.506174345839,21.2725413322449,27.771913833618147
2024-06-01 19:16:13+00:00,GER,GER,20.1011271990371,14.888091182957,0.0,9.61493413425511,4.03245403974267,-2.28731893557643,6.43774955219227,-10.4721143373552,5.00084765177719,3.30881577430392,3.64278406363063,-1.03140722976976,6.46404108474176,-14.7334710680735,-22.388444853953,-20.3128067142468,64.0426300048828,49.3262718200684,1.0,341.779988633283,0.0757022045552731,462.630859375,6480.544921875,51.4831587558072,49.320874786377,45.7122363034151,-3.2549456454332,44.6479362,-4.70501038759596,0.0,1852.45156288147,916.888415813446,962.960243225098,1060.67955493927,-63.564912,5.0,288.347290039062,34.1338996887207,44.4049606323242,-490.720001220703,36.5602016448975,18.3376312255859,-1.06598207423519,2.55495733688245,-0.10599821265753,-1.75097054031666,41.3999404907227,490.820739746094,2.0,7.0,5.0,0.0,0.0,24060101.0,-60.4956753279091,342.506174345839,20.324684715271,27.771913833618147
2024-06-01 19:16:14+00:00,GER,GER,20.1011271990371,16.1775574737218,0.0,12.0131168584578,7.2130588390324,2.00090605178935,6.43774955219227,-10.4721143373552,5.00266021322818,2.36756127860621,3.64278406363063,-1.03140722976976,6.46404108474176,-14.8479108876171,-18.1002198665872,-18.8189845786098,63.5459930419922,49.1996990203857,1.0,341.779988633283,0.0757022045552731,462.630859375,6480.544921875,49.1949087800696,49.4385555267334,45.7122363034151,-1.58497346471008,44.6480805,-3.95823677733449,0.0,1852.4968624115,1049.70228672028,954.257965087891,1122.55668640137,-63.5646759,5.0,288.347290039062,34.1338996887207,44.4049606323242,-490.720001220703,36.4866435527802,18.3221206068993,-1.71597115690563,1.68997172166486,3.46394175007278,0.927984398635723,41.3999404907227,490.820739746094,2.0,7.0,5.0,0.0,0.0,24060101.0,-57.7734487926872,343.52124973953,20.1791072845459,29.2378807067871
2024-06-01 19:16:15+00:00,GER,GER,20.09703318364858,14.89028947934128,0.0,9.54125432235724,3.4101634872464017,-3.489491481389726,6.4383371619043,-10.4703474527943,5.00084765177719,3.181983003398188,1.6937315273595401,-1.031678687100588,6.464580840440919,-15.6608092667807,-23.58652423815144,-18.754932772120675,62.9582107543945,49.39275901794434,1.0,328.178404561633,0.0884033694863319,503.755859375,6521.669921875,49.1444814934274,49.2279476165772,45.69723550045045,-1.1147813212556987,44.6481286,-3.61233892229212,0.0,1852.496910095216,1118.03555488586,1051.04625225067,1148.60928058624,-63.5645974,5.0,327.12939453125,34.1338996887207,44.4049606323242,-493.619995117188,36.4789009094238,18.3124259114265,-1.432476044554615,-0.55399066716421,2.12196432463866,0.17319710884798017,44.3998947143555,493.820922851562,2.0,7.0,5.0,0.0,0.0,24060101.0,-58.17144391562382,344.128726764311,19.98015260696415,26.947950897216778
2024-06-01 19:16:16+00:00,GER,GER,20.10317249918404,14.720744376593,0.0,9.205918671847382,3.327043414764566,-3.4122245395171342,6.43745585405796,-10.46769733939635,5.0004850541096255,3.35787774881972,1.0638364076600266,-1.03140722976976,6.464310791836612,-15.56048437466644,-23.515396014172797,-18.92460594091594,63.1710639953613,49.70464508056639,1.0,326.39638088642,0.101060009747744,517.484375,6535.3984375,49.8680546586256,49.5619251251221,46.03822757212146,-1.432575978759908,44.6482084,-4.29251135795679,0.0,1852.4515628814702,1127.3205280304,1042.9995059967,1090.86310863495,-63.5644652,5.0,342.544708251953,34.1338996887207,44.4049606323242,-494.720001220703,36.4730924367905,18.3085486292839,-1.6619720548534849,-0.277995342645704,-0.75498733962523,1.6183729910338651,45.3998794555664,494.820983886719,2.0,7.0,5.0,0.0,0.0,24060101.0,-59.30736994441296,344.613315025545,19.996884441375748,24.41488231658934
2024-06-01 19:16:17+00:00,GER,GER,20.1011271990371,14.778505237347058,0.0,9.243082072630884,3.3059081200855616,-2.8601673281522273,6.437749552192271,-10.4616598790569,5.00084765177719,4.284596193237124,0.9466813744779705,-1.033306940165696,6.464310962591339,-15.43689073559722,-22.96129350266088,-18.12756418741992,64.0186454772949,50.45919845581055,1.0,325.02037097623,0.109699807316065,531.306640625,6549.220703125,50.694664642548,50.3454219818115,47.90819505554025,-1.9423674672765903,44.6482879,-3.32497770942746,0.0,1852.4878263473518,970.94464302063,921.849608421326,999.182760715485,-63.5643301,5.0,355.842498779297,34.1338996887207,44.4049606323242,-495.720001220703,36.4750295877457,18.3085486292839,-1.709971315967455,0.68298855467598,-0.640989241221896,1.526374368990144,46.3998641967773,495.821044921875,2.0,7.0,5.0,0.0,0.0,24060101.0,-58.371412729992095,345.01173362021,20.143901252746602,27.352484607696535
2024-06-01 19:16:18+00:00,GER,GER,20.13796309224986,16.119971807319963,0.0,12.07167872964674,7.80291192669795,3.757486973523286,6.437015306856495,-10.47491258048085,5.00084765177719,3.1394628560033815,0.2579455191052765,-1.0335783548078399,6.465390303234932,-14.5538027712016,-16.38047590528316,-18.55402788032664,63.7963439941406,50.2745182800293,1.0,323.396998935058,0.117377811670303,545.32421875,6563.23828125,51.80012734462,50.3275554656982,50.1151606575129,-3.10234794956299,44.6483649,-2.80622975116346,0.0,1852.478766441346,1068.24195384979,1016.12818241119,1057.99448490143,-63.5641913,5.0,369.822692871094,34.1338996887207,44.4049606323242,-496.720001220703,36.4769637584686,18.3046713471413,-0.9904834043056885,-0.069998826853012,-3.17694659265895,3.1993462834193744,47.3998489379883,496.821105957031,2.0,7.0,5.0,0.0,0.0,24060101.0,-59.55485911691272,345.714040991427,20.2158076286316,24.481249694824204
2024-06-01 19:16:19+00:00,GER,GER,20.13591779210288,16.97370003281356,0.0,13.705951240469862,10.127062913505767,6.217153609219214,6.437309004990805,-10.47270344117115,5.00084765177719,3.3658728267526783,1.45574607217003,-1.0314072724584442,6.46404108474176,-14.39816598266018,-13.918763371798718,-18.4943190496213,64.1657249450684,50.61315399169922,1.0,321.898400789644,0.124726501107216,559.294921875,6577.208984375,55.4862370057033,50.4687812805176,52.022627587022356,-2.610356232844136,44.648437,-3.42838591968781,0.0,1852.469682693482,1129.62758541107,1022.99475669861,1141.52312278748,-63.564047,5.0,380.666412353516,34.1338996887207,44.4049606323242,-497.720001220703,36.4789009094238,18.3027312159538,-1.808969678623205,-0.480991953192641,1.86196869157048,-0.6001899279719586,48.3998336791992,497.821166992188,2.0,7.0,5.0,0.0,0.0,24060101.0,-57.74166109228992,346.573715921122,20.39834547042845,27.567429869515585
2024-06-01 19:16:20+00:00,GER,GER,20.1011271990371,15.7590311436495,0.0,11.19752226211928,6.008567443995888,0.11152555391553465,6.43819031283714,-10.47137838447215,5.00084765177719,3.4930693052317094,1.878130946859135,-1.0314072724584442,6.464580840440919,-15.40408465399474,-19.98960011366504,-18.95339348072024,65.3166526794434,50.226562271118134,1.0,320.345598262976,0.132227902114391,573.349609375,6591.263671875,54.2171093107395,50.4724479675293,50.628150552863204,-1.91556793940758,44.6485102,-3.20558792372634,0.0,1852.505970001222,1072.10230827332,986.651420593262,1062.13080883026,-63.5639036,5.0,393.034484863281,34.1338996887207,44.4049606323242,-498.720001220703,36.4769637584686,18.3027312159538,-1.462475516049785,0.961983906385283,1.68297173826095,-1.7619704692615155,49.3998184204102,498.821228027344,2.0,7.0,5.0,0.0,0.0,24060101.0,-57.72632185345189,347.68575268027,21.727726364135748,27.69816680635724
2024-06-01 19:16:21+00:00,GER,GER,20.099078483795523,15.3571639864724,0.0,10.49401926628768,4.93761516916773,-0.9495451904211407,6.4376027031251155,-10.4718197854473,5.0004850541096255,3.823417594298312,0.463359699788334,-1.032764238947456,6.46404108474176,-15.349916472744098,-21.048623335041704,-19.86296396683004,65.8618766784668,50.062455368041995,1.0,319.540100393778,0.133432817459106,587.283203125,6605.197265625,52.2126024685971,49.8116992950439,50.212157881463554,-1.8969681817032122,44.6485855,-2.71728467991403,0.0,1852.5422811508201,1151.48377418518,1053.7668466568,1159.17384624481,-63.5637645,5.0,396.674896240234,34.1338996887207,44.4049606323242,-499.619995117188,36.4730924367905,18.2949766516686,-1.92746764438996,-2.28596143547889,-1.27197865861207,1.433375986010789,50.3998031616211,499.8212890625,2.0,7.0,5.0,0.0,0.0,24060101.0,-57.613954996321446,348.374345031634,23.6267869949341,26.16382000262921
2024-06-01 19:16:22+00:00,GER,GER,20.08066463530262,14.737096190975482,0.0,9.246579983259569,3.121352097154905,-2.841600205945487,6.4383371619043,-10.4690223960953,5.00084765177719,3.2266833044873864,1.062783571352065,-1.032221473696192,6.46377120689218,-15.86985130444246,-22.922264777215084,-20.66984938895788,68.0007568359375,50.8103427886963,1.0,318.574694135732,0.13278770595789,601.208984375,6619.123046875,54.1110774540642,50.6047096252441,51.49263393573335,-1.741570812636546,44.6486593,-3.11084039333357,0.0,1852.5059700012218,1004.37211990356,958.19103717804,1015.8783197403,-63.563622,5.0,381.135498046875,34.1338996887207,44.4049606323242,-500.720001220703,36.4789009094238,18.2988539338112,-1.7279711055862599,2.1569639214931,-0.0909984835800543,0.9637838426584796,51.399787902832,500.821350097656,2.0,7.0,5.0,0.0,0.0,24060101.0,-58.31494209197227,349.083318667481,24.64166107177735,28.76503099294808
2024-06-01 19:16:23+00:00,GER,GER,20.066341728613082,13.86047043930832,0.0,7.11369299085496,-0.3767249000050187,-8.368699440464512,6.438190312837145,-10.461218051195,4.351643336498038,3.778353713701862,0.8599995771234721,-1.0316786444119042,6.46404108474176,-17.536846056296,-28.435041254454962,-21.0575746394585,69.5627311706543,52.299633636474596,1.0,317.117404974418,0.131222704052925,615.345703125,6633.259765625,55.7718277054691,51.6431201934814,52.726615184775596,0.16759718348983202,44.6487315,-3.85246830982908,0.0,1852.57856845856,1029.91330623627,947.766363620758,1039.74485397339,-63.5634734,5.0,370.447692871094,34.1338996887207,44.4049606323242,-501.720001220703,36.4750295877457,18.2930380105972,-2.25346222146921,-0.717987938087006,1.01598284835487,1.6171728627636681,52.399772644043,501.821411132812,2.0,7.0,5.0,0.0,0.0,24060101.0,-57.826175121004,349.68653365422,25.811755657196052,27.31148594447543
2024-06-01 19:16:24+00:00,GER,GER,20.0602024130776,13.26717715611255,0.0,6.130483247095487,-1.8286504418297773,-10.090831193213747,0.9125179688687599,-10.4267623081532,-0.6815021280877493,3.80669985253106,2.309968376472725,-1.0320857663751202,6.46269169549386,-18.30587600872265,-30.151034246621624,-21.295952681114873,71.9729393005371,53.583836174011225,1.0,315.548182672986,0.129104308784008,629.921875,6647.8359375,57.0351463245438,53.2453559875488,53.414104460588604,0.917984628164854,44.6487963,-3.69652441890711,0.0,1852.533197402956,1012.71522045136,1021.52860164642,929.326295852661,-63.5633339,5.0,360.891204833984,34.1338996887207,44.4049606323242,-502.720001220703,36.4808350801468,18.2969152927399,-1.47647526941419,0.232996108722529,-1.44697568238891,-0.2799953074120492,53.3997573852539,502.821472167969,2.0,7.0,5.0,0.0,0.0,24060101.0,-58.420308688222406,350.521592582146,26.4400980949402,27.83710799217223
2024-06-01 19:16:25+00:00,GER,GER,20.0474175796118,13.190496116404699,0.0,6.04553383651051,-1.7830695212492376,-9.842458407678816,-10.8365843305245,-10.4108603471049,-1.0512332145374739,3.00263594953285,5.19992504108143,-1.03106806818879,6.463029469692657,-18.048388122296927,-29.88987598729065,-22.593076894599776,73.0392517089844,54.94745407104492,1.0,313.610676571507,0.126089304685593,644.8671875,6662.78125,57.8399133635006,54.3636096954346,52.315123608039,0.6334893800182113,44.6488829,-4.80663591848293,52.82578244805325,1852.485567331315,1205.2435874939,1195.99211215973,1111.10091209412,-63.5631411,5.0,345.758209228516,34.1338996887207,44.4049606323242,-503.720001220703,36.4789009094238,18.2969152927399,-1.26697874669621,0.267995518813982,0.501991583239257,-1.9022180358540148,54.3997421264648,503.821533203125,2.0,7.0,5.0,0.0,0.0,24060101.0,-59.61908884982967,351.15488772199,26.2310737609863,27.901725711822518
2024-06-01 19:16:26+00:00,GER,GER,20.065319078539602,13.178131553016275,0.0,6.0042788535934,-1.850239762661685,-9.993028860714697,-10.8539142279961,-10.4196951967963,-0.6185212238903792,1.6697971037647925,5.3790695905100545,-1.03072879988611,6.463703737429785,-17.335528962585524,-30.058348579584553,-23.47767006193375,74.0861938476562,55.83533306121827,1.0,311.611206993877,0.12280550301075,660.1328125,6678.046875,57.948322126007,55.5616928100586,50.4251556231831,-0.9477341515887363,44.6489496,-6.69455527347464,1171.102032065392,1852.45156288147,1435.00149250031,1403.30564975739,1328.5186290741,-63.562993,5.0,335.275695800781,34.1338996887207,44.4049606323242,-504.720001220703,36.482772231102,18.2969152927399,-1.59347326160619,2.88195157617975,2.74395400730199,-2.4959582161927276,55.3997268676758,504.821594238281,2.0,7.0,5.0,0.0,0.0,24060101.0,-60.39337616961525,351.371677926246,26.1553204536438,25.399482536315922
2024-06-01 19:16:27+00:00,GER,GER,20.09089489264148,13.206319999853019,0.0,6.051842754180806,-1.7965021608052119,-9.89976395094732,-10.8508303975859,-10.42072527470055,1.8650204734524913,2.736431151572772,4.85529589367739,-0.6780667010167604,6.106831582660204,-14.99210403571358,-29.99065986811714,-20.479142311104106,75.1439231872558,56.63985397338867,1.0,310.220225309026,0.120254212617874,675.65234375,6693.56640625,54.5119651621144,56.2855133056641,47.10521069595685,-1.3275777431494669,44.6490306,-6.4271158014282,1773.9652633667,1852.478766441346,1327.44979858398,1289.27850723267,1297.93274402618,-63.562832,5.0,322.770294189453,34.1338996887207,44.4049606323242,-505.619995117188,36.4866435527802,18.2949766516686,-3.072448540339165,-0.785986793503568,0.91298466288814,-7.060481377597601,56.3997116088867,505.821655273438,2.0,7.0,5.0,0.0,0.0,24060101.0,-54.48546402813472,351.110081681034,26.086906528472902,30.309824981689438
2024-06-01 19:16:28+00:00,GER,GER,19.377169494188543,12.603238884821904,0.0,5.840566903151012,-1.6026895453462342,-9.401315016075813,-10.8484808125114,-10.299246518330449,3.682864723586004,2.8963359118831122,10.88843016207999,1.3461786214317457,4.087682565173254,-15.16376274050054,-28.778483998000176,-17.34126119884646,79.2576919555664,55.268237686157214,1.0,309.574499224893,0.117249400913715,691.412109375,6709.326171875,45.2001599458663,57.0594966888428,34.5194226029549,-0.46539219866668635,44.6491292,-5.50826838163296,1808.5421323776238,1852.50599384308,859.078884124756,1028.83577346802,1014.93430137634,-63.5626921,5.0,308.381195068359,34.1338996887207,44.4049606323242,-506.619995117188,36.5214854478836,18.2969152927399,-2.30896129709612,1.59197323467058,-1.83296920245849,-24.2813925088343,57.3996963500976,506.821716308594,2.0,7.0,5.0,0.0,0.0,24060101.0,-43.01480130582356,351.00527925841,26.135496139526353,43.45223800114222
2024-06-01 19:16:29+00:00,GER,GER,0.38982777482622416,-3.2284836676474127,0.0,-1.1465829274912,-0.129367699566643,2.4034298782943195,-10.8498024541158,-10.326634723128599,4.266459565047164,0.8284821814626367,17.07023929258035,3.442340423048968,2.013764373821746,6.145160640602923,2.0136015805317315,-14.310790104683878,74.4975631713867,48.681801452636705,1.0,309.285309015434,0.112899702787399,706.630859375,6724.544921875,19.9094259871496,51.6831962585449,186.1743764903374,-4.086931287053234,44.6492471,-6.11747856691578,1805.6448698043837,1852.487874031068,1183.02941322327,1069.6302652359,1152.0961523056,-63.5626194,5.0,297.419891357422,34.1338996887207,44.4049606323242,-507.720001220703,36.5156799554825,18.2949766516686,-0.9994832190738125,-0.00699988251854854,-6.27389459466413,-34.53702092686088,58.3996810913086,507.82177734375,2.0,7.0,5.0,0.0,0.0,24060101.0,-25.09601679142387,350.945310197497,26.2130750656128,37.2601643195519
2024-06-01 19:16:30+00:00,GER,GER,-19.096308358913582,-13.473946789837418,0.0,-6.157667570746867,1.725728722465232,9.672173851575494,-10.84833396344425,-10.3167689417593,3.7379617678750643,0.4650634004303549,20.12725694148055,5.552613897083455,-0.04045838108916311,34.203314276468056,28.768482893508,4.930635322482173,68.4788887023926,41.8090518951416,1.0,309.757302407839,0.108370504528284,719.927734375,6737.841796875,350.958342198433,43.5224075317383,327.7679921547855,-2.069965283402384,44.6493565,-12.9809042912035,1807.6792716979962,1852.4243354797356,1347.21434116364,1234.45749282837,1380.08677959442,-63.5626364,5.0,295.958892822266,34.1338996887207,44.4049606323242,-508.720001220703,36.0433608293533,17.9789438843727,-1.19597989076928,0.509991442304634,3.58393984949685,-40.95331292751138,59.3996658325195,508.821838378906,2.0,7.0,5.0,0.0,0.0,24060101.0,28.413658151975135,350.894111099478,26.5855012893677,39.83616897583006
2024-06-01 19:16:31+00:00,GER,GER,-20.019382470521982,-12.07889431224068,0.0,-3.142944651654502,6.403461959870123,15.19491813613538,-10.6767941893262,-10.3403283986408,4.075794492856802,0.4218165285784784,8.76706134455957,6.513581215188144,-1.085646018100928,34.42494435277014,35.214300435902615,24.712497998300982,59.4712051391602,42.09951599121094,1.0,310.823085125928,0.105411209911108,731.4765625,6749.390625,301.824829988813,41.2058338165283,292.4150832749615,-3.53414072681488,44.6494197,-3.55939044207253,1805.19983768463,1852.351784706114,1394.39713954926,1245.14758586884,1376.32417678833,-63.5627462,5.0,294.569610595703,34.1338996887207,44.4049606323242,-509.720001220703,36.416956782341,49.9156594276428,-1.123481141308867,0.0679988554165611,-1.78397006568305,-19.633870372067165,60.3996505737305,509.821899414062,2.0,7.0,5.0,0.0,0.0,24060101.0,66.76979557494796,350.85031592652,27.1942820549011,21.727670402526844
2024-06-01 19:16:32+00:00,GER,GER,-20.0132448625338,-13.796621660192281,0.0,-7.34863672801932,-0.47514301407839216,5.828190346910885,-10.3873230883382,-10.36594929199115,3.687939468761958,1.324549098533264,-2.924631720755865,6.441664189737692,-1.07566365394027,34.29601018878892,25.841435377531376,30.2892033386249,55.9761280059814,43.94515525817872,1.0,311.872584673035,0.105220605432987,743.234375,6761.1484375,279.854160485633,43.5440093994141,282.578763926686,-2.4057596878367216,44.6494441,2.11956714168339,1804.6548843383778,1669.850730895996,1131.82723522186,979.570209980011,1105.68141937256,-63.5628939,5.0,303.550415039062,34.1338996887207,44.4049606323242,-510.720001220703,48.9430904388428,53.7894785404205,-1.26447873737743,1.74097060976323,1.62097272378257,2.034965835958336,61.3996353149414,510.821960449219,2.0,7.0,5.0,0.0,0.0,24060101.0,80.199280736119,351.021453146364,27.1370304107666,6.491233170032499
2024-06-01 19:16:33+00:00,GER,GER,-20.176940932786362,-18.04462929844198,0.0,-15.86863655529856,-13.372175092902221,-12.196653945230329,-10.31785536872415,-10.3761100521552,5.832379555392919,2.765141680994188,-3.5303621380999797,6.457404616812084,-1.03465472858801,34.4714845787557,7.9802874144428575,28.92656830486688,58.4409004211426,46.48530212402344,1.0,312.888998783803,0.106428504735231,755.482421875,6773.396484375,282.60432249456,45.3620956420898,285.7452259655255,-1.617172854759542,44.6494684,1.96244653723348,1804.5277118682839,1219.6035861968999,880.78373670578,793.9692735672,891.19154214859,-63.5630493,5.0,316.951690673828,34.1338996887207,44.4049606323242,-511.619995117188,70.6387937068939,53.8049876689911,-3.244945501436365,-3.49594118633429,1.60097296939742,5.3597098888831605,62.3996200561524,511.822021484375,2.0,7.0,5.0,0.0,0.0,24060101.0,78.76098906296254,352.797029123001,27.370929336547853,10.28412237167357
2024-06-01 19:16:34+00:00,GER,GER,-20.189225711027557,-18.47319498206578,0.0,-16.65124714360674,-14.688030331789559,-12.07966979484358,-10.265130577199901,-10.37728697912655,5.9715722366207,4.114879481985914,-4.094589337839334,6.4755876902884015,-1.033575473321784,34.313557627785585,8.109555745429251,29.28136657941666,56.3251842498779,47.66571647644044,1.0,315.153507021986,0.109447304159403,768.462890625,6786.376953125,287.650848743959,47.7049987792969,291.95011131702404,-2.6037563491152,44.6495033,2.72902919019186,1804.455041885376,1107.4976563453688,357.183367013931,477.778911590576,519.66255903244,-63.5632087,5.0,328.759490966797,34.1338996887207,44.4049606323242,-512.619995117188,70.6504046916962,53.814685344696,-2.2809617903673,2.26996193079155,-1.31897783062116,5.918100649288058,63.3996047973633,512.821838378906,2.0,7.0,5.0,0.0,0.0,24060101.0,89.34816203500017,354.249591793409,25.045979404449447,1.112022142410278
2024-06-01 19:16:35+00:00,GER,GER,-20.205606212204497,-18.55016472533206,0.0,-16.955639475855502,-14.843772134489502,-14.07237919274208,-10.28143253120145,-10.376109198381549,3.919565228093572,4.997260436425099,-2.54743025497368,6.477758495161358,-1.03492456374891,34.36276640867986,6.133227489037952,26.689826151698078,55.2264003753662,47.82357421874998,1.0,318.757688563975,0.114621211588383,781.705078125,6799.619140625,294.279301446646,47.6771244049072,296.6860415441055,-2.7099545208967677,44.64955,1.82538385049836,1804.4459581375122,546.5596139431,850.921750068664,756.189823150635,895.292341709137,-63.5633636,5.0,343.645385742188,34.1338996887207,44.4049606323242,-513.719970703125,70.6620216369629,53.8166224956512,-0.799486609037245,0.264995571664466,0.0759987344922584,3.325144323354528,64.3995895385742,513.821594238281,2.0,7.0,5.0,0.0,0.0,24060101.0,81.08767387919775,356.76230910603,24.3116515159607,3.5588010817766165
2024-06-01 19:16:36+00:00,GER,GER,-20.238371654181442,-18.933371464187257,0.0,-17.513418165933363,-16.12227733767428,-14.195955841715733,-10.2858380032161,-9.44874709401222,4.008735354076154,5.002711695779048,-2.1865134542766897,6.479657800014808,-1.0351943562211239,32.97958001872816,6.042415983220453,23.3258756816873,61.8275184631348,48.333180541992206,1.0,322.447602640426,0.120142900943756,795.013671875,6812.927734375,297.308162494467,48.4946445465088,300.01747997215705,-2.181563381397424,44.6496048,1.8777814332727,1804.4095993042,55.363549292087576,946.897268295288,868.221461772919,1018.91720294952,-63.563515,5.0,354.106689453125,34.1338996887207,44.4049606323242,-514.719970703125,70.6620216369629,53.814685344696,-1.5199745564430351,-1.14898071876019,-0.622989558324797,3.376343378684262,65.3995742797852,514.821350097656,2.0,7.0,5.0,0.0,0.0,24060101.0,68.30867681004898,359.671805767915,25.56412982940675,16.688816070556637
2024-06-01 19:16:37+00:00,GER,GER,-20.33674447823094,-18.964622311715736,0.0,-17.590108895972122,-15.789509667537619,-15.432565176795858,-10.29509077510735,-2.818947056469921,5.14728963965793,4.999804596513561,0.984507228905768,6.477758495161358,-1.036543318582196,29.948854329264243,4.904179341455712,19.09647569854824,64.6618675231934,48.18206634521484,1.0,324.942588781962,0.12429950684309,808.4375,6826.3515625,302.795017379278,48.2886989593506,301.9919373970465,0.03199945760585082,44.6496677,-0.231780121606856,1804.418706893924,0.0,1022.81057834625,969.82753276825,998.830556869507,-63.5636603,5.0,366.318389892578,34.1338996887207,44.4049606323242,-515.719970703125,70.6620216369629,53.8108050823212,-2.03446586611109,-0.229996161573013,3.53994062463728,-1.8789685201504507,66.3995590209961,515.821105957031,2.0,7.0,5.0,0.0,0.0,24060101.0,57.6156283926681,0.851636223928203,25.7563081741333,27.068828364780977
2024-06-01 19:16:38+00:00,GER,GER,-20.127812748124278,-16.45273076896542,0.0,-12.141792670533691,-7.696482659734684,-2.391403419941978,-10.29509077510735,5.97023100091112,5.610903499856627,5.000167962577406,-0.28106408027222973,6.477758409783993,-1.0368131110544139,24.37643800622964,17.736409498937043,18.65481927436122,66.9667304992676,48.328413162231435,1.0,326.445011833311,0.12693080753088,821.8359375,6839.75,300.012780802008,48.7089637756348,300.79094425414803,1.6773719222925536,44.6497305,0.351264489419723,1804.482293128968,0.0,763.969659805298,838.426947593689,830.342829227448,-63.5638063,5.0,375.242401123047,34.1338996887207,44.4049606323242,-516.719970703125,70.6600844860077,53.7797868251801,-1.963467063545015,1.1089814234333,1.89196816306564,-0.07039880246400365,67.399543762207,516.820861816406,2.0,7.0,5.0,0.0,0.0,24060101.0,55.55206500288608,0.494600784948774,25.99394073486325,28.742305667583732
2024-06-01 19:16:39+00:00,GER,GER,-20.15032744219488,-16.269059127466242,0.0,-12.32432196289422,-7.999565196488396,-4.450510089946218,-10.29964352307595,6.4049040262473245,5.531519711605516,4.999077864385875,1.2209153773044754,6.482371092662594,-1.036273526109984,19.57190672516206,15.69981647713064,18.59667353244744,66.2722915649414,47.68274047851564,1.0,328.083902064277,0.130278714001179,835.234375,6853.1484375,301.272759458579,47.6760223388672,298.89247951396453,4.035132498425692,44.6497916,-1.58711825083117,1804.44595813751,0.0,910.861611366272,947.860598564148,776.234924793244,-63.5639517,5.0,387.568603515625,34.1338996887207,44.4049606323242,-517.619995117188,70.6639587879181,53.7584602832794,-1.0319827265681907,0.286995184094253,2.397959889281,-2.364560394973727,68.399528503418,517.820617675781,2.0,7.0,5.0,0.0,0.0,24060101.0,52.839970370278934,359.879416197927,26.8417634010315,28.2385992050171
2024-06-01 19:16:40+00:00,GER,GER,-20.14828043450062,-16.91964181760858,0.0,-13.565193848280561,-9.887712252911571,-6.211811590203299,-10.30874944590005,6.4051985781552805,2.710689406562778,5.000167962577406,-2.106135414598005,6.4783007268040915,-1.0368131110544119,15.585233906633439,13.936467734391579,19.63774018649618,67.7752075195312,47.1244393157959,1.0,329.385490233271,0.133339409530163,848.474609375,6866.388671875,295.670419735281,47.5380168914795,297.6030217609365,4.834918963439672,44.6498435,2.13617197188593,1804.4732093811042,0.0,1219.69604492188,1296.93007469177,981.758415699005,-63.5641025,5.0,399.005493164062,34.1338996887207,44.4049606323242,-518.619995117188,70.6600844860077,45.0879275798798,-0.235996045866886,0.650989065053618,-0.273995386432589,-0.6845885131488418,69.3995132446289,518.820373535156,2.0,7.0,5.0,0.0,0.0,24060101.0,49.483026649828204,358.528432100855,25.6017820358276,32.19728988647462
2024-06-01 19:16:41+00:00,GER,GER,-20.15237684045534,-18.59333664352842,0.0,-16.819778987791658,-14.812333286004082,-13.264037830415308,-10.305665188603001,6.40563997913039,1.3426844780792653,4.999804596513561,-2.1355538397660396,6.475586836514749,-1.036273526109984,17.89613893682912,6.888339266172133,19.47617991639706,66.8854454040527,47.03746261596682,1.0,330.067908093626,0.135042209923267,861.55859375,6879.47265625,291.672628051803,47.2260395050049,296.7530047187285,3.2537454531299885,44.6498875,5.8668601432478,1804.49137687683,0.0,1452.89754867554,1494.30429935455,1101.78375244141,-63.5642572,5.0,410.163696289062,34.1338996887207,44.4049606323242,-519.619995117188,70.6639587879181,37.4178409576416,-0.45599236693291056,3.92193389500905,3.01194949943554,-1.0529823059219927,70.3994979858398,519.820129394531,2.0,7.0,5.0,0.0,0.0,24060101.0,49.41786732816522,356.785039975588,23.07055692672725,33.3268952178955
2024-06-01 19:16:42+00:00,GER,GER,-20.18718075239004,-19.20678188760614,0.0,-18.340252180060624,-17.1656899909482,-16.831952604704078,-10.2956781713759,6.40608244732256,2.5493854606566204,4.999804596513561,-1.319683821385333,6.47911445846633,-1.0349245210602258,19.26406600115608,3.3552283555327174,17.97228188569642,63.4199592590332,47.85413818359376,1.0,330.648802022157,0.13752100020647,874.62890625,6892.54296875,291.800598476092,47.3799854278564,296.861030990641,2.4115595216260957,44.6499319,4.68749479435628,1804.5186281204224,0.0,1362.56754398346,1364.26305770874,1176.25606060028,-63.5644125,5.0,424.773590087891,34.1338996887207,44.4049606323242,-520.719970703125,70.6581473350525,34.0287327766418,-2.17246343498885,-2.8049531461189,1.26197883478035,1.340977475067462,71.3994827270508,520.819885253906,2.0,7.0,5.0,0.0,0.0,24060101.0,51.718291433079514,355.245187487587,21.23810691833495,28.31566536426544
2024-06-01 19:16:43+00:00,GER,GER,-20.16977401529025,-17.790267162712503,0.0,-15.25718777551525,-12.691631479144826,-8.951718710422059,-10.29097857434015,6.406230363606776,3.9976795189657275,5.0000771210614445,-1.094834073949791,6.479793635401927,-1.03627352610998,20.388811351783424,11.21805573175504,16.1477902286584,63.4307807922363,48.659025764465326,1.0,331.102108016992,0.14041510373354,887.9453125,6905.859375,296.095175539386,48.3800296783447,297.698494145155,0.4602422853912857,44.6499809,1.61743735383515,1804.455041885375,0.0,827.171146869659,875.154972076416,834.531486034393,-63.5645589,5.0,422.685913085938,34.1338996887207,44.4049606323242,-521.719970703125,70.6600844860077,34.0132236480713,-2.78195333786253,1.33997756738948,0.000999983321155922,1.323227849131135,72.3994674682617,521.819641113281,2.0,7.0,5.0,0.0,0.0,24060101.0,52.961312437488246,354.320379873967,20.7949802398682,28.139546394348127
2024-06-01 19:16:44+00:00,GER,GER,-20.13054197788013,-16.7894496466187,0.0,-13.216614404051834,-9.124443166622077,-4.918917309314014,-10.27878924799265,6.406525128958145,4.12847554271126,4.999925718534843,-1.2240701109480154,6.480019173940143,-1.03672318023034,20.780764034034334,15.211624437335734,16.438355725165234,62.9115875244141,49.2652256011963,1.0,331.205298514973,0.142586512863636,901.5078125,6919.421875,297.477441902856,49.4142036437988,299.5869731487715,-0.838652603498439,44.6500283,1.80871968302741,1804.4247627258335,0.0,593.022286891937,642.159402370453,650.432884693146,-63.5646899,5.0,412.569488525391,34.1338996887207,44.4049606323242,-522.719970703125,70.6600844860077,34.0112835168838,-2.04796584172733,1.83396918484166,-2.74395400730199,1.8523022307737165,73.3994522094726,522.819396972656,2.0,7.0,5.0,0.0,0.0,24060101.0,56.065680657400804,353.905404900754,19.7102657318115,24.138877487182636
2024-06-01 19:16:45+00:00,GER,GER,-20.159541111253123,-15.635463288544475,0.0,-11.063805727747251,-6.294823574941519,-1.785624332163942,-10.2955317491956,6.40652491551473,3.467550811358045,5.00053132864125,0.371945821978846,6.4804721720072855,-1.0372852478807923,21.289541694805173,18.37391664568705,15.84458959366505,62.9115875244141,48.2058671951294,1.0,331.005173972292,0.143767704069614,915.125,6933.0390625,297.477441902856,49.4142036437988,298.93399340374,0.15774736101765052,44.650105,1.80871968302741,1804.4209778308875,0.0,593.022286891937,642.159402370453,650.432884693146,-63.5648854,5.0,405.357391357422,34.1338996887207,44.4049606323242,-523.719970703125,70.6600844860077,34.0112835168838,-1.19398003272464,1.83396918484166,-2.74395400730199,-2.543957370584995,74.3994369506836,523.819152832031,2.0,7.0,5.0,0.0,0.0,24060101.0,51.241292365786975,353.905404900754,22.3852975845337,24.138877487182636
2024-06-01 19:16:46+00:00,GER,GER,-20.191957900532035,-17.0508085427565,0.0,-13.672352800005399,-10.303709193179426,-6.4411122819936395,-10.2949434991534,6.40593581169882,4.572514962981466,4.999320108428437,3.17102076322373,6.480471958563874,-1.03762248847106,20.494030985129868,13.750846187720834,16.22446265948197,62.9115875244141,48.03337326049803,1.0,331.005173972292,0.143767704069614,915.125,6933.0390625,297.477441902856,49.4142036437988,297.156996747756,1.11464788354957,44.6501573,1.80871968302741,1804.5156002044669,0.0,593.022286891937,642.159402370453,650.432884693146,-63.5650316,5.0,405.357391357422,34.1338996887207,44.4049606323242,-523.719970703125,70.6600844860077,34.0112835168838,-1.742470850142255,1.83396918484166,-2.74395400730199,-2.8122862613274084,74.3994369506836,523.819152832031,2.0,7.0,5.0,0.0,0.0,24060101.0,44.75596314665396,353.905404900754,27.03576221466065,24.138877487182636
2024-06-01 19:16:47+00:00,GER,GER,-20.1544214575834,-16.1759335962466,0.0,-11.9469997735184,-7.67516126374514,-1.94257324806968,-10.2934750084818,6.40593581169882,3.76478618324586,5.00053132864125,-0.978205498942357,6.47911445846633,-1.03762248847106,20.5537928636378,18.21184735574,16.327587701483,70.3243515014648,47.7746452331543,1.0,331.005173972292,0.143767704069614,941.861328125,6959.775390625,293.209693822622,47.8717163085938,294.116059925483,1.26797872907938,44.6501832,1.03703861401873,1804.36420440674,0.0,862.571477890015,845.63285112381,722.666442394256,-63.5651142,5.0,387.247192382812,34.1338996887207,44.4049606323242,-525.619995117188,70.6581473350525,22.0796093344688,-0.46799212885055,1.13998087731164,1.35497730313707,0.574990350571679,76.3994064331055,525.818664550781,2.0,7.0,5.0,0.0,0.0,24060101.0,43.7349238594531,351.693270553127,27.3518199920654,36.1876705169678
2024-06-01 19:16:48+00:00,GER,GER,-20.1953667341103,-16.5473046417985,0.0,-12.8068352126584,-8.82840455415594,-6.63659642261202,-10.2934750084818,6.40593581169882,4.89754061369392,5.00053132864125,-0.978205498942357,6.48318567809848,-1.03762248847106,19.596323285407,13.5587707383851,18.2643305293224,70.3243515014648,46.6916919708252,1.0,331.005173972292,0.143767704069614,941.861328125,6959.775390625,293.209693822622,47.8717163085938,294.116059925483,2.63395573170964,44.6502557,1.03703861401873,1804.50046062469,0.0,862.571477890015,845.63285112381,722.666442394256,-63.5653589,5.0,387.247192382812,34.1338996887207,44.4049606323242,-525.619995117188,70.6581473350525,22.0796093344688,-1.64097247816772,1.13998087731164,1.35497730313707,-3.0489486341695,76.3994064331055,525.818664550781,2.0,7.0,5.0,0.0,0.0,24060101.0,45.3460220506865,351.693270553127,30.8873062133789,36.1876705169678
2024-06-01 19:16:49+00:00,GER,GER,-20.090464846855824,-14.1164637949663,0.0,-7.6526343393670855,-0.24145161611074228,7.127910979435516,-10.2867199513927,6.40534628099608,4.3492868785456995,5.000985536221057,-1.36591339649361,6.481150388447525,-1.03694800729052,22.780109672189525,27.218375559487075,20.081257324967826,70.3243515014648,47.434610652923595,1.0,329.42928540623,0.145859210193157,967.958984375,6985.873046875,293.209693822622,47.8717163085938,290.163128924473,0.8812351822017828,44.6502907,1.03703861401873,1804.3414652347576,0.0,862.571477890015,845.63285112381,722.666442394256,-63.5655,5.0,368.328094482422,34.1338996887207,44.4049606323242,-527.619995117188,70.6581473350525,22.0796093344688,-1.51797453831584,1.13998087731164,1.35497730313707,-0.28299524455640596,78.3993759155274,527.818176269531,2.0,7.0,5.0,0.0,0.0,24060101.0,46.9620994498249,351.693270553127,32.3542419433594,36.1876705169678
2024-06-01 19:16:50+00:00,GER,GER,-20.133956161773277,-14.186137274029102,0.0,-7.961516688565825,-1.4080749696291648,4.933764794097434,-10.290831725273001,6.405787895414605,4.214262320258916,5.000167962577406,-0.918314825122543,6.481829117151953,-1.037892280943276,21.54788728223594,25.067721110617157,20.1875021127905,74.6846740722656,47.49291389465331,1.0,328.987918582063,0.145900113880634,981.126953125,6999.041015625,289.48909853642,47.6010440826416,290.633114241262,2.718354543670144,44.6503259,1.20339139307068,1804.5640468597398,0.0,853.681862354279,821.480512619019,769.361972808838,-63.5656422,5.0,356.198791503906,34.1338996887207,44.4049606323242,-528.719970703125,70.6504046916962,22.0447093248367,-1.316477928024085,0.640989241221896,4.30392759226764,0.241395939396835,79.3993606567383,528.817932128906,2.0,7.0,5.0,0.0,0.0,24060101.0,46.96037482705946,346.328457488405,34.311147308349604,31.510084762573236
2024-06-01 19:16:51+00:00,GER,GER,-20.1339513806408,-14.428564593335,0.0,-7.88902217062105,-1.45685768545745,6.85912441265786,-10.2940624047504,6.40446305215903,4.56586961580586,5.00053132864125,-0.398217210806374,6.48047281233752,-1.03762248847106,20.7159159413245,26.9930766470724,20.246024539637,76.8869041442871,47.6516910552978,1.0,328.987918582063,0.145900113880634,981.126953125,6999.041015625,290.064910804208,47.7367046356201,290.554143594078,3.39094324954462,44.6503503,0.742678218162956,1804.40962314606,0.0,759.616732597351,822.621941566467,637.976765632629,-63.5657366,5.0,356.198791503906,34.1338996887207,44.4049606323242,-528.719970703125,70.6542789936066,22.0447093248367,-1.97096698477966,1.47297522435138,4.09293152286173,-0.695988325657219,79.3993606567383,528.817932128906,2.0,7.0,5.0,0.0,0.0,24060101.0,46.6230010481013,345.051184792856,35.6987445831299,32.6337753295898
2024-06-01 19:16:52+00:00,GER,GER,-20.093024317951667,-14.528631133543868,0.0,-8.494791648109484,-2.3151756219824926,5.408837618199283,-10.2858380032161,6.40682074808316,4.18647224420552,4.999925718534843,-1.75257221967703,6.404936896532703,-1.10776920715123,22.630226720382264,25.50186136696853,22.569963392152868,76.8869041442871,48.229808807373026,1.0,328.28640351279,0.145649300515652,981.126953125,6999.041015625,290.064910804208,47.7367046356201,288.984128990702,0.6903217810529331,44.6504026,0.742678218162956,1804.4550418853767,0.0,759.616732597351,822.621941566467,637.976765632629,-63.5659603,5.0,356.198791503906,34.1338996887207,44.4049606323242,-530.719970703125,70.6542789936066,22.0447093248367,-1.43397601812937,1.47297522435138,4.09293152286173,0.24832915414421833,81.3993301391602,530.817443847656,2.0,7.0,5.0,0.0,0.0,24060101.0,49.3422758032369,345.051184792856,36.2994083404541,32.6337753295898
2024-06-01 19:16:53+00:00,GER,GER,-20.02909132829505,-11.196056759655452,0.0,-1.5799768611670975,8.680189449166662,19.443891392378923,-10.2711522427269,6.40593581169882,4.221965055423228,5.00053132864125,-2.33046054480835,6.268793297127777,-1.24367883700318,23.4319355421382,39.4729814400135,23.78645693789452,76.8869041442871,49.35097303390503,1.0,327.869980539472,0.146280397474766,1020.98828125,7038.90234375,290.064910804208,47.7367046356201,289.282171125325,0.5774903182022968,44.6504412,0.742678218162956,1804.5231699943502,0.0,759.616732597351,822.621941566467,637.976765632629,-63.5661414,5.0,324.441802978516,34.1338996887207,44.4049606323242,-531.719970703125,70.6542789936066,22.0447093248367,-0.55699066767458,1.47297522435138,4.09293152286173,-0.32824447016710556,82.3993148803711,531.817199707031,2.0,7.0,5.0,0.0,0.0,24060101.0,53.4429910381359,345.051184792856,35.9949909210205,32.6337753295898
2024-06-01 19:16:54+00:00,GER,GER,-20.08688352254188,-12.39168384980978,0.0,-4.303034843854443,4.377641853932135,12.95873657074274,-10.26615852066995,6.4051985781552805,2.907516675422328,5.00053132864125,-3.5892009094267605,6.266622150745361,-1.2459046035546142,21.501348763797658,33.04561975177516,25.37302544387486,78.8038604736328,51.434065475463875,1.0,327.869980539472,0.146280397474766,1020.98828125,7038.90234375,285.214083134909,50.4222198486328,288.9951529160225,1.9201677303041222,44.6504715,3.66852149708371,1804.4005393981959,0.0,1106.07254505157,993.482351303101,948.621690273285,-63.5662953,5.0,324.441802978516,34.1338996887207,44.4049606323242,-531.719970703125,70.7007348537445,22.0350161194801,-1.0274828058439134,-1.31897783062116,1.06498219857372,1.2375792379505193,82.3993148803711,531.817199707031,2.0,7.0,5.0,0.0,0.0,24060101.0,55.327687141480894,342.98371385185,36.63211898803711,26.5998480606079
2024-06-01 19:16:55+00:00,GER,GER,-20.115533775543877,-13.306233031560339,0.0,-6.110510322547173,1.5232427005752665,9.090192983815196,-10.206090422014299,6.404904666577555,2.8480699959150764,4.999441230449718,-5.064912905201205,6.269607284922111,-1.23942949884408,21.055418348737522,29.20572667398172,24.679387290261502,80.7228149414062,53.80126281738281,1.0,327.319603896153,0.145575606822968,1049.068359375,7066.982421875,285.852897067602,53.3349185943603,291.8530816496745,2.11916450203182,44.6505075,4.8948969035983,1804.36420440674,0.0,1047.45137691498,1071.49434089661,1005.54251670837,-63.5664744,5.0,304.258911132812,34.1338996887207,44.4049606323242,-533.619995117188,70.6949293613434,22.0330774784088,-1.846469071353015,-1.37997686271637,-2.21196273912415,5.190712994193108,84.399284362793,533.816711425781,2.0,7.0,5.0,0.0,0.0,24060101.0,55.64363939814518,343.258833871618,35.55335083007815,26.9569037246704
2024-06-01 19:16:56+00:00,GER,GER,-20.164656496054622,-14.76693114028902,0.0,-9.05632899128764,-2.933022437396494,2.786509244793658,-10.2262108786487,6.405345427222435,2.2365640773305064,5.000167962577406,-3.88077154653256,6.293760797506662,-1.219734392240254,22.1799721125586,22.95116672268798,22.947480128083463,81.4186340332031,54.89417106628417,1.0,326.855806730752,0.145133095979691,1064.052734375,7081.966796875,291.253636927357,54.6885715484619,296.61901006759047,1.5601739016074077,44.650555,4.62465449267123,1804.4096231460578,0.0,1057.55007266998,1086.71152591705,1019.6875333786,-63.5666543,5.0,290.34521484375,34.1338996887207,44.4049606323242,-534.719970703125,70.6929922103882,22.0369547605515,-1.6514723465518801,-0.335994374230543,-2.51495804155556,3.1297474241732255,85.3992691040039,534.816467285156,2.0,7.0,5.0,0.0,0.0,24060101.0,53.07087447743605,343.995046301875,34.3437183380127,32.42274322509767
2024-06-01 19:16:57+00:00,GER,GER,-20.19127169419342,-14.76693079877956,0.0,-9.046549867943476,-2.771696143965146,3.672000325871406,-10.22297977228445,6.40564104634745,2.1981406773998677,4.999441230449719,-2.6031163603899703,6.2983740780268205,-1.21164044731906,22.89140120141254,23.86327257501772,21.7175891378257,82.9031272888184,56.20269630432131,1.0,326.714804305526,0.145638303458691,1079.330078125,7097.244140625,294.218102951683,55.7395099639893,299.16597394871053,0.5445908754510744,44.6506118,4.5532956644307,1804.355096817018,0.0,1220.67654132843,1161.11373901367,1098.72925281525,-63.5668331,5.0,282.665313720703,34.1338996887207,44.4049606323242,-535.719970703125,70.6987977027893,25.4241228103638,-2.194463154140345,-2.05996541688198,-2.15296377851699,2.205963015579848,86.3992538452148,535.816223144531,2.0,7.0,5.0,0.0,0.0,24060101.0,51.48744265045468,344.892615121085,34.5549373626709,36.07225012779238
2024-06-01 19:16:58+00:00,GER,GER,-20.17284657588838,-14.409442966489319,0.0,-8.304027196666697,-1.587734291205622,5.297097416695612,-10.192872298423,6.4049040262473245,3.261661300868572,4.999441230449718,-2.44183360941458,6.297017346325565,-1.211640490007742,22.76513695837786,25.469943437631116,20.21737736022014,84.9618209838867,57.52895210266114,1.0,326.38099930041,0.146432706713676,1094.98046875,7112.89453125,298.635705382307,57.1967124938965,301.75745700284,-0.4315927580968909,44.6506784,2.59045724509359,1804.3641805648822,0.0,916.215360164642,983.848094940186,931.32472038269,-63.5670102,5.0,269.524505615234,34.1338996887207,44.4049606323242,-536.719970703125,55.0387144088745,28.8209855556488,-2.7434540161104,1.11198137058282,0.488991812258019,2.6065562570994,87.3992385864258,536.815979003906,2.0,7.0,5.0,0.0,0.0,24060101.0,49.3339338655306,345.784774430472,35.63544101715085,38.42630722045901
2024-06-01 19:16:59+00:00,GER,GER,-20.1482804345006,-13.478239051466598,0.0,-6.589656118295842,0.5880307131537096,8.634570701077507,-10.1679053956857,6.405199431928925,3.3682310776296718,4.999804596513561,-2.4864895996515353,6.29593202926645,-1.212180074952172,22.7262277612425,28.78285053793656,19.74793606799894,86.8161964416504,58.25186416625978,1.0,325.806689674238,0.148499603569508,1110.982421875,7128.896484375,301.307429498806,58.1025077819824,303.8664145128645,-0.05059914994317334,44.650753,2.29357218720499,1804.2552232742298,0.0,785.284161567688,807.752311229706,853.478670120239,-63.5671851,5.0,261.527709960938,34.1338996887207,44.4049606323242,-537.719970703125,39.6593123674393,28.8927227258682,-1.942467380137545,0.270995465963499,0.496991671323396,1.814169704409578,88.3992233276367,537.815734863281,2.0,7.0,5.0,0.0,0.0,24060101.0,48.58208440018741,346.628931170372,36.3840974807739,39.98185935974122
2024-06-01 19:17:00+00:00,GER,GER,-20.215843641242,-15.3154031853586,0.0,-10.3039550799895,-5.75336246292287,-1.50216819991596,-10.1645270133675,6.40593581169882,2.9274530157699,5.00053132864125,-2.56896861619108,6.29457427303681,-1.21298951640184,22.8597398595149,18.7136750144392,19.8028767436447,89.5416984558106,58.9627578735352,1.0,325.806689674238,0.148499603569508,1127.1953125,7145.109375,303.100682005015,59.0857704162598,305.461851080331,0.764987216817805,44.6508003,2.49283826048506,1804.40962314606,0.0,863.723039627075,850.564658641815,845.768094062805,-63.5672892,5.0,251.023300170898,34.1338996887207,44.4049606323242,-538.619995117188,39.6438241004944,28.9198666810989,-1.76897043665717,1.27597858814476,1.80996960764553,3.16794696465381,89.3992080688476,538.815490722656,2.0,7.0,5.0,0.0,0.0,24060101.0,47.6395039513284,347.518522328631,37.560319519043,41.6179206848144
2024-06-01 19:17:01+00:00,GER,GER,-20.29164508065082,-16.20732548718146,0.0,-12.189363401310262,-8.023545990664305,-3.8532789572340262,-10.1839132246661,6.40564104634745,2.8107344743644935,5.000167962577406,-1.7420666950424648,6.296203273153864,-1.211100905063312,22.665956122949577,16.438366539631442,18.31143595346182,90.9688430786133,58.42411193847657,1.0,324.621405966431,0.156466703116894,1143.5234375,7161.4375,307.046454967774,58.5370239257812,309.702333045399,0.2839952476169076,44.6509211,2.27457166815107,1804.482293128968,0.0,1036.76640987396,1031.76617622375,970.75343132019,-63.5675233,5.0,241.673797607422,34.1338996887207,44.4049606323242,-539.619995117188,39.4638031721115,28.9237439632416,-2.0579655588373447,-3.54894025264241,-2.77795340832984,1.692571590483746,90.3991928100586,539.815246582031,2.0,7.0,5.0,0.0,0.0,24060101.0,42.9331368320312,348.266837854098,38.9448268890381,44.64447441101072
2024-06-01 19:17:02+00:00,GER,GER,-20.072609110195497,-16.08234600272962,0.0,-11.750020191440381,-7.490160382056089,-2.024824584522112,-10.1862632366274,6.40623121738042,3.1068814876245865,4.999441230449718,-1.0465007738967245,6.295660273114846,-1.211100926407652,22.52901185461916,18.04778552885742,17.503673193535082,92.1909278869629,58.008133163452136,1.0,323.903197914826,0.160549414157867,1159.763671875,7177.677734375,309.221924859937,58.7251991271973,311.1237773739485,-0.08279861373900127,44.6510131,1.76791015651023,1804.300689697266,0.0,830.339312553406,892.715334892273,906.102120876312,-63.567683,5.0,233.907501220703,34.1338996887207,44.4049606323242,-540.619995117188,39.4676744937897,28.9198666810989,-1.808969518540645,-0.298995026053172,-4.27692785447858,0.03399941170002561,91.3991775512695,540.815002441406,2.0,7.0,5.0,0.0,0.0,24060101.0,41.59711563037412,348.927125901541,39.17352447509765,45.18234322071077
2024-06-01 19:17:03+00:00,GER,GER,-20.01733409678988,-15.887354005700058,0.0,-11.55853037390772,-6.834047373120164,-2.191555286478578,-10.18244473399455,6.404756963736755,3.166691490507002,4.999077864385875,-1.453123492972155,6.297017004816104,-1.211370676191186,21.67796652743152,17.82577945064156,17.42649512949904,91.9025093078613,57.586880264282215,1.0,323.381972518884,0.166087706387043,1175.84375,7193.7578125,308.727583088568,57.668822479248,311.03478000906296,0.21719635855370326,44.6511046,2.08296458480812,1804.35507297516,0.0,991.064846515656,983.917534351349,954.154908657074,-63.5678401,5.0,223.289001464844,34.1338996887207,44.4049606323242,-541.719970703125,39.4676744937897,28.9218068122864,-1.75247056725227,-1.44197577047305,0.661988871268512,0.5753903328527789,92.3991622924805,541.814758300781,2.0,7.0,5.0,0.0,0.0,24060101.0,39.93391880520854,349.447094542676,39.66124534606935,46.21554725646971
2024-06-01 19:17:04+00:00,GER,GER,-20.00301767878008,-15.938818456567759,0.0,-11.480234378659315,-7.098077897751841,-2.624374342341942,-10.19757274923245,6.40578874918825,2.294198302108474,5.00053132864125,-1.4252805469857148,6.297288590212979,-1.211910303824298,21.401405679257998,17.3786436779476,17.54317559259984,92.1004829406738,57.08360755920408,1.0,323.07619861012,0.170924507081509,1191.8359375,7209.75,309.507809257837,57.4192302703857,311.3442695407345,1.0743819582703469,44.6511954,1.91951815796971,1804.300618171692,0.0,1131.99305534363,1072.36075401306,1029.8752784729,-63.5679965,5.0,217.264495849609,34.1338996887207,44.4049606323242,-542.719970703125,39.4657373428345,28.9237439632416,-1.4034765020817699,0.135997710833122,1.06698216334007,-0.020999654058999406,93.3991470336914,542.814514160156,2.0,7.0,5.0,0.0,0.0,24060101.0,39.47573810436252,349.66612504898,39.93076400756835,45.50239311218263
2024-06-01 19:17:05+00:00,GER,GER,-20.013240422910837,-15.56322737863712,0.0,-10.70849745150982,-5.92698962822864,0.0502045397659396,-10.17568882313175,6.405051515644709,3.14711719287412,4.999077864385875,-1.41477123373059,6.297017346325565,-1.211370676191186,21.170238609817837,20.063445045386082,17.326586195905218,92.4125564575195,57.81150329589843,1.0,322.820503648352,0.176459714770317,1207.701171875,7225.615234375,308.687175689438,57.778685760498,311.664782997727,-0.16879718369398003,44.6512859,2.84868279194967,1804.391431808474,0.0,929.397106170654,1031.63409233093,986.990034580231,-63.5681539,5.0,209.883605957031,34.1338996887207,44.4049606323242,-543.719970703125,39.4638031721115,28.9237439632416,-2.585956684039075,0.489991794641191,-0.559990614824096,1.1085814198078594,94.3991317749024,543.814270019531,2.0,7.0,5.0,0.0,0.0,24060101.0,40.001496013837745,349.821771399786,39.072908592224096,44.975104980468736
2024-06-01 19:17:06+00:00,GER,GER,-19.94985865797932,-14.505821546055898,0.0,-8.61318887925815,-2.1775683770714562,4.462670337296969,-10.17965417483175,6.4051985781552805,2.966963909882454,5.000167962577406,-1.1394881965568955,6.2964746877960085,-1.2111009477519938,22.19523041365496,24.41252872580398,17.3369701325004,89.6610237121582,57.65208480834961,1.0,323.043796192698,0.183517210185528,1223.76953125,7241.68359375,310.665253114587,57.976872253418,312.5347578526895,-1.4089763731727039,44.6513796,1.97044340809109,1804.3097496032701,0.0,811.692237854004,852.379381656647,879.793763160706,-63.568309,5.0,201.408996582031,34.1338996887207,44.4049606323242,-544.619995117188,39.4618660211563,28.9179295301437,-1.3309776725800835,3.68093792722114,1.52797436214756,-0.20379657510913418,95.3991165161133,544.814025878906,2.0,7.0,5.0,0.0,0.0,24060101.0,41.984457024243355,350.160439499592,36.7847431182861,41.8116450661107
2024-06-01 19:17:07+00:00,GER,GER,-19.95598704521214,-14.76615335249726,0.0,-9.143306327725876,-3.4462878671802586,2.3156759706917933,-10.19066870864205,6.4046101146696,2.110420066969548,4.999804596513561,-2.033110820612785,6.297831248742537,-1.211370676191186,21.954908841670218,22.27166262103358,18.19550476211296,88.0221794128418,57.617191543579096,1.0,322.85088432978,0.188816115260124,1239.767578125,7257.681640625,309.995839934412,57.3747253417969,312.3977442579395,0.2731954192023496,44.6514727,2.15770905244286,1804.246163368224,0.0,1267.54534244537,1072.72696495056,1139.01674747467,-63.5684635,5.0,194.144805908203,34.1338996887207,44.4049606323242,-545.619995117188,39.4618660211563,28.9198666810989,-1.2974782093829629,-2.0809650469286,2.46395872657037,0.9311843956227259,96.3991012573242,545.813781738281,2.0,7.0,5.0,0.0,0.0,24060101.0,42.8351707457468,350.796466715104,36.69277381896975,41.12084014892577
2024-06-01 19:17:08+00:00,GER,GER,-19.9989243464105,-15.531195498977041,0.0,-10.649514499158538,-5.184931409815424,-0.1928714594140526,-10.1831789793303,6.405935598255406,3.0187984716257743,4.999804596513561,-1.067515625126631,6.2978312487425345,-1.211370676191186,20.77695017023826,19.8060524400993,17.390033872162224,90.1693336486816,58.46245147705078,1.0,322.320807008674,0.194380009174347,1255.80078125,7273.71484375,310.578181863048,58.4783432006836,313.9037463284135,0.36899381421956623,44.6515678,2.83324592409521,1804.3006420135498,0.0,1124.19402599335,1173.68447780609,1104.63213920593,-63.5686184,5.0,186.469497680664,34.1338996887207,44.4049606323242,-546.619995117188,39.4618660211563,28.9159893989563,-2.73195421870392,-2.55895683952831,-2.72095441248903,1.364577048638155,97.3990859985352,546.813537597656,2.0,7.0,5.0,0.0,0.0,24060101.0,42.16075103691054,351.474267367579,37.00741710662845,42.74392387390135
2024-06-01 19:17:09+00:00,GER,GER,-19.98665527760442,-15.5212005416551,0.0,-10.612190930439,-5.075158231644906,0.43490732750515804,-10.181857337725951,6.405493130063235,3.2156260393060974,4.443410001582282,-0.9535152722272591,6.297017346325562,-1.21164044731906,20.639623069804898,20.42156210885362,16.31918247069038,89.7741622924805,58.67300582885741,1.0,322.895389842412,0.201616609096527,1272.0546875,7289.96875,312.965633506291,59.0223106384277,314.599223510461,-0.5801902696363452,44.651668,1.62089780514511,1804.273414611816,0.0,757.248103618622,875.350773334503,858.621895313263,-63.5687695,5.0,177.813003540039,34.1338996887207,44.4049606323242,-547.719970703125,39.4618660211563,28.9198666810989,-1.9854667293356552,1.89896825319126,0.299994981755918,0.6187896516587826,98.3990707397461,547.813293457031,2.0,7.0,5.0,0.0,0.0,24060101.0,41.36505858728508,352.172012172431,35.87996921539305,44.161558562058644
2024-06-01 19:17:10+00:00,GER,GER,-19.996879387773,-15.495215428467258,0.0,-10.572908463465481,-5.08286123361348,0.37366205108211414,-10.19037501050775,0.567147212331245,2.01327524689981,-0.5554169227207006,-1.517741511471265,6.2981028341394065,-1.21164044731906,20.84408751468488,20.370541278772542,16.23544230240928,87.773201751709,57.916936340332015,1.0,323.258209491123,0.208859807252884,1288.34375,7306.2578125,313.574312644366,58.353044128418,315.2892092204155,-0.7451875122701426,44.6517684,1.61573162081164,1804.327845573426,0.0,1077.89385318756,1014.99736309052,1014.06013965607,-63.5689184,5.0,170.558700561523,34.1338996887207,44.4049606323242,-548.719970703125,39.4696086645126,28.925684094429,-1.32997774355776,-0.624989523091141,0.628989399262977,0.579190277915024,99.399055480957,548.813049316406,2.0,7.0,5.0,0.0,0.0,24060101.0,40.5575908915305,352.736240439388,34.57399520874025,43.95483215332033
2024-06-01 19:17:11+00:00,GER,GER,-19.998927078486158,-15.47722710075966,0.0,-10.54148549516994,-5.2465630241494825,0.5535750928418974,-10.184207349687199,-8.80424702883526,3.3022592622762117,0.13689622088441614,-1.276605204640255,6.297831590251994,-1.21164044731906,19.30717166651754,20.552502640903576,15.390398662445321,86.9745025634766,57.29036819458008,1.0,323.382819462341,0.218506814539433,1304.412109375,7322.326171875,314.134060307226,57.7414215087891,316.3887057522475,-1.0535823567168765,44.6518688,1.82180013561822,1804.3733119964622,58.91958475112919,999.364137649536,996.188759803772,1017.81821250916,-63.5690641,5.0,163.078598022461,34.1338996887207,44.4049606323242,-549.719970703125,39.456057548523,28.9198666810989,-2.486458436913445,-1.46397548962454,-0.0569990425315605,2.060965399265154,100.399040222168,549.812805175781,2.0,7.0,5.0,0.0,0.0,24060101.0,39.09992675283116,353.181213603436,33.90412101745605,45.44183284214564
2024-06-01 19:17:12+00:00,GER,GER,-19.96825235741418,-15.4752261968423,0.0,-10.545413024697421,-5.238856777841048,0.18800711207898196,-10.19052271334855,-11.033420137120551,2.652329708973252,-1.0162321395874099,-1.319681980435905,6.297017346325565,-1.211910261135616,20.163556835598264,20.1562587784701,15.218324682156842,85.5743087768554,55.54916015624998,1.0,323.3345983268,0.227962124347687,1320.291015625,7338.205078125,316.520173233392,56.6543964385986,318.11164829114,-1.3729770073785041,44.6519709,1.41149754540575,1804.373288154602,926.6385316848758,838.569343090057,839.956700801849,851.666510105133,-63.5692023,5.0,158.036605834961,34.1338996887207,44.4049606323242,-550.719970703125,39.4696086645126,28.9237439632416,-1.3374775580707001,2.48595833900015,0.535991037627964,1.30437813051553,101.399024963379,550.812561035156,2.0,7.0,5.0,0.0,0.0,24060101.0,38.390097294280835,353.567091970785,33.44805450439455,44.53341532620517
2024-06-01 19:17:13+00:00,GER,GER,-19.96211953055844,-15.423273387448978,0.0,-10.41779213533884,-4.9403754620547415,0.96319939190894,-10.1946344872289,-11.03356741307455,3.059034475696082,-1.0071468460690411,-0.9524624625997266,6.2983740780268205,-1.21164044731906,19.272077130033622,20.9253186129744,14.70889058328844,83.3973403930664,53.36882240295411,1.0,323.189006014452,0.234342509508133,1335.662109375,7353.576171875,317.685102977473,54.5526363372803,319.1961457275545,-0.37859365310214677,44.6520718,1.39912807281885,1804.4005393981959,1459.72695350647,994.100451469421,918.307960033417,981.58198595047,-63.5693317,5.0,152.567596435547,34.1338996887207,44.4049606323242,-551.619995117188,39.4618660211563,28.9198666810989,-1.3664771539044,-2.01596619202241,-0.785986793503568,0.598389954346164,102.39900970459,551.812316894531,2.0,7.0,5.0,0.0,0.0,24060101.0,37.26036146593646,354.026463173603,33.1036657333374,43.23428489685059
2024-06-01 19:17:14+00:00,GER,GER,-19.929413852736737,-15.421275215607281,0.0,-10.378532549499079,-4.905730095886132,0.7200985092292227,-10.20520932761135,-11.0306227477686,3.031848273742684,0.28226371462103045,-2.112964483190106,5.844350230309645,-0.7052344221057728,17.569606034121556,20.649511476175782,13.7838341800282,80.7996162414551,50.55791130065916,1.0,323.322112740998,0.234985515475273,1350.419921875,7368.333984375,319.516768467573,51.9289226531982,321.0441217093935,1.8547688397559792,44.6521711,0.404332818114901,1804.400539398194,1830.2082300186162,1061.02657318115,1001.94776058197,995.957672595978,-63.5694505,5.0,146.921401977539,34.1338996887207,44.4049606323242,-552.619995117188,39.3263638019562,28.8752734661102,-1.126481115138815,0.202996597206724,2.65195541460674,6.56268976305635,103.398994445801,552.812072753906,2.0,7.0,5.0,0.0,0.0,24060101.0,34.76829113215752,354.369174745397,32.81607799530025,42.45737499437833
2024-06-01 19:17:15+00:00,GER,GER,-12.947988158177983,-8.066087631810657,0.0,-5.559921575173394,-2.6692749814172307,0.6588508902647373,-10.22532935735895,-10.987773556010499,0.8743586838155902,3.7729021982158146,-10.749214258209037,3.7457465186702654,1.354654203172812,11.841170773461489,13.60683913382006,10.201294775443312,78.7349487304688,46.79846466064452,1.0,323.5437933607,0.237072810530663,1364.384765625,7382.298828125,326.226418459114,48.8063541412353,332.281422139465,5.8427019349081935,44.6522725,1.37587992315313,1804.25524711609,1841.865134239198,1107.65421390533,1101.28843784332,935.380220413208,-63.5695461,5.0,143.141998291016,34.1338996887207,44.4049606323242,-553.619995117188,39.1482770442963,28.7957817316055,-1.26747879124865,-0.00899984811865622,4.58192312167633,20.383658315564084,104.398979187012,553.811828613281,2.0,7.0,5.0,0.0,0.0,24060101.0,21.8851720979802,354.575856269682,32.45587921142575,42.09760558184453
2024-06-01 19:17:16+00:00,GER,GER,12.584845697651241,9.856387724717411,0.0,4.546683400983886,-1.5981904730595207,-6.2800080088416035,-10.235903770854598,-10.8844063268852,3.1384180505037778,6.633372146436956,-16.30112754863835,1.6726522615760735,3.486578021510579,-13.10576770512805,-18.864854314806575,-3.706392398743502,76.2319747924805,42.77793273925778,1.0,323.706898278079,0.238723415136337,1377.265625,7395.1796875,346.268461106736,44.2044902801514,176.18954012136697,7.982666283953408,44.6523787,3.00637094243094,1804.073643684388,1841.928601264954,1104.1225194931,1249.41945075989,939.956784248352,-63.5695889,5.0,141.850296020508,34.1338996887207,44.4049606323242,-554.719970703125,38.7650012969971,28.470054268837,-2.809453066843175,-2.96395013159987,1.12198119441454,27.896730481813627,105.398963928223,554.811584472656,2.0,7.0,5.0,0.0,0.0,24060101.0,-11.823438801963338,354.756719678904,32.22816524505615,42.77309463500978
2024-06-01 19:17:17+00:00,GER,GER,20.19324664339194,11.726831186944,0.0,1.93249060819427,-8.479171346987124,-18.48724160760332,-10.23311363857865,-10.8297776201298,4.071082302659724,6.852877265510874,-13.6381204610677,-0.4454915700699088,5.593411300014858,-23.62271160490254,-38.68048893401418,-29.901536486241678,63.0792045593262,39.968811721801764,1.0,323.573791551534,0.23604750931263,1389.05859375,7406.97265625,15.3474555555862,41.0250400543213,23.1771122832624,8.370860085431081,44.6524782,1.79177398369661,1800.9674072265639,1841.937685012816,899.094045162201,1223.36637973785,809.932947158814,-63.5695604,5.0,140.677398681641,34.1338996887207,44.4049606323242,-555.719970703125,38.9876127243042,50.1987338066101,-1.8089697319840599,2.68495526013824,0.264995571664466,23.10201179201718,106.398948669434,555.811340332031,2.0,7.0,5.0,0.0,0.0,24060101.0,-69.508965077425,354.9113005202,32.07001876831055,18.070429229736334
2024-06-01 19:17:18+00:00,GER,GER,20.20552254238718,11.610770222000962,0.0,1.8687394154060322,-8.446214659713439,-19.2989310432839,-10.2520601564494,-10.671340283273949,3.265285954195054,7.601884006121476,-7.126391208984344,-1.246342589435144,6.324017340246716,-24.86361217708346,-39.50445426869,-35.553356490453424,56.0507629394531,39.41579635620118,1.0,323.097672724871,0.22823831140995,1400.107421875,7418.021484375,38.4380950826353,39.1003623962402,42.52228865911445,7.436875173510434,44.6525575,0.67328226889601,1191.48075580597,1841.7744159698518,1408.51700305939,1479.66313362122,1088.94574642181,-63.5694803,5.0,145.542404174805,34.1338996887207,44.4049606323242,-556.719970703125,51.2446761131287,56.2925338745117,-1.4939749611197044,-2.4659584778933,-4.64492222525959,12.076197412046904,107.398933410645,556.811096191406,2.0,7.0,5.0,0.0,0.0,24060101.0,-81.52551905782789,355.043341737234,31.69012012481685,9.533311864307949
2024-06-01 19:17:19+00:00,GER,GER,20.22190680016822,13.722283076549022,0.0,6.622789963601124,-0.7077934325195974,-7.521177807869696,-10.25294125085235,-10.592857140842248,4.674613484468462,7.692374877246134,-1.3491022732337954,-1.211062805414348,6.283277823168528,-24.907480774575156,-27.74308366888688,-36.72030933656622,51.8543529510498,40.69736938476562,1.0,323.269001190012,0.215885598957539,1411.08984375,7429.00390625,50.8911828453476,40.2702415466309,51.30814028096755,3.3535438657253005,44.6526223,-0.994589842100748,466.04759693145763,1841.819763183596,1026.07882022858,1148.78356456757,891.059815883636,-63.5693738,5.0,149.768493652344,34.1338996887207,44.4049606323242,-557.719970703125,74.8877286911011,56.3138604164124,-2.255462186235555,-0.362993898576192,-4.69792065123748,3.592939690945402,108.398918151855,557.810852050781,2.0,7.0,5.0,0.0,0.0,24060101.0,-84.87646723822516,355.156176462323,31.26028175354,0.33240057379007365
2024-06-01 19:17:20+00:00,GER,GER,20.23009961207766,14.16978887474124,0.0,7.549037210343161,0.5419868231413247,-7.095435468316694,-10.2523534276969,-10.5824026825439,5.017883424227672,5.631062803191918,-0.0493842420507495,-1.2124197932476999,6.282198994789124,-24.87353029477722,-27.325534397375442,-35.9797064607104,55.8986949920654,41.016901245117204,1.0,322.82290787494,0.202363201975822,1422.408203125,7440.322265625,55.0106884998358,40.8261085510254,53.45810453922185,1.569973643585132,44.6526814,-2.1360791240019,105.87408915162078,1841.783499717716,785.447299480438,864.860534667969,756.379127502441,-63.5692571,5.0,157.535598754883,34.1338996887207,44.4049606323242,-558.619995117188,74.8857915401459,56.3177406787872,-1.1844800933628,1.48497511967116,-1.98196657755114,1.5765735166418995,109.398902893066,558.810607910156,2.0,7.0,5.0,0.0,0.0,24060101.0,-81.54630878762357,352.042675710308,32.00876483917235,5.451894693374634
2024-06-01 19:17:21+00:00,GER,GER,20.20757638027062,14.126089836695678,0.0,7.512037563345013,0.4518327710562019,-7.0568468631855055,-5.499194048433775,-10.5818140056148,5.0062840554697,6.081702377552715,-1.0181313430552426,-1.211605634698636,6.281659239089964,-24.789226635889598,-27.264423328833498,-34.32404606627506,58.0885620117188,41.93837265014648,1.0,321.965309322753,0.189195607602596,1433.818359375,7451.732421875,56.3511711810587,41.5120296478272,55.750565326582844,0.7075881493164642,44.6527386,-1.70882528492992,0.0,1841.765332221986,826.076745986938,794.34609413147,651.8993973732,-63.5691363,5.0,167.882797241211,34.1338996887207,44.4049606323242,-559.619995117188,74.8819231987,56.3157975673676,-1.2829785715486701,-2.79295314407742,-4.37192639432335,2.6493555030991702,110.398887634277,559.810363769531,2.0,7.0,5.0,0.0,0.0,24060101.0,-81.36345096316396,349.274973775592,31.17294731140135,9.86726760864258
2024-06-01 19:17:22+00:00,GER,GER,20.18709161842138,13.955422533866718,0.0,7.2416841618439225,-0.17935698965615027,-7.858621767021603,4.0279786116498695,-10.5762179462505,5.005921970066322,5.9345178627318305,0.399266231813353,-1.21187704934078,6.282469043393432,-21.760407935242,-28.04571398308452,-33.93226778152096,55.2132476806641,43.461357192993184,1.0,320.260302860621,0.172488717734814,1445.509765625,7463.423828125,58.6982427459286,42.8703483581543,57.9175316332286,-0.926584476660133,44.6527941,-1.50159830600709,0.0,1841.8016195297278,753.294885158539,722.572147846222,656.93062543869,-63.5690086,5.0,176.440200805664,34.1338996887207,44.4049606323242,-560.619995117188,74.891597032547,56.3254952430725,-1.2224795840059,-0.437992630674958,-2.04796584172733,0.9207845521573098,111.398872375488,560.810119628906,2.0,7.0,5.0,0.0,0.0,24060101.0,-84.72940233709213,347.076171957225,30.0428472518921,2.6775960445404063
2024-06-01 19:17:23+00:00,GER,GER,20.19528545485918,12.8287413368739,0.0,5.023774889273628,-3.4651879180868477,-12.2485650904697,6.43628106152071,-10.52438748262065,5.007371677717658,5.147352562775658,1.37484344194658,-1.209705988335724,6.28948347691631,-17.73291858925224,-32.4438493500458,-31.74806139439118,56.6010269165039,44.98820274353028,1.0,318.845388192918,0.158551208674908,1457.619140625,7475.533203125,60.551635067779,44.3170314788818,58.24452352464835,-1.9981665056019402,44.6528486,-2.5813976394898,0.0,1841.674637794496,707.08692073822,673.23911190033,685.339510440826,-63.568874,5.0,188.550903320312,34.1338996887207,44.4049606323242,-561.719970703125,74.8896658420563,56.3235521316528,-1.0119830789047444,0.124997904618228,-1.30197813010724,-0.016599721567881986,112.398857116699,561.809875488281,2.0,7.0,5.0,0.0,0.0,24060101.0,-81.20684018964691,345.087056946377,28.90796728134155,4.851941299438477
2024-06-01 19:17:24+00:00,GER,GER,20.201431259074337,12.7536743135556,0.0,5.004393629862164,-3.2691816806542158,-12.05227808957352,6.437015306856495,-10.5265961950435,5.007009250804823,2.781131964926152,1.434208671447975,-1.20889182978666,6.29002323261547,-14.898264066706778,-32.25370849487424,-28.664559516229502,59.8619956970215,46.31563133239746,1.0,319.647607571314,0.150674204528332,1470.15625,7488.0703125,61.2375431547992,45.7430294036865,58.314024114547806,-1.550974042337884,44.6529037,-3.13093609053222,0.0,1841.7381048202521,861.058831214905,731.071293354034,856.019139289856,-63.5687339,5.0,197.86799621582,34.1338996887207,44.4049606323242,-562.719970703125,74.8819231987,56.3313126564026,-0.719987956214204,0.485991811747649,0.4139930267984,-0.07679870480742193,113.39884185791,562.809631347656,2.0,7.0,5.0,0.0,0.0,24060101.0,-73.97806850042893,344.016575058139,27.95747308731075,11.457419484002239
2024-06-01 19:17:25+00:00,GER,GER,20.20756886706252,12.733926529117799,0.0,4.990826483604308,-3.3172110159448756,-12.2460604601011,6.436721608722181,-10.5123129888285,5.0051970308632905,3.072230358483866,2.3945502375029903,-1.2080777352706202,6.2894838184257695,-12.28066271070056,-32.45362813188046,-24.43719732002932,63.9427436828613,47.94846130371096,1.0,320.853791657982,0.142616204917431,1483.05859375,7500.97265625,61.2071693035602,47.3651332855225,57.497536470975305,-0.4069932008090046,44.6529604,-3.44706862150191,0.0,1841.674613952638,855.270266532898,750.645756721496,797.120034694672,-63.5685891,5.0,211.098098754883,34.1338996887207,44.4049606323242,-563.719970703125,74.8857915401459,56.3274323940277,-1.54847405436344,-0.503991548005602,0.531991054734423,-2.298361473162322,114.398826599121,563.809387207031,2.0,7.0,5.0,0.0,0.0,24060101.0,-64.73452624380269,344.248828810676,26.69409685134885,22.675135459899895
2024-06-01 19:17:26+00:00,GER,GER,20.183001018127463,12.030473222912438,0.0,3.187588027385832,-6.5507576360197515,-16.47523487624278,6.435840514319246,-10.49110909343705,5.005921970066322,3.470174468445144,3.06699954348538,-1.20807773527062,6.2894838184257695,-12.30355050385452,-36.658235894370236,-22.42536680754934,66.6189720153809,48.615430297851546,1.0,322.614887633578,0.134737806022167,1496.4140625,7514.328125,58.5230347333394,48.6096370697021,54.50508716162015,0.98078357518892,44.6530228,-3.38744640613299,0.0,1841.701817512514,667.357742786408,641.001284122467,627.708077430725,-63.5684438,5.0,219.436492919922,34.1338996887207,44.4049606323242,-564.719970703125,74.8857915401459,56.3254952430725,-1.27847854410269,0.394993388198555,1.51297451967827,-3.279344959450512,115.398811340332,564.809143066406,2.0,7.0,5.0,0.0,0.0,24060101.0,-59.62044122728535,345.527494864816,26.47876052856445,27.7957215499878
2024-06-01 19:17:27+00:00,GER,GER,20.185049733369006,11.33564695789292,0.0,1.961513469359828,-8.090203428944388,-18.776608035942264,6.436868457789335,-10.496116475872348,5.005559628530852,3.176168420669076,1.718948158888405,-1.20997727491182,6.2894838184257695,-12.310035768471481,-38.96165708629234,-22.11226683788246,66.8554870605469,48.06268272399904,1.0,323.407107615029,0.132069316506386,1509.912109375,7527.826171875,54.8960301142388,48.3060779571533,52.06912580734455,0.5409909602159957,44.6530912,-2.70246999960427,0.0,1841.647410392762,690.982282161713,646.880567073822,607.962608337402,-63.5683042,5.0,231.533401489258,34.1338996887207,44.4049606323242,-565.619995117188,74.891597032547,52.0367622375488,-0.572490421294175,0.711988097148826,-0.6659888008012,-0.687788456774993,116.398796081543,565.808898925781,2.0,7.0,5.0,0.0,0.0,24060101.0,-58.47489692610698,346.812553976019,26.7572648048401,27.252270698547377
2024-06-01 19:17:28+00:00,GER,GER,20.207574331213884,12.436163236968001,0.0,4.148815447631854,-4.860195145680362,-13.8494123630421,6.4377497656356795,-10.4940541856298,5.0051970308632905,3.9204501217892287,0.9834563669493646,-1.20916320174012,6.289753525520619,-13.252250289945682,-34.0569870357654,-21.41123295543582,67.3359466552734,48.046839065551765,1.0,323.763315640624,0.131062200665474,1523.251953125,7541.166015625,54.5957681681358,47.8966381072998,51.99263110373495,0.11299810516039462,44.6531607,-3.09134575278189,0.0,1841.629266738892,763.485729694366,671.399414539337,693.747460842133,-63.5681672,5.0,241.53059387207,34.1338996887207,44.4049606323242,-566.619995117188,74.8838543891907,44.4093286991119,-0.779486934693375,-0.789986776397109,0.824986159808136,1.1957799049648152,117.398780822754,566.808654785156,2.0,7.0,5.0,0.0,0.0,24060101.0,-56.04439186844978,347.821646123996,26.929260063171398,28.70349128723144
2024-06-01 19:17:29+00:00,GER,GER,20.187091959930843,11.475131544330381,0.0,2.3034310956964,-7.54745926589016,-18.117325392344622,6.4370155202999,-10.492287301068899,5.00592171393423,3.245217748507816,1.6848014819065749,-1.2091632017401202,6.289214111330919,-13.95299747520192,-38.3044159862376,-21.61909063829548,68.1741760253906,48.594521942138684,1.0,324.155395819739,0.130018915235996,1536.61328125,7554.52734375,56.0279017427366,48.3402935028076,53.15510880990365,-0.46379221951649396,44.6532288,-3.24117833194399,0.0,1841.6564702987682,806.497693061829,758.707284927368,766.306221485138,-63.5680275,5.0,253.782592773438,34.1338996887207,44.4049606323242,-567.719970703125,74.891597032547,37.2491627931595,-0.2994949905643325,0.281995272178393,-0.753987303881205,1.0065831140046562,118.398765563965,567.808410644531,2.0,7.0,5.0,0.0,0.0,24060101.0,-55.73890004649934,349.10216998959,27.0693735122681,29.10880652979801
2024-06-01 19:17:30+00:00,GER,GER,20.285417997184496,13.526546930409339,0.0,6.734707693104977,-0.24014900298648528,-6.611242995200712,6.43745585405796,-10.49493784135365,5.0051970308632905,2.989734522603488,1.8665706382454799,-1.20943455234924,6.289214111330919,-13.33769732250038,-26.896660672220058,-21.419768642841582,69.5704902648926,49.10528594970702,1.0,324.525400827457,0.129094907641411,1550.12109375,7568.03515625,57.6334504052694,48.7995185852051,54.459586148916856,-2.379160220477364,44.6532945,-3.64570098129305,0.0,1841.729044914246,1002.8795003891,872.645914554596,946.93124294281,-63.5678832,5.0,265.214111328125,34.1338996887207,44.4049606323242,-568.719970703125,68.9295411109924,35.8880907297134,-0.768487128478482,-0.390993458665866,-1.72197105120467,0.8595855662741485,119.398750305176,568.808166503906,2.0,7.0,5.0,0.0,0.0,24060101.0,-53.707157142022616,350.376847213255,27.751910305023202,29.754934120178216
2024-06-01 19:17:31+00:00,GER,GER,20.162536063826824,15.419520198500042,0.0,10.269057082199005,4.904100839636992,-1.1042541688004437,6.43745585405796,-10.49699927782255,5.0062840554697,3.58428759150297,1.0417706544530794,-1.2105200401630838,6.29002323261547,-13.76989547147952,-21.266790163925158,-19.59736796284058,71.4449020385742,48.88016716003418,1.0,325.295682241294,0.127919201552868,1563.779296875,7581.693359375,58.7194231625448,49.4498096466064,54.87407959379365,-2.641155690245842,44.6533588,-4.1218125508803,0.0,1841.6836977005019,860.688209533691,754.663646221161,879.359722137451,-63.5677361,5.0,274.253295898438,34.1338996887207,44.4049606323242,-569.719970703125,52.3790180683136,35.8628839254379,-0.881485191137792,1.69897156311341,0.909984715738624,1.4199761073504473,120.398735046387,569.807922363281,2.0,7.0,5.0,0.0,0.0,24060101.0,-49.567797493655064,352.006912839814,27.486182785034153,34.60688278198244
2024-06-01 19:17:32+00:00,GER,GER,20.228050555326682,16.712358553658078,0.0,13.1995675040848,9.514885779424862,6.171936220121166,6.4376027031251155,-10.5117238850126,5.00483468932782,3.4636329828336136,-1.3307157508336651,-0.9277390774506424,6.558469559922928,-12.88566345039788,-14.056114548648917,-17.63571270302246,69.5648529052734,47.532055435180666,1.0,326.159919737354,0.126772905886173,1577.318359375,7595.232421875,58.612448739764,47.9029037475586,57.35153946991905,-3.2657452417280544,44.6534213,-2.21700363217503,0.0,1841.701817512514,1046.25952243805,915.985882282257,1008.84175300598,-63.5675919,5.0,287.423614501953,34.1338996887207,44.4049606323242,-570.619995117188,52.3344933986664,35.7853293418884,-0.494491715365466,-0.629989435007002,-1.36897705650148,3.650938797235434,121.398719787598,570.807678222656,2.0,7.0,5.0,0.0,0.0,24060101.0,-44.949826682596175,354.06812732754,27.22786846160885,35.08881385803222
2024-06-01 19:17:33+00:00,GER,GER,20.13796479979714,15.182384055989479,0.0,9.796998205355788,3.7854169830773,-2.7278367912412085,6.4376027031251155,-10.51275481669045,5.00483468932782,2.427888881761668,0.058314287503718976,-0.802088783044973,6.67016518021271,-14.64726110338852,-22.86580131089386,-17.139193467346196,71.3553977966309,47.02484413146972,1.0,326.872991486704,0.12597890496254,1590.5,7608.4140625,63.1635745384728,47.0476490020752,60.9904815521415,-0.6245895468131387,44.6534756,-2.951370630696,0.0,1841.701817512514,1159.28673744202,954.764604568481,1094.25294399261,-63.5674452,5.0,297.704803466797,34.1338996887207,44.4049606323242,-571.619995117188,34.1327905654907,35.7174724340439,-0.241495958979493,-0.39399335245453,2.1569639214931,2.3357607716042823,122.398704528809,571.807434082031,2.0,7.0,5.0,0.0,0.0,24060101.0,-40.17366664130302,356.986995008967,28.262206363677997,38.53603429292379
2024-06-01 19:17:34+00:00,GER,GER,20.12978086713364,13.959785146444341,0.0,7.62607132814242,0.740048862136767,-6.142588903625689,6.4376027031251155,-10.50966244854375,5.0051970308632905,2.698272336095108,1.040719739135822,-0.8034456961731312,6.67070476515714,-14.8532509002649,-26.2723690877404,-16.89192969108912,72.132543182373,47.315638504028314,1.0,327.02098802564,0.124665011465549,1603.5625,7621.4765625,66.0331009333352,47.0530220031738,62.4139544468747,-1.0783819251556332,44.6535246,-3.83804508473613,0.0,1841.6292667388923,1257.07650184631,1150.77936649323,1091.11452102661,-63.567295,5.0,309.307312011719,34.1338996887207,44.4049606323242,-572.619995117188,34.0979486703873,35.7019603252411,-1.4609755691554471,-2.79295314407742,-2.66995509750383,0.763987125044884,123.39868927002,572.807189941406,2.0,7.0,5.0,0.0,0.0,24060101.0,-40.3348495434505,0.57018317805646,28.534250164032002,38.310615981252575
2024-06-01 19:17:35+00:00,GER,GER,20.13796275074038,14.3458626138077,0.0,8.124938868232679,1.1045290365567781,-5.7246331504812416,6.4376027031251155,-10.461807155010899,5.00555937239876,4.690171289359915,1.125827981634482,-1.2048209516639665,6.270057565143146,-15.215260488540423,-25.86259632810844,-17.1037140497026,73.3024978637695,49.02533226013184,1.0,326.667894566307,0.122607100009918,1616.732421875,7634.646484375,66.1213538076009,48.1095703125,63.7454281085824,0.25139576856464246,44.6535733,-2.92915608075076,0.0,1841.674637794496,715.722382068634,770.965039730072,813.233077526092,-63.5671412,5.0,320.005310058594,34.1338996887207,44.4049606323242,-573.619995117188,34.0998828411102,35.7000201940536,-2.7899530902062,-0.995983307413137,2.54395731722414,1.2271794255010986,124.39867401123,573.806945800781,2.0,7.0,5.0,0.0,0.0,24060101.0,-40.28165807925118,3.74727144377984,29.23368015289305,38.11915420532227
2024-06-01 19:17:36+00:00,GER,GER,20.086802243290784,12.47344138492954,0.0,4.376873500339192,-4.511522014023482,-13.94208983385214,6.436868457789335,-10.4166024017628,5.00447234779235,3.66169608904611,3.054916725400215,-1.2626255896617242,6.26789973762961,-16.169299775015222,-34.02889173563346,-18.16312044469172,75.3349960327148,49.52525344848632,1.0,326.235980723952,0.120173612236977,1630.3984375,7648.3125,67.497698397061,49.7175498962402,63.8389299832253,0.2263962036492541,44.6536206,-3.57449028278014,0.0,1841.7109251022362,666.522920131683,706.545770168304,645.739555358887,-63.5669809,5.0,335.137512207031,34.1338996887207,44.4049606323242,-574.719970703125,34.1192424297333,35.7155323028564,-0.07149882043809003,2.5419573524578,-0.845985789854751,-0.8037865226127145,125.398658752441,574.806701660156,2.0,7.0,5.0,0.0,0.0,24060101.0,-43.269035290128684,6.68788089799507,29.66006984710695,35.845908508300795
2024-06-01 19:17:37+00:00,GER,GER,20.16457453378458,14.79338070634046,0.0,9.212046034551802,3.532699898409464,-1.744208951859124,6.43774955219227,-10.4459047670758,5.004109920879516,1.5869371227521163,2.015245927230085,-1.2216467384861518,6.276802889212723,-15.116842414487701,-21.908783891186204,-18.73277495543426,74.2295310974121,49.25207908630372,1.0,325.976105686411,0.118098105490208,1644.13671875,7662.05078125,67.6475049361269,49.0871131896973,64.1484229299915,-3.172146847974456,44.6536674,-4.02265869469923,0.0,1841.574835777282,1226.08661651611,1017.81940460205,1081.5908908844,-63.566821,5.0,347.709014892578,34.1338996887207,44.4049606323242,-575.719970703125,34.1192424297333,35.7329815626144,0.10649821718932947,-1.38297680986589,-2.49495839389211,2.2989613772148596,126.398643493652,575.806457519531,2.0,7.0,5.0,0.0,0.0,24060101.0,-43.38047870568334,8.68423121360802,29.4811540603638,33.291894340515164
2024-06-01 19:17:38+00:00,GER,GER,20.2669959524646,18.0390083942645,0.0,15.579863499643782,12.96709433172062,12.184068638665641,6.436721608722181,-10.438100422175399,5.005921970066322,3.300821059224762,0.9971165585264045,-1.209163073674072,6.277882742120501,-15.218311704797381,-8.082926886912123,-16.6432179147279,74.2672828674316,50.217631759643574,1.0,325.977608328029,0.116071803867817,1657.830078125,7675.744140625,69.8137540729098,49.5588832855225,66.1123891843153,-3.4401423827966937,44.6537108,-3.99336956287774,0.0,1841.6927576065077,1151.41773223877,959.299623966217,1131.02352619171,-63.5666579,5.0,358.288208007812,34.1338996887207,44.4049606323242,-576.719970703125,34.1269850730896,35.7368588447571,-2.2289626530814948,-2.88895145286195,1.15498071978092,0.1541974542398788,127.398628234863,576.806213378906,2.0,7.0,5.0,0.0,0.0,24060101.0,-39.31254507754234,10.6269000843261,28.885381793975853,38.28653086148776
2024-06-01 19:17:39+00:00,GER,GER,20.0786189936462,15.76136706834566,0.0,11.19488188174087,6.327311028219226,0.09250229780219969,6.436868457789335,-10.44045641055225,5.0051970308632905,2.3599295667371,0.29524687970484703,-1.2097059029583601,6.277882742120501,-16.806725471759382,-19.98611603416942,-15.785631998391079,77.1070220947266,49.71920265197754,1.0,325.937091645872,0.113919907808304,1671.80078125,7689.71484375,68.5074120922532,50.3671886444092,65.62690275320534,-1.0033831983929524,44.6537559,-3.01379706560603,0.0,1841.5838956832881,937.19071149826,841.899812221527,916.158437728882,-63.5664939,5.0,373.609802246094,34.1338996887207,44.4049606323242,-577.719970703125,34.1231137514114,35.7329815626144,-0.42749281898670377,3.47894148582036,0.9539839405982,0.45899230874634095,128.398635864258,577.805969238281,2.0,7.0,5.0,0.0,0.0,24060101.0,-38.20422940545402,13.1190798718865,30.03163261413575,41.539009214702396
2024-06-01 19:17:40+00:00,GER,GER,20.03974565500394,14.05081944449484,0.0,7.539766594582704,0.5881513173523837,-6.7231318458109595,6.437015306856495,-10.44443243442285,5.00483468932782,3.11293324867263,-0.42396026048921853,-1.21051997613006,6.277613291157745,-17.8679562102758,-26.76287707392812,-16.527314044135757,75.7897956848144,49.37362358093262,1.0,325.9599044777,0.111959803104401,1685.576171875,7703.490234375,68.8733394770366,49.0542778015137,67.7973627016116,-0.9787835997504057,44.6538,-2.22999038310817,0.0,1841.6201829910278,1328.50110530853,1122.47216701508,1156.61561489105,-63.5663327,5.0,382.184112548828,34.1338996887207,44.4049606323242,-578.619995117188,34.1289192438126,35.7368588447571,-0.8959849623742155,-0.872985260839547,0.340994286146404,4.2085293156017,129.398696899414,578.805725097656,2.0,7.0,5.0,0.0,0.0,24060101.0,-38.8659640869637,15.2535575299714,30.85758991241455,39.730900111951335
2024-06-01 19:17:41+00:00,GER,GER,20.035655396219482,13.870013921126139,0.0,7.41857530379931,0.5017071912376905,-6.738766661085305,6.4376027031251155,-10.436627662635651,5.0051970308632905,3.2891916162900983,1.47098363723894,-1.21024862552094,6.277343157176071,-17.75122861886976,-26.774421801172718,-17.99478189486028,78.2111206054688,51.09996437072752,1.0,325.96648878006,0.109430003911257,1699.32421875,7717.23828125,74.3072740561587,50.425838470459,71.3113037842864,-2.219962704911236,44.6538356,-3.54821369126945,0.0,1841.6746139526379,1082.52716064453,1005.64444065094,1054.73363399506,-63.5661643,5.0,396.545989990234,34.1338996887207,44.4049606323242,-579.619995117188,34.1269850730896,31.3007742166519,-1.80846958070991,-0.946984063915994,-2.31496135147771,1.8321692378962897,130.39875793457,579.805480957031,2.0,7.0,5.0,0.0,0.0,24060101.0,-41.5541011480381,17.4119604869453,31.64603576660155,38.281649208068835
2024-06-01 19:17:42+00:00,GER,GER,20.070434377963757,14.542046649602138,0.0,8.731928302884238,2.645902927851092,-3.45275949242968,6.436427910587865,-10.4118904250091,5.004472262414986,3.148185221016898,3.016041743243735,-1.20916320174012,6.277073023194397,-17.472378632795916,-23.52319404114818,-19.06561861142544,78.8431365966797,53.226807632446295,1.0,325.727896611973,0.106878002732992,1713.568359375,7731.482421875,76.803291556259,52.2161842346191,72.47878460402205,-2.74535398263843,44.6538664,-4.2652729904336,0.0,1841.6201829910283,895.471215248108,822.201788425446,946.813583374024,-63.5659868,5.0,408.783599853516,34.1338996887207,44.4049606323242,-580.619995117188,34.1250479221344,30.436047911644,-2.02796608734218,1.17698022548901,1.97396693192917,-1.0783818611226104,131.398818969727,580.805236816406,2.0,7.0,5.0,0.0,0.0,24060101.0,-44.64990829500848,19.263877487935,30.93430881500245,35.76634140014652
2024-06-01 19:17:43+00:00,GER,GER,20.02747487865056,13.612876252650079,0.0,6.728984976420202,-1.021457373040688,-8.953584163150424,6.43804346376999,-10.39142290938755,5.0051970308632905,2.0383036213396744,3.7935594223416054,-1.209163116362756,6.277073023194398,-18.329908541581563,-28.981059554065222,-18.6938599526381,79.6298194885254,54.79877128601074,1.0,325.440618855482,0.105087105184793,1728.40625,7746.3203125,75.666310946262,54.3439888000488,70.26282193536525,-0.9653837931272168,44.6538994,-4.8244025211746,0.0,1841.683673858644,831.898510456085,811.783075332642,914.863288402557,-63.565803,5.0,426.630096435547,34.1338996887207,44.4049606323242,-581.719970703125,34.1327905654907,30.4438024759293,-1.515974626910345,1.9479673899667,3.69293814270603,-2.74795385145731,132.398880004883,581.804992675781,2.0,7.0,5.0,0.0,0.0,24060101.0,-44.922196518346745,20.4668787064494,30.014142036438002,36.69595756530762
2024-06-01 19:17:44+00:00,GER,GER,20.0540709522597,13.920487653054678,0.0,7.496341190990772,0.8877427596593479,-5.9813076467541775,6.435840514319246,-10.37993794629815,5.0051970308632905,2.766231907251772,3.6138900155639453,-1.21051997613006,6.276803059967452,-18.48745266044866,-26.0353785990139,-17.353308969523443,81.0050811767578,56.340115356445324,1.0,325.341089338897,0.103885804116726,1743.6640625,7761.578125,72.3605813502459,55.6883445739746,67.5108704168754,-1.6535722668678623,44.6539405,-4.29208959377554,0.0,1841.6020393371582,983.352541923523,902.322292327881,988.990664482117,-63.5656171,5.0,441.325897216797,34.1338996887207,44.4049606323242,-582.719970703125,34.1424703598022,30.436047911644,-1.7634704801888699,-0.0939984240594642,-0.421992912544203,-2.1491639628548147,133.398941040039,582.804748535156,2.0,7.0,5.0,0.0,0.0,24060101.0,-43.35766723989336,21.1055235919604,29.75445613861085,40.207311859130876
2024-06-01 19:17:45+00:00,GER,GER,20.11545113025494,15.48486700885574,0.0,10.66037740276922,5.593615266538949,0.7947550595227424,6.437015306856495,-10.385385875934901,5.00483468932782,2.275252936832102,2.12189356814772,-1.21024862552094,6.276533182117872,-18.13116574616926,-19.32069578258362,-16.700789920751383,82.0552848815918,58.01433837890626,1.0,325.36130669884,0.102412708103657,1759.35546875,7777.26953125,70.1313442089371,57.3850902557373,66.76537917463065,-2.507958036807308,44.6539878,-3.88904781481591,0.0,1841.647410392762,944.988429546356,913.421213626862,1010.19883155823,-63.5654281,5.0,452.936187744141,34.1338996887207,44.4049606323242,-583.719970703125,34.1811835765839,30.4379850625992,-1.892468367700645,-1.16598041927411,-3.34794379362481,0.5799902264689656,134.399002075195,583.804504394531,2.0,7.0,5.0,0.0,0.0,24060101.0,-43.07981855955182,21.5104701399248,28.79158687591555,43.137793350219745
2024-06-01 19:17:46+00:00,GER,GER,20.1174964304019,15.580802479899898,0.0,10.78607952123522,5.48953581943792,0.03106379013110625,6.4359873633864,-10.328696159597449,5.0051970308632905,2.57834428879871,2.2196092426216847,-1.2097059243027002,6.277073023194397,-17.05772843507764,-20.086431705528298,-16.22129015044902,83.1959197998047,59.797560882568334,1.0,325.613395320727,0.100585406273603,1775.51953125,7793.43359375,70.4076936627558,59.2410827636719,66.64588160000665,-2.504558054015838,44.6540366,-3.74971494395541,0.0,1841.6201829910278,842.702627182007,810.186088085174,929.612398147583,-63.5652332,5.0,468.467407226562,34.1338996887207,44.4049606323242,-584.619995117188,34.1908633708954,30.4399251937866,-1.9509672837553649,0.850985701770612,-0.365993872406135,-0.537390982281915,135.399063110352,584.804260253906,2.0,7.0,5.0,0.0,0.0,24060101.0,-43.016714441810066,21.8565899761152,28.6150580406189,43.580880546569816
2024-06-01 19:17:47+00:00,GER,GER,20.140008733906264,15.59879968685342,0.0,10.776251049774299,5.476048757148083,-0.09908218721955755,5.24887252455127,-10.3496050761941,2.548297688998271,1.957624701155884,1.33491570352342,-1.20943457369358,6.275993767928168,-16.997837921340402,-20.23909019008212,-15.616217693765382,86.2668937683105,60.22071853637696,1.0,325.926518513037,0.0985205210745335,1792.15625,7810.0703125,70.3348496952576,60.22265625,66.309392330546,-1.3119780179719795,44.6540879,-3.96346614091778,0.0,1841.6383266448981,1013.76664638519,985.768556594849,1039.31474685669,-63.5650353,5.0,480.125396728516,34.1338996887207,44.4049606323242,-585.619995117188,34.1986060142517,30.4399251937866,-1.673971896812405,0.788986740653084,3.61393932099202,-0.5525907158401535,136.399124145508,585.804016113281,2.0,7.0,5.0,0.0,0.0,24060101.0,-40.090320574937024,22.1422267796578,30.5137830734253,46.84490375518797
2024-06-01 19:17:48+00:00,GER,GER,20.137962067721496,15.6208000676795,0.0,10.764459411191222,5.452924297939359,-0.0340071672935327,-3.0374325617028886,-10.35343382411075,-0.4918337399128382,2.33339995940635,1.152093684196125,-1.2097059243027002,6.276533182117872,-16.744546503140704,-20.17196889658006,-14.447357346572062,87.3057884216308,59.968484802246095,1.0,326.212594156234,0.0968845546245575,1808.888671875,7826.802734375,68.2152029391817,60.4634216308594,65.381401848773,-0.3947933863858348,44.6541427,-2.62285987595954,0.0,1841.674613952638,894.918322563171,956.315577030182,915.091872215271,-63.564839,5.0,478.748504638672,34.1338996887207,44.4049606323242,-586.619995117188,34.206348657608,30.4399251937866,-1.805969678112835,0.650989065053618,0.509991442304634,-1.440375862692994,137.399185180664,586.803771972656,2.0,7.0,5.0,0.0,0.0,24060101.0,-38.33068694284223,22.7868497882399,30.723134422302252,49.37190216064451
2024-06-01 19:17:49+00:00,GER,GER,20.14410240778534,15.628800268254341,0.0,10.750703580957559,5.385489584131726,0.040633697577279346,-10.48263795131895,-10.3581458008644,-0.10760346252596746,3.1663562562848018,0.720256174541259,-1.21051997613006,6.276802889212723,-15.14735935818986,-20.103468929394023,-13.69075953371792,85.9412590026856,58.334105758667,1.0,326.431214851187,0.0954938359558582,1825.505859375,7843.419921875,66.3222774824152,59.0422096252441,64.5839157914715,-0.739787607401013,44.6542009,-2.06442809173094,342.5444632768632,1841.5838956832881,1046.10896110535,1012.79282569885,994.405388832092,-63.5646485,5.0,471.616607666016,34.1338996887207,44.4049606323242,-587.619995117188,34.2044144868851,30.4127812385559,-2.160463753112495,-2.67895472550897,-3.0099495346692,0.16519723435798184,138.39924621582,587.803527832031,2.0,7.0,5.0,0.0,0.0,24060101.0,-36.92913827232584,23.3905360580314,30.590862464904802,48.49494533538818
2024-06-01 19:17:50+00:00,GER,GER,20.08475694314384,15.68481021001466,0.0,10.791977560338259,5.379711073339169,0.07699699932297821,-10.8562646668443,-10.3581453739776,-0.967771931417912,3.221959289525312,0.421330077369808,-1.20997725356748,6.27680305996745,-15.070303896049438,-20.00775987912082,-14.21714138097382,83.7609191894531,56.05355895996096,1.0,326.692292002022,0.0941958010196686,1841.666015625,7859.580078125,66.4591886243281,56.9790904998779,64.2174249160815,-0.1683971760664764,44.6542584,-1.97241434455347,1314.8203253746037,1841.674637794494,837.868750095368,845.880568027496,901.864051818848,-63.564465,5.0,452.595001220703,34.1338996887207,44.4049606323242,-588.719970703125,34.2082858085632,30.3643107414246,-1.44047585025914,2.40595953490297,3.78393632613129,-0.9165846528284132,139.399307250977,588.803283691406,2.0,7.0,5.0,0.0,0.0,24060101.0,-36.99882874148426,24.0242119809212,30.4909984588623,45.25544723510745
2024-06-01 19:17:51+00:00,GER,GER,20.0520277011695,15.53482437848306,0.0,10.79394311802666,5.4529423125632945,0.11910474443762817,-10.85303356048005,-10.3663915467399,0.3146872469330581,3.094762341470774,2.1565667299846,-0.6574416568203194,5.6948542087188985,-17.01424130365108,-19.93292286242282,-13.37554749880494,81.4704414367676,53.599217376709,1.0,327.045494744382,0.092878957092762,1857.1640625,7875.078125,65.2440911407937,54.3299331665039,63.6249333263396,-1.029982722448213,44.6543148,-1.69857573230667,1797.870278358458,1841.5748119354241,1172.89161682129,1036.02886199951,1113.81208896637,-63.5642904,5.0,439.515411376953,34.1338996887207,44.4049606323242,-589.719970703125,34.2082858085632,30.3177773952484,-1.1549806664200721,-0.651989100797643,-0.773987004905501,-2.4151593648240235,140.399368286133,589.803039550781,2.0,7.0,5.0,0.0,0.0,24060101.0,-33.91623664452004,24.4906387691522,30.4305221557617,45.25099845886231
2024-06-01 19:17:52+00:00,GER,GER,12.059271904462843,6.889687139971815,0.0,4.9330705747374,2.854534743284071,-0.02443989077711407,-10.85420792613045,-10.38788871337885,3.5143107239749463,1.3209150430245062,10.21650731427222,1.4547317250452572,3.6260624371932844,-12.160501817986468,-12.083711815417008,-13.512570997329657,79.9537994384766,50.428381805419946,1.0,327.431482394757,0.0920323178172111,1871.990234375,7889.904296875,62.5821478551863,52.1617126464844,55.7275680796474,-5.807302686609946,44.6543753,-2.80292372616176,1804.3278694152839,1841.538548469542,1081.45451545715,1029.23667430878,1091.45939350128,-63.5641288,5.0,426.361114501953,34.1338996887207,44.4049606323242,-590.719970703125,34.2005431652069,30.3139001131058,-1.69547162477231,-0.169997138541403,-6.38989340488575,-19.550271417947158,141.399429321289,590.802795410156,2.0,7.0,5.0,0.0,0.0,24060101.0,-30.012592630070422,25.2708324950226,30.340051460266103,43.73130912780763
2024-06-01 19:17:53+00:00,GER,GER,-14.366630060111206,-11.202672480885564,0.0,-5.8097491749932795,-0.0760722137207079,4.76401045077174,-10.854354775197649,-10.40070001382775,5.3459296407232015,2.434066894587652,18.07523588837695,3.606527028949992,1.5556517187353092,15.447144130201886,19.130641158550297,-1.9393890565673022,77.2058990478516,45.34009826660156,1.0,327.787990948675,0.0912395641207695,1885.8671875,7903.78125,43.7781726172776,47.1060894012451,30.38799143817595,-8.414459061205294,44.6544576,-5.62613268727164,1804.3914318084721,1841.5385723114,1091.37606620789,938.563942909241,1176.43749713898,-63.5640105,5.0,416.146789550781,34.1338996887207,44.4049606323242,-591.719970703125,33.8114589452744,30.0792992115021,-2.94395059065813,-2.48995826853284,-2.27896155879669,-33.01664677233488,142.399490356445,591.802551269531,2.0,7.0,5.0,0.0,0.0,24060101.0,2.8772870265521577,25.9901128863275,30.30877304077145,44.89830986022948
2024-06-01 19:17:54+00:00,GER,GER,-20.264999829679642,-11.595432007691262,0.0,-1.900615438686976,8.483320857662635,17.66136586901664,-10.727904067998601,-10.391275633433551,7.732869361287845,6.163108328684973,15.7799768578904,5.67582214272875,-0.5258205070917599,25.91411644501784,37.92636638171524,17.893014979057504,71.419654083252,42.65005668640134,1.0,328.409210314066,0.0900497227907181,1898.3671875,7916.28125,8.40191644332294,43.6404727935791,177.31752505206222,-9.66023826675561,44.654561,-3.66077734322538,1804.473209381104,1802.893829345706,742.241442203522,829.581022262573,1145.90179920197,-63.5639762,5.0,408.874206542969,34.1338996887207,44.4049606323242,-592.619995117188,33.9488953351974,30.0618499517441,-4.170429837392454,1.49497494350288,1.22597957570786,-29.327507922354698,143.399551391602,592.802307128906,2.0,7.0,5.0,0.0,0.0,24060101.0,46.808548601055996,26.604073468178,30.517070388793947,35.96171951293946
2024-06-01 19:17:55+00:00,GER,GER,-20.17489255905426,-11.593449886794119,0.0,-1.8639132037384978,8.494920397175338,19.2048472365237,-10.509074198501501,-10.4230812630774,7.759693050951048,4.994716703223454,5.797250697208435,6.302173626884734,-1.271535144547182,26.49546663018566,39.379739795577976,27.60537476087894,61.3593017578125,41.4829852294922,1.0,329.126571422215,0.08842643648386,1910.14453125,7928.05859375,337.824926613252,41.653080368042,334.503391959497,-10.364226547527744,44.6546597,-0.755870835266542,1804.39145565033,1120.5878376960763,872.102737426758,791.719853878021,1241.39058589935,-63.56402,5.0,409.0244140625,34.1338996887207,44.4049606323242,-593.619995117188,33.9488953351974,50.6679356098175,-3.1344474480958446,6.29389424232757,13.6037714397317,-11.245211325923211,144.399612426758,593.802062988281,2.0,7.0,5.0,0.0,0.0,24060101.0,66.8940298857613,27.1281419303621,30.5664384841919,17.88834972381592
2024-06-01 19:17:56+00:00,GER,GER,-20.178986915952244,-11.554126609440361,0.0,-1.84845742479777,8.50072827778133,18.943307681882338,-10.40156830162595,-10.4236707937801,7.654211024503958,4.9983507053713625,2.75756785497829,6.263637784964888,-1.2259397258229159,26.36576919256466,39.122294256325105,29.383890450934224,59.9952255249023,41.852500762939464,1.0,329.597799833432,0.0872452452778816,1921.66015625,7939.57421875,326.772232536068,41.353730392456,324.5490742631205,-7.221678708519688,44.6547475,-0.186963568563552,1804.5549631118743,519.1454648971558,728.401124477386,654.862403869629,1055.20713329315,-63.5640975,5.0,409.81201171875,34.1338996887207,44.4049606323242,-594.619995117188,34.0766549110413,56.4534604549408,-2.36946028463889,2.48495814317357,6.40289253553675,-6.909883817248458,145.399673461914,594.801818847656,2.0,7.0,5.0,0.0,0.0,24060101.0,70.11755405700282,27.5755073681668,30.5245496749878,16.182685962476217
2024-06-01 19:17:57+00:00,GER,GER,-20.18308127285022,-11.487290476336122,0.0,-1.819484103848034,8.492976696092281,19.0201999025016,-10.311833703197149,-10.42514312643305,6.08067904446032,4.997623546356849,-1.1137451602142674,5.92685148765268,-1.4390781054063502,26.34784028750284,39.2032818583707,31.716633644963178,58.713842010498,43.12362510681156,1.0,329.984579785752,0.0864304304122925,1933.333984375,7951.248046875,318.63930772528,43.0031147003174,320.09962949058604,-5.317510931134072,44.6548288,1.98664568401942,1804.5004606246941,183.8708281517028,679.558396339416,545.721232891083,807.633280754089,-63.5641945,5.0,402.171905517578,34.1338996887207,44.4049606323242,-595.719970703125,34.1444045305252,56.5213203430176,-0.922984500060077,3.23494557088294,1.26397879954669,-1.257978894575489,146.39973449707,595.801574707031,2.0,7.0,5.0,0.0,0.0,24060101.0,77.93537628665895,28.2845066172236,30.095399665832552,8.578894214630127
2024-06-01 19:17:58+00:00,GER,GER,-20.18513101262014,-12.21619067682278,0.0,-3.5406145081762617,5.589842099286704,14.54192899959368,-10.33533211526295,-6.29545109857151,4.06782041775554,4.997260351047734,-1.35067962004525,5.414751822083359,-1.600146046932346,26.264681368320076,34.7270606952327,30.7290784494764,58.9349212646484,44.3208087158203,1.0,330.346006075872,0.0857236750423908,1945.326171875,7963.240234375,318.200672976782,43.3792282104492,319.268149581785,-3.161747073878148,44.6549098,1.2346397219669,1804.473209381104,0.0,1099.3664264679,791.323959827423,1011.31319999695,-63.5642967,5.0,397.049499511719,34.1338996887207,44.4049606323242,-596.719970703125,34.1521501541138,56.5213203430176,0.7364876655365444,-0.673988659866578,0.831986036490341,-1.00878309258991,147.399795532227,596.801330566406,2.0,7.0,5.0,0.0,0.0,24060101.0,74.77455598407377,29.6548064892682,30.36076583862305,11.259981937408421
2024-06-01 19:17:59+00:00,GER,GER,-20.19331904339714,-11.334100090800659,0.0,-1.748014925363726,8.588019802921384,19.31893017868312,-10.32901717848845,3.581441894570904,3.3693181022360803,4.997260351047734,-1.676396880772025,5.459529859263041,-1.56318409404068,25.5410453653815,39.51224888057082,30.202668256935443,63.0123527526856,46.804727554321275,1.0,330.708006101883,0.0850510306656361,1957.70703125,7975.62109375,315.761175292064,46.0603248596191,318.0506683622305,-2.3319609666142718,44.6549918,2.72635367702792,1804.5095443725581,0.0,1311.27321720123,977.78058052063,1149.06060695648,-63.5644082,5.0,392.314514160156,34.1338996887207,44.4049606323242,-597.719970703125,34.1444045305252,56.525194644928,-0.1264978748579334,-1.19997992702367,-0.186996865735756,-1.77377022403035,148.399856567383,597.801086425781,2.0,7.0,5.0,0.0,0.0,24060101.0,73.31656331327535,30.1949754148732,31.3121955871582,12.57036445140838
2024-06-01 19:18:00+00:00,GER,GER,-20.16057648255392,-12.52572784906386,0.0,-4.498512253890582,4.094334443717246,12.6536811978803,-10.29465022790585,6.40564104634745,3.0528722790268983,4.99689681422916,-2.6083699498004753,5.46142916411649,-1.5548204206802918,22.7372902771317,32.814258021943665,28.199483397906864,67.7069549560547,49.62405143737794,1.0,330.953701666706,0.0846086338162422,1970.76953125,7988.68359375,313.863175004744,48.4288948059082,317.0576954606935,-1.600173175589956,44.655076,2.97870504775439,1804.455041885376,0.0,1332.22103118896,1114.46356773376,1226.89116001129,-63.5645295,5.0,388.154602050781,34.1338996887207,44.4049606323242,-598.719970703125,34.1502130031586,56.5310120582581,-1.4259759989814365,-1.53297427406342,2.05596527390588,1.578973458353255,149.399917602539,598.800842285156,2.0,7.0,5.0,0.0,0.0,24060101.0,68.52791905221724,30.2070546044204,32.3773561477661,17.555263328552243
2024-06-01 19:18:01+00:00,GER,GER,-20.1237187327358,-13.1656112186261,0.0,-5.733753843589412,2.238966617715398,9.727151239488023,-10.2881880151774,6.406230363606775,3.392154754348654,4.996533277410586,-1.348577842771588,5.458987200733484,-1.55428083573586,21.633335339319,29.850869459959643,24.750196544405963,70.6973236083984,50.73580192565918,1.0,331.223193610598,0.0844085276126862,1984.623046875,8002.537109375,316.698058680136,50.8468517303467,318.980147825242,-1.0661821454170164,44.6551668,2.22920213658926,1804.51862812042,0.0,985.332727432251,896.365642547608,998.334228992462,-63.5646525,5.0,382.573486328125,34.1338996887207,44.4049606323242,-599.619995117188,34.1540843248367,56.5368294715881,-1.34647739951925,1.85296906356534,1.29197830627551,0.6053898661714937,150.399978637695,599.800598144531,2.0,7.0,5.0,0.0,0.0,24060101.0,65.28108617741411,29.5120896865608,31.026367378234852,22.346327705383317
2024-06-01 19:18:02+00:00,GER,GER,-20.160562480666123,-14.565838759802219,0.0,-8.601083564237413,-2.161173153635164,4.24981913248358,-10.2934750084818,6.406967597150315,4.209912770418088,4.996533277410586,-0.27791130597250746,5.425878883260223,-1.5548204206802918,20.47406816356974,24.41038131432892,23.8203076115532,69.7881637573242,51.04234657287598,1.0,331.645681791899,0.0842595040798187,1998.720703125,8016.634765625,317.658820409547,51.0084915161133,318.9051660085335,-0.19019681002891778,44.6552611,1.37041235672253,1804.427790641786,0.0,958.976209163666,889.850199222565,918.791890144348,-63.5647724,5.0,368.885314941406,34.1338996887207,44.4049606323242,-600.619995117188,34.1540843248367,56.5407037734985,-1.563473790111025,-0.856985649430498,0.195996707184306,-1.2289793627748125,151.400039672852,600.800354003906,2.0,7.0,5.0,0.0,0.0,24060101.0,65.63044215723326,28.7551373868887,29.804179573059052,22.412221560758713
2024-06-01 19:18:03+00:00,GER,GER,-20.1544214575834,-14.569819394050498,0.0,-8.55617592421822,-1.998015942619426,4.790875854614678,-10.3015529878358,6.4051985781552805,3.450514281183454,4.996533277410586,1.0223312423841355,4.7778156791479685,-1.555360005624724,19.85266438307112,24.945296116914943,23.2662249075899,67.519425201416,50.66283966064454,1.0,331.977492381778,0.0837973594665527,2012.900390625,8030.814453125,317.32485147989,50.9955001831055,316.9016802796725,0.571990430102589,44.6553546,0.362825385002763,1804.427814483642,0.0,852.236986160278,891.572535037994,831.676125526428,-63.5648938,5.0,357.471008300781,34.1338996887207,44.4049606323242,-601.619995117188,34.1560214757919,49.9040275812149,-0.4364926837806265,1.82296937862676,2.05796566555905,-3.5237406965864766,152.400100708008,601.800109863281,2.0,7.0,5.0,0.0,0.0,24060101.0,68.28619319333916,28.1189974732558,28.1886305809021,19.065158500671398
2024-06-01 19:18:04+00:00,GER,GER,-20.19127408475964,-15.90763420338368,0.0,-11.560854004263359,-6.981352995732777,-2.775810948741934,-10.30639943393875,6.4051985781552805,2.877068673942106,4.996533277410586,1.446817947707765,4.825307691994358,-1.5545506282080779,19.2308798195263,17.4154633494611,23.271688034397542,65.4618919372559,50.1692431640625,1.0,332.308100858363,0.0830398164689541,2026.955078125,8044.869140625,313.560788869809,50.352360534668,312.9622457324625,2.0089663153402,44.6554425,0.239290501568666,1804.46410179138,0.0,1109.8405122757,978.40428352356,976.115524768829,-63.5650204,5.0,341.749603271484,34.1338996887207,44.4049606323242,-602.719970703125,34.1521501541138,42.2261863946915,-0.23649602705331252,-0.243995914937423,1.84196904390704,-3.4397422190886955,153.400161743164,602.799865722656,2.0,7.0,5.0,0.0,0.0,24060101.0,68.11102752792284,27.6128411821701,27.7778371810913,17.067756080627444
2024-06-01 19:18:05+00:00,GER,GER,-20.34907911685308,-18.9860977925041,0.0,-17.163880844591763,-15.281746403694981,-13.83753329803758,-10.3069868302074,6.40563997913039,2.3927933207493917,4.9954426669548635,1.64329634331111,4.824493533445294,-1.555360005624724,20.76855757529562,6.511545477306024,21.51104558336236,66.1480155944824,49.99663352966308,1.0,332.502023589278,0.0828440688550472,2040.884765625,8058.798828125,309.613841114512,50.1661560058594,309.822312148359,1.3615771228329798,44.6555235,1.00456031746338,1804.4368743896503,0.0,1078.59349250793,989.534497261047,891.19166135788,-63.5651543,5.0,328.302307128906,34.1338996887207,44.4049606323242,-603.719970703125,34.1521501541138,37.3751878738403,-0.351494101169712,-0.924984558207912,-2.03996576921854,-3.966133500543402,154.40022277832,603.799621582031,2.0,7.0,5.0,0.0,0.0,24060101.0,65.55715695951471,26.4666415243409,26.0196135520935,22.857498741149907
2024-06-01 19:18:06+00:00,GER,GER,-21.25581336691,-18.02698589528744,0.0,-13.4790002760496,-9.138514693891015,-3.204149677986206,-10.3072805283417,6.40549334350665,2.6889405474528956,4.996169740592012,3.934355661231775,4.824765033464802,-1.555360005624724,26.84488749680192,18.051663539513434,22.10528262794666,61.8649887084961,49.70984985351564,1.0,332.329984784464,0.0845374815165996,2054.763671875,8072.677734375,305.659462113398,49.9046779632568,304.11241060601196,-1.3457774331953705,44.6555968,0.517393072848254,1804.436874389648,0.0,1104.28273677826,993.309378623962,923.158228397369,-63.5652955,5.0,316.673614501953,34.1338996887207,44.4049606323242,-604.719970703125,37.6422762870789,37.3596757650375,0.5034915701542285,0.89898490952373,-4.43792523161272,-9.557839558454598,155.400283813477,604.799377441406,2.0,7.0,5.0,0.0,0.0,24060101.0,71.57601801085397,24.7168068231389,24.03453168869015,16.49533047395594
2024-06-01 19:18:07+00:00,GER,GER,-21.592055725032203,-16.533239916259664,0.0,-10.6868604367476,-4.38419682916728,2.048815773392172,-10.3119805522643,6.40564104634745,2.635655957893122,4.99689681422916,7.479425971379145,4.8261218505434265,-1.5548204206802918,28.61487672020682,23.64087205337726,22.437360619731898,63.7643737792969,51.2449619293213,1.0,332.073688766048,0.0866687044501304,2068.57421875,8086.48828125,296.756146605746,49.7959613800049,291.957597204354,-1.690171654108476,44.655654,-0.921564020815911,1804.427790641784,0.0,1468.98221969604,1245.12505531311,1210.94679832458,-63.5654508,5.0,308.829498291016,34.1338996887207,44.4049606323242,-605.719970703125,75.0619411468506,48.0621218681335,-0.6514890962658455,-3.38694310656852,-0.384993537686406,-16.029330757410918,156.400344848633,605.799133300781,2.0,7.0,5.0,0.0,0.0,24060101.0,68.9018760073889,23.133773879205,27.303919601440448,17.706723403930667
2024-06-01 19:18:08+00:00,GER,GER,-21.5796582486697,-15.944321881491462,0.0,-9.264615439272452,-1.7997301082069594,5.744987925292838,-10.2905380271387,6.405935598255406,5.059569349392724,4.998350961503457,5.67694481238489,4.823136545611938,-1.550233820586586,29.945039668612782,27.324645789764382,24.07673886771432,69.9057861328125,57.96437324523929,1.0,331.890885583102,0.0887679152190685,2082.94140625,8100.85546875,278.951236798114,55.1950412750244,275.860863066628,-1.92596777753691,44.6556804,0.599774919274687,1804.6094655990578,0.0,805.225193500519,878.194391727448,940.550923347473,-63.5656366,5.0,298.546813964844,34.1338996887207,44.4049606323242,-606.619995117188,92.5512969493866,52.3896336555481,-3.775436796039445,-1.96496709048062,-0.811986388826897,-15.245344056739743,157.400405883789,606.798889160156,2.0,7.0,5.0,0.0,0.0,24060101.0,80.1386327544028,21.778141838403,28.652371215820352,17.342751993451802
2024-06-01 19:18:09+00:00,GER,GER,-21.62512955005016,-18.46202250013088,0.0,-14.526582076792888,-10.172588088003312,-8.046290776732546,-10.30948411812265,6.404609260895954,4.15372797581502,4.997987424684882,6.439755279930726,4.793827093977677,-1.5305387780157838,29.86378842126526,13.578839328270476,24.5335572873304,63.8261306762695,62.77149673461914,1.0,331.86678867571,0.0906796999275684,3.3828125,8117.126953125,265.289082608904,61.3903656005859,260.137139219855,-0.33359441917897237,44.655671,-0.947855019756877,1804.455041885376,0.0,456.076353788376,530.729651451111,570.639729499817,-63.5658476,6.0,292.317413330078,34.1338996887207,44.4049606323242,-607.619995117188,92.5474226474762,62.4987900257111,-2.636455794389275,0.0819986221211848,-0.452992393102967,-17.67470420393732,0.300000011920929,607.798645019531,2.0,7.0,6.0,0.0,0.0,24060101.0,102.59341650368852,20.6187530852865,28.0703052520752,-14.807917303788027
2024-06-01 19:18:10+00:00,GER,GER,-21.64786520074036,-22.07222246330706,0.0,-22.03615564939478,-21.7105663373211,-22.103728759910478,-10.31344904293585,6.40799852882816,3.784721968640568,4.995079813155208,4.756004793382685,4.513760395080546,-1.2888020762123857,26.56832596560946,-0.45586318164208384,23.30952796541834,59.9559700012207,64.68416015624999,1.0,331.843893881612,0.0926893919706344,20.8984375,8134.642578125,247.947423551539,64.4035034179688,243.1884346058185,0.386393523695018,44.6556175,-1.34694468050801,1804.5004606246962,0.0,370.743155479431,484.047174453735,359.310001134872,-63.5660571,6.0,290.430206298828,34.1338996887207,44.4049606323242,-608.719970703125,92.555171251297,62.4949097633362,-1.832469317988605,0.966983711579438,0.1439975698985,-12.64578788976597,1.30000019073486,608.798400878906,2.0,7.0,6.0,0.0,0.0,24060101.0,121.57819504515442,19.6280221933451,27.3062112808228,-26.632359539378765
2024-06-01 19:18:11+00:00,GER,GER,-21.61065672070836,-22.1220982121738,0.0,-22.202589259466684,-22.06758237429442,-21.79279600926726,-10.3063994339388,6.40549334350665,1.735614695581224,4.9954426669548635,1.0675137241462451,4.35093073432419,-1.128813347263936,22.51184519866872,-0.18213920584957427,22.189514569847997,49.720210647583,65.6041552734375,1.0,331.921293585287,0.0950547382235527,38.88671875,8152.630859375,235.567596397864,65.1318626403809,234.1870785628205,1.625772767287846,44.6555291,-0.31345925896157,1804.536795616148,0.0,802.538990974426,781.554996967316,642.74674654007,-63.5662483,6.0,290.128112792969,34.1338996887207,44.4049606323242,-609.719970703125,92.5183892250061,62.4735832214356,-0.156997374230271,1.8289692729258,2.27596161164717,-3.0663484183501475,2.29999995231628,609.798156738281,2.0,7.0,6.0,0.0,0.0,24060101.0,136.78160600925838,18.7818351797141,26.518843460082998,-51.49560607910156
2024-06-01 19:18:12+00:00,GER,GER,-21.92758671895234,-22.361755206752278,0.0,-22.23608211659024,-22.121853691401476,-22.4542783152871,-10.29347543536865,6.40593581169882,1.3129611169813,4.996169740592012,0.8778615623396859,4.179959317322456,-0.964238028893946,22.8280781761079,-0.5266913722191922,21.680292206843937,50.8060890197754,67.39157592773438,1.0,332.129778279512,0.0972034089267254,57.14453125,8170.888671875,231.06901524444,66.5598243713379,232.1096082248695,-0.5475907852479944,44.6554254,1.79063611686957,1804.44595813751,0.0,1155.70497512817,1158.15711021423,887.808978557587,-63.5664305,6.0,294.102203369141,34.1338996887207,44.4049606323242,-610.719970703125,92.5183892250061,62.4716460704804,-1.279478633207565,-1.95396728426573,-4.01193230949455,-2.624755957817475,3.29999899864197,610.797912597656,2.0,7.0,6.0,0.0,0.0,24060101.0,140.5416661284856,17.6626215992956,26.522722148895298,-53.50040702819826
2024-06-01 19:18:13+00:00,GER,GER,-22.86260307481502,-20.922287033511278,0.0,-18.51135285839238,-16.17125320911788,-12.634436627629597,-10.3044899691789,6.405051515644709,1.1625314512196925,4.9954426669548635,1.9889802746942449,4.014415680899399,-0.7856333632305313,26.56985182987008,10.228166447185421,17.9994783329336,49.3481174468994,68.65843826293947,1.0,332.229499041395,0.0987814866006374,75.9140625,8189.658203125,228.431974828546,68.2471527099609,228.12617359902652,-3.6617383935302854,44.6553129,1.34794967881136,1804.3187856674201,0.0,1199.0772485733,1109.63106155396,1108.88409614563,-63.5666096,6.0,300.710601806641,34.1338996887207,44.4049606323242,-611.719970703125,92.5222635269165,51.4667391777039,-1.2429791428196526,-0.872985260839547,-3.78293655719153,-6.111697665557015,4.29999828338623,611.797668457031,2.0,7.0,6.0,0.0,0.0,24060101.0,148.09772135820077,16.9412289719899,26.58778867721555,-61.17327737247242
2024-06-01 19:18:14+00:00,GER,GER,-22.93556691213314,-21.32260988491708,0.0,-19.46834056677718,-17.36254287301712,-16.00437188014586,-10.2994966740088,6.405787895414605,2.443903540931232,4.995079642400478,1.110065929407448,3.893650252410756,-0.6801435887875995,26.031988434619358,6.931194882576887,17.285528904275925,48.7435157775879,70.02583374023439,1.0,332.360693314972,0.101071301847696,95.017578125,8208.76171875,223.276179212806,69.5766151428223,222.425260585627,-4.372926760904666,44.655188,0.357709840118688,1804.4459581375122,0.0,1045.47226428986,946.913421154022,1038.21754455566,-63.566778,6.0,306.379699707031,34.1338996887207,44.4049606323242,-612.719970703125,92.5222635269165,49.4774788618088,-2.85995196374996,-1.20197978506831,0.030999480558764,-3.34574397645613,5.29999732971191,612.797424316406,2.0,7.0,6.0,0.0,0.0,24060101.0,148.6369265441138,16.6115203728277,26.7301199913025,-62.083087921142564
2024-06-01 19:18:15+00:00,GER,GER,-22.91261474444622,-20.828660507916076,0.0,-18.223394815060338,-15.757628564303479,-12.59382995773074,-10.301552987835851,6.40534628099608,1.898730968150628,4.9954426669548635,0.16443358260656357,3.8412733736473355,-0.6108060056215452,25.49183658448722,10.318784957470205,17.53761069597358,49.4038146972656,69.26467895507814,1.0,332.493007739574,0.103889009356499,114.486328125,8228.23046875,219.616741440431,70.0500434875488,219.9853121084235,-3.911134426780248,44.6550543,1.06849931910946,1804.482293128968,0.0,579.512894153595,589.045226573944,732.155561447144,-63.5669356,6.0,313.907897949219,34.1338996887207,44.4049606323242,-613.619995117188,92.5087094306946,49.3979871273041,-1.492474934184095,1.49397496111971,-1.33297758398557,-0.5055915838517008,6.2999963760376,613.797180175781,2.0,7.0,6.0,0.0,0.0,24060101.0,149.236089862637,15.6734809752384,26.843342685699447,-60.73425816127231
2024-06-01 19:18:16+00:00,GER,GER,-22.9376525103962,-22.896007480988818,0.0,-22.81172328814028,-22.59917838796272,-22.9214120280972,-10.293769133502899,6.40563997913039,1.89728138856534,4.9954426669548635,-1.52877440141495,3.98564922930415,-0.7300555803456086,24.7891812151316,0.016240408260814097,19.10734765215962,48.6100524902344,67.77074157714841,1.0,332.594695595937,0.106151103973389,133.677734375,8247.421875,219.934358897215,68.3684143066406,222.1112767894815,-2.636955849613882,44.6549232,1.02668831610522,1804.4732093811022,0.0,719.074666500092,597.952127456665,782.384693622589,-63.5670902,6.0,323.809387207031,34.1338996887207,44.4049606323242,-614.619995117188,92.4835443496704,49.3262499570847,-1.36697709173513,-1.26397879954669,-0.0199996643387101,3.6725384060397834,7.29999542236328,614.796936035156,2.0,7.0,6.0,0.0,0.0,24060101.0,145.8953978942976,14.679837007616,26.393004512786902,-56.10386695861818
2024-06-01 19:18:17+00:00,GER,GER,-22.902185045583618,-21.608714556417876,0.0,-19.76729862976754,-17.9465221687512,-15.766097486610079,-10.305517912649,6.405346494439495,1.9454911902604717,4.995442923086958,0.7638593284702535,4.12676828000997,-0.861985593362871,25.847741691192063,7.136087302841415,19.30313809830316,47.6298866271973,66.36145111083984,1.0,332.616197031444,0.108900106698275,152.462890625,8266.20703125,223.401677108615,66.7317947387695,223.12025965443252,-3.173746777098848,44.6548001,0.65469316201788,1804.427790641786,0.0,798.851072788239,727.905333042145,761.457324028015,-63.5672495,6.0,332.405303955078,34.1338996887207,44.4049606323242,-615.619995117188,92.4583792686462,45.5707013607025,-1.05698228614749,1.21797950319907,0.454992357869312,-2.354360465275625,8.29999542236328,615.796691894531,2.0,7.0,6.0,0.0,0.0,24060101.0,145.62670644857639,13.831598375913,26.65334873199465,-54.48780395507812
2024-06-01 19:18:18+00:00,GER,GER,-22.906358291166498,-21.359158568675277,0.0,-19.536959037745323,-17.5123663168012,-15.01181562014878,-10.30228723317155,6.405787895414605,2.257225164782042,4.995806203773438,-0.723408987194096,4.244277245057076,-0.9661266935933304,23.50364945483822,7.894541987998795,21.57999395246744,46.6540054321289,65.88934936523437,1.0,332.616989333388,0.112326508015394,170.873046875,8284.6171875,220.898795268399,66.0167152404785,221.902279831068,-2.2191628257264044,44.6546767,0.677425899205534,1804.4187068939202,0.0,911.039352416992,848.753869533539,876.288414001465,-63.5674035,6.0,315.373901367188,34.1338996887207,44.4049606323242,-616.719970703125,92.4525737762451,42.3114955425262,-1.7294710791610202,-1.61997284812111,0.331994418017428,2.101164669724333,9.29999923706055,616.796447753906,2.0,7.0,6.0,0.0,0.0,24060101.0,143.491501887609,12.9801623619049,27.48260192871095,-52.68850570678713
2024-06-01 19:18:19+00:00,GER,GER,-24.7979037082112,-23.732859333571678,0.0,-21.4880097458581,-19.164275912853842,-16.59895128796234,-10.3005246174789,6.405345427222435,2.208290402539532,4.995079386268384,-1.452599062509945,4.2524187451703686,-1.0055167573905928,23.89541237166664,8.198951907984688,22.80511542162776,46.5428169250488,65.03374374389648,1.0,332.593821331723,0.114843606948853,189.162109375,8302.90625,223.197290527892,65.4573600769043,224.9252259350675,-1.5985732037768798,44.6545569,0.903649395118319,1804.4368743896503,0.0,736.162662506104,742.0574426651,758.95881652832,-63.5675601,6.0,305.980194091797,34.1338996887207,44.4049606323242,-617.719970703125,92.4351513385773,42.2707796096802,-1.3384775404538751,2.79295314407742,3.33594400502674,3.246745491070416,10.3000030517578,617.796203613281,2.0,7.0,6.0,0.0,0.0,24060101.0,143.8392923880704,11.9223026632533,28.3957434654236,-50.31949768066405
2024-06-01 19:18:20+00:00,GER,GER,-25.176954276956415,-23.1380943153645,0.0,-20.53745641718092,-17.70608687411678,-14.91576591419076,-10.308456174652601,6.405493130063235,1.853783456902158,4.994716105581904,-0.425535692980071,4.400050722759256,-1.1307018732251042,22.9932519577874,10.261188021256222,23.1880281208392,44.7370662689209,63.71153228759764,1.0,332.62898314557,0.116972798109055,207.189453125,8320.93359375,226.665387380858,64.1096122741699,227.4956788367425,-0.7801869276976803,44.6544457,0.491964545372561,1804.4096231460578,0.0,924.072325229645,803.752779960632,858.185708522796,-63.5677229,6.0,291.573211669922,34.1338996887207,44.4049606323242,-618.719970703125,92.4061179161072,42.2397583723068,-1.029982735121417,1.0549822680203,3.14994728175672,1.3531772601421626,11.3000068664551,618.795959472656,2.0,7.0,6.0,0.0,0.0,24060101.0,143.378497773829,11.6083333812598,28.4417332649231,-51.35036790030343
2024-06-01 19:18:21+00:00,GER,GER,-25.28965956996026,-24.58109984357666,0.0,-23.465808499289,-22.291299414897402,-21.012452019235177,-10.3025809313059,4.346095792821125,2.4080173855225278,1.0207309210574746,0.05988783902450551,4.523530126914602,-1.268297592191916,20.99476592739834,4.277207593413776,24.55260361134042,44.3608840942383,62.93107040405272,1.0,332.691574999124,0.119872802495956,224.861328125,8338.60546875,228.031438875238,63.0553985595703,228.415172563188,-0.20919648931641302,44.6543396,0.422920617652135,1804.4005393981959,0.0,825.341284275055,784.14648771286,823.948442935944,-63.5678875,6.0,280.837493896484,34.1338996887207,44.4049606323242,-619.719970703125,83.2578420639038,42.2281235456467,-1.664472170893975,0.400993282497588,2.32396097948285,0.14819753592846205,12.3000106811523,619.795715332031,2.0,7.0,6.0,0.0,0.0,24060101.0,141.010952033903,11.5151696009808,28.843582248687753,-47.43774585723873
2024-06-01 19:18:22+00:00,GER,GER,-25.615165553726122,-24.58957337626098,0.0,-23.4489731075133,-22.274700347666958,-20.84759720738988,-10.3091895662147,-4.696789507877905,2.337695892262192,-1.4632374023073538,1.3506777524154,4.610644152513605,-1.347347704357726,22.03043843955004,4.767568431713562,23.7638465357982,44.1029148101807,62.04441055297851,1.0,332.760095456878,0.123027603328228,242.328125,8356.072265625,227.973204682375,62.4924797058106,227.1476943589085,-0.44479254022899795,44.6542345,0.123968827230017,1804.436874389648,0.0,815.978765487671,780.138194561005,784.889400005341,-63.56805,6.0,269.212097167969,34.1338996887207,44.4049606323242,-620.719970703125,83.2578420639038,42.2339409589767,-0.8049865388251185,-0.527991125201734,-4.40592622223803,-2.6773551378940383,13.3000144958496,620.795471191406,2.0,7.0,6.0,0.0,0.0,24060101.0,142.0388108096442,11.2026875926791,28.4452712059021,-47.489596023559564
2024-06-01 19:18:23+00:00,GER,GER,-25.6002473960504,-24.59592852577422,0.0,-23.472123692195602,-22.25811528232432,-20.88446178739722,-10.312128255105101,-11.03371511591535,1.934616760705532,-1.733984308082002,0.14447162771558097,4.6793036899941445,-1.4166850954247079,20.31003878008564,4.715786377049485,24.28789040930122,42.5468730926514,60.6187353515625,1.0,333.079584385494,0.125266510248184,259.53515625,8373.279296875,225.448493557571,61.3398696899414,225.220727239319,0.6903884189753684,44.6541275,0.0563495008796416,1804.4004917144782,477.47990787029255,1023.95641803741,965.177237987518,955.910623073578,-63.5682044,6.0,257.249389648438,34.1338996887207,44.4049606323242,-621.619995117188,83.2617104053497,42.2339409589767,-0.47199208506366497,-0.546990843842858,0.706988131872112,0.3797935705969735,14.3000183105469,621.795227050781,2.0,7.0,6.0,0.0,0.0,24060101.0,142.90234616225763,10.838740962755,28.15342540740965,-48.558733291625984
2024-06-01 19:18:24+00:00,GER,GER,-25.59172502751354,-24.608639507819625,0.0,-23.440554557851797,-22.2477514947872,-20.882413072155682,-10.310217509684751,-11.0344514956852,1.74938875388225,-1.39782179914009,0.19017663895951445,4.773473130251039,-1.5305387780157802,18.326811050792923,4.709312467622052,25.321373162805,40.934135055542,58.92942123413086,1.0,333.954996071037,0.127084203064442,276.33203125,8390.076171875,225.608388286041,59.4831527709961,226.2021981022935,1.367377063344064,44.6540226,0.699328181439649,1804.4368743896503,1103.8508534431462,1168.04456710815,1092.70775318146,958.783447742462,-63.5683536,6.0,243.97380065918,34.1338996887207,44.4049606323242,-622.619995117188,83.2559049129486,42.2358810901642,-0.8734853320724125,0.132997763683606,1.89096839412588,0.2517957668539956,15.3000221252441,622.794982910156,2.0,7.0,6.0,0.0,0.0,24060101.0,143.3958546505478,10.474827630003,27.9208285331726,-47.97423801422118
2024-06-01 19:18:25+00:00,GER,GER,-25.583203341995578,-24.59169380848882,0.0,-23.38165612909152,-22.20631615218732,-20.86193035936318,-10.31154000506285,-11.0334209908942,2.278611682356454,-1.527562395018904,0.5479396398278945,4.851360424054998,-1.5909730174996537,18.596886975859,4.721272811877659,25.9117313429597,39.5823291778564,56.92616249084472,1.0,335.217706803275,0.128427895903587,292.658203125,8406.40234375,225.598238624935,57.8427635192871,226.1857100256365,1.085381839190434,44.6539214,0.6941106639657,1804.455041885376,1627.45041847229,1189.45705890656,1126.15036964416,1037.45985031128,-63.5684992,6.0,230.246704101562,34.1338996887207,44.4049606323242,-623.719970703125,83.2520306110382,42.2300636768341,-0.7644872256262185,-0.919984646292051,-2.14696409766137,-0.3143947187354484,16.3000259399414,623.794738769531,2.0,7.0,6.0,0.0,0.0,24060101.0,143.8978462337872,10.3521454796786,27.67892761230465,-45.92240112304686
2024-06-01 19:18:26+00:00,GER,GER,-25.5512513755488,-24.504875273948763,0.0,-23.35851271610784,-22.19802703461062,-20.82711415308796,-10.3125688023066,-10.9989648209656,2.207565463336496,0.9167931470208703,3.17889975995731,3.7167085670555102,-0.37527451733889416,21.75158845347618,4.7241373078382,24.45651787613454,36.3725326538086,55.19080123901368,1.0,334.96108293578,0.127903510630131,308.408203125,8422.15234375,226.332087809739,55.4183418273926,224.88822680033348,1.39297663369761,44.6538237,-0.220930552873275,1804.5731306076061,1841.856002807616,1199.08237457275,1116.65952205658,1061.56003475189,-63.5686394,6.0,222.098693847656,34.1338996887207,44.4049606323242,-624.719970703125,83.2539677619934,42.2339409589767,-0.8664855087510606,-1.6489723372331,-0.337994312316461,-7.041881982747023,17.3000297546387,624.794494628906,2.0,7.0,6.0,0.0,0.0,24060101.0,145.94614073567942,10.3303196101858,27.418706130981448,-46.41963773874134
2024-06-01 19:18:27+00:00,GER,GER,-22.104320254292624,-19.607964659828404,0.0,-18.449636122825776,-17.524520809183976,-16.011257564602857,-10.3284297822198,-10.7767685219813,1.9491161850964118,1.205347708659364,10.15346296068569,1.6088772591752716,1.7544911186356635,24.2822172541766,6.093063116576564,18.74356597130396,34.0222755432129,54.366835556030274,1.0,334.34248636303,0.126895616948605,323.72265625,8437.466796875,218.064621932681,54.7847877502441,211.507947687981,-1.4439758312889235,44.6537174,-1.09502788056749,1804.4368743896498,1840.921664237978,1127.43425369263,1106.21559619904,994.439423084259,-63.5687591,6.0,209.634704589844,34.1338996887207,44.4049606323242,-625.719970703125,83.2539677619934,42.2397583723068,-0.6429892059882405,-0.390993458665866,-5.80190290980686,-23.20601030137654,18.3000335693359,625.794250488281,2.0,7.0,6.0,0.0,0.0,24060101.0,152.8240729279908,10.4264587916219,26.98829870224,-47.74385879516603
2024-06-01 19:18:28+00:00,GER,GER,-2.10200892379443,0.762845173444554,0.0,1.110335572469276,0.904232735962124,0.772922370512968,-10.34076638452135,-10.69872806118525,3.25876145867908,1.8958433776129575,13.403810821590401,-0.3708612797359899,3.8923502966569736,8.790227233134484,2.874931144897012,14.7311839792299,29.9612995147705,52.600325317382804,1.0,333.545403286889,0.125933012366295,338.79296875,8452.537109375,196.209669494419,53.4387016296387,185.7338873454795,-3.1601470593763876,44.6535923,-3.51806331528231,1804.4095993042004,1840.912604331968,1138.56470584869,1046.26297950745,1093.83475780487,-63.5688187,6.0,203.801406860352,34.1338996887207,44.4049606323242,-626.719970703125,83.1668615341186,42.154449224472,-2.28146172819803,-1.72497110507589,0.069998826853012,-28.897715878265437,19.3000373840332,626.794006347656,2.0,7.0,6.0,0.0,0.0,24060101.0,155.9374807894332,10.5002948440971,26.88797550201415,-48.274394416809066
2024-06-01 19:18:29+00:00,GER,GER,18.679612348784183,18.0009010613377,0.0,14.885290293133062,10.870798967888597,7.0292605829014745,-10.3473750194301,-10.5916789332104,3.704976094986086,2.6077811661496777,12.52279880781565,-1.5711880939082419,4.849045416813186,-17.481152523048983,-11.650351552439293,-6.5293112529044794,23.9926265716553,49.03191856384278,1.0,332.311297386895,0.124844209849834,353.326171875,8467.0703125,167.622486459221,50.3982353210449,156.5938824592385,-2.711354581610574,44.6534686,-4.23680390819934,1804.318833351136,1840.840005874636,914.617240428924,921.987771987915,1014.97113704681,-63.5687935,6.0,202.316802978516,34.1338996887207,44.4049606323242,-627.619995117188,82.9926431179046,41.9721961021423,-1.584473313435932,2.66495539903139,1.8179694667109,-25.3941734170925,20.3000411987305,627.793762207031,2.0,7.0,6.0,0.0,0.0,24060101.0,33.1060553146082,10.5633818863659,26.974903106689453,-48.46461248958812
2024-06-01 19:18:30+00:00,GER,GER,25.72169498968242,21.76868509998764,0.0,17.28319878524054,12.62840864417758,7.692708873496547,-10.34664077409435,-10.62053947066155,1.837471513748968,0.125630174696088,5.490970073786254,-1.597512133889314,4.803719598462065,-25.24126084950158,-18.02898543316696,-29.116494350589022,23.1191980361938,46.37529808044434,1.0,330.00821224028,0.125304812192917,366.84765625,8480.591796875,143.830820221424,46.9344795227051,137.421691723175,-1.458775538543362,44.653369,-4.27539533078356,1714.865803718568,1840.8763170242298,1311.83803081512,1141.74938201904,1240.85700511932,-63.5687048,6.0,202.039901733398,34.1338996887207,44.4049606323242,-628.619995117188,83.0274879932404,49.2254287004471,0.6344893423910636,1.34997739122121,0.697988290423563,-8.364859508113128,21.3000450134277,628.793518066406,2.0,7.0,6.0,0.0,0.0,24060101.0,-161.1120375687862,10.6172908619375,26.9938596725464,-44.39942619323732
2024-06-01 19:18:31+00:00,GER,GER,25.886103448665427,22.23494147499888,0.0,18.4701801365661,14.254671221406301,10.779957451927432,-10.3582431310601,-10.607876299940301,2.594332993249426,2.983919811808327,1.4977738269587,-1.57037387132615,4.797514200846377,-24.93723444463758,-15.106146338247441,-28.498447949576963,26.3107915878296,46.67854545593262,1.0,327.498582173164,0.126543000340462,379.693359375,8493.4375,134.021220573182,45.9005664825439,131.45230446407,-0.4911917788370828,44.6532863,-1.81837351508899,997.5795745849621,1840.658640861512,1505.40125370026,1287.513256073,1281.42559528351,-63.568592,6.0,208.534301757812,34.1338996887207,44.4049606323242,-629.619995117188,83.0390989780426,51.2941837310791,-1.5089746968672901,-5.30691056291958,-1.45597573728087,-2.969350047141166,22.300048828125,629.793273925781,2.0,7.0,6.0,0.0,0.0,24060101.0,-147.3994929759558,8.43199915774862,24.87183752059935,-41.425257873535166
2024-06-01 19:18:32+00:00,GER,GER,25.87326781566768,22.303901113916076,0.0,18.6697176244883,14.612152394262079,10.211876702147029,-10.3575088857243,-10.5545730767707,3.9953236373106025,4.346740669400481,-0.2064651260157939,-1.5500201637316082,4.797514200846377,-24.70110865785996,-15.66139136965272,-29.736253080026017,36.0594532012939,47.900547180175785,1.0,325.906874888984,0.126528905332088,392.701171875,8506.4453125,130.937840955406,47.4647655487061,130.5673100231215,0.2599956330681784,44.6532074,-0.883951503077973,383.7878569960594,1840.78562259674,699.640452861786,748.21674823761,755.210757255554,-63.5684687,6.0,219.758804321289,34.1338996887207,44.4049606323242,-630.719970703125,83.1862151622772,51.4609217643738,-1.856468841823885,1.75797052372057,0.347994162828609,1.790369910246668,23.3000526428223,630.793029785156,2.0,7.0,6.0,0.0,0.0,24060101.0,-131.15229523496598,5.17757879655127,23.36402750015255,-31.17472190856933
2024-06-01 19:18:33+00:00,GER,GER,25.745162495142175,21.2367308428974,0.0,16.66609802391906,11.372880880379645,5.874119439052419,-9.716881110919905,-10.5558981334697,4.975835840546059,3.74237479578649,-0.30733164629490634,-1.5486633039643019,4.903274130615325,-25.110800138240798,-19.87104339759926,-29.29110711219202,39.8868083953857,48.957670898437485,1.0,324.917781534896,0.126815204322338,406.02734375,8519.771484375,133.324022183463,48.3372619628906,132.59127265911502,1.0621821945399887,44.6531245,-1.44997488248648,26.048456132411957,1840.8128023147601,764.126121997833,724.038541316986,688.900828361511,-63.5683457,6.0,227.854705810547,34.1338996887207,44.4049606323242,-631.719970703125,83.1978321075439,51.478374004364,-0.237496029446804,-1.49697480154752,-1.67597175485704,2.899151315858992,24.3000564575195,631.792785644531,2.0,7.0,6.0,0.0,0.0,24060101.0,-128.78167864198923,4.52994495520571,23.223393917083747,-27.472292350320267
2024-06-01 19:18:34+00:00,GER,GER,25.7259553201772,20.11672496053514,0.0,14.15794071634276,7.522514732022351,0.43490809056535396,-3.0767925139708665,-10.5557508575157,5.0041099208795154,3.595553817784176,-0.6220179105545095,-1.5492060692155678,5.530279007742782,-26.230395526233924,-25.29104678138068,-29.01935164360906,39.8566509246826,51.372401275634765,1.0,323.552891172674,0.128283807635307,419.67578125,8533.419921875,136.088500268891,50.0249473571777,135.8737181402505,1.1193812188739487,44.6530347,-1.08107657885751,0.0,1840.77653884888,993.954658508301,891.139447689056,808.71307849884,-63.5682242,6.0,239.842193603516,34.1338996887207,44.4049606323242,-632.719970703125,83.2036375999451,51.4977633953094,-0.896984944757387,-1.09198172291937,0.380993608153718,3.4075427863505494,25.3000602722168,632.792541503906,2.0,7.0,6.0,0.0,0.0,24060101.0,-128.57492608373724,4.46998101693488,24.16046676635745,-32.83315864562988
2024-06-01 19:18:35+00:00,GER,GER,25.7600895320638,20.026454448388584,0.0,14.13404325047468,7.9174490764371885,1.2159125065293217,5.752474538330775,-10.50288903532125,5.00084765177719,4.25116169154231,-0.05778979034044145,-1.551648416796714,5.546196848980862,-23.74630592699068,-24.544176523942475,-29.166477333425725,44.1499877929688,54.620706939697264,1.0,322.014896496127,0.130069005489349,434.03515625,8547.779296875,139.45790088835,53.3880477905273,138.7256704583785,0.37639368385504063,44.6529347,-1.24317447022166,0.0,1840.7674312591582,826.915204524994,824.300944805145,820.28716802597,-63.5681027,6.0,247.89990234375,34.1338996887207,44.4049606323242,-633.719970703125,83.2133173942566,51.503574848175,-2.09946461429558,0.399993300114416,0.378993643387373,2.452758838501472,26.3000640869141,633.792297363281,2.0,7.0,6.0,0.0,0.0,24060101.0,-125.20588063411519,5.07412576317449,25.54660663604735,-31.079464694431863
2024-06-01 19:18:36+00:00,GER,GER,25.760089532063823,19.950796101442922,0.0,13.748999532242241,7.366913375087265,0.14189698790794428,6.43569366525209,-10.505097747744049,5.0004850541096255,3.3600579878914703,-0.6861094975594265,-1.552733925954902,5.547546408983496,-24.42645514001218,-25.618192010547357,-29.958669311101563,47.0464576721191,57.12308418273924,1.0,321.2786021036,0.131777706742287,449.283203125,8563.02734375,141.850324909309,56.1125267028809,141.22513720401,0.42119294264592144,44.6528256,-1.18732785535987,0.0,1840.7039642333998,811.966300010681,810.420572757721,796.992659568786,-63.5679809,6.0,258.655395507812,34.1338996887207,44.4049606323242,-634.619995117188,83.217191696167,51.51327252388,-1.82396946773164,1.15298064829287,1.98696670291041,2.814552784898284,27.3000679016113,634.792053222656,2.0,7.0,6.0,0.0,0.0,24060101.0,-126.8642669570482,6.44880421336393,27.756841278076152,-32.06868804931642
2024-06-01 19:18:37+00:00,GER,GER,25.781428750578222,19.31665640870844,0.0,12.62178797106034,5.437564483156469,-2.4407201391694797,6.436134212453555,-10.47756312076565,5.00084765177719,4.448134315365134,-0.567380932866903,-1.552733925954902,5.546466897585175,-23.399937130405043,-28.222148697648663,-30.096301720990816,46.2746543884277,60.1668539428711,1.0,320.798303201165,0.13335790336132,465.212890625,8578.95703125,144.253526968778,58.6087097167969,144.538578083599,-0.16399724957845482,44.6527072,-0.543922488079936,0.0,1840.6949520111098,771.799623966217,780.79628944397,794.708430767059,-63.5678612,6.0,268.750091552734,34.1338996887207,44.4049606323242,-635.619995117188,83.2191228866577,51.5152096748352,-2.696454844101305,-1.61697279424988,-0.484991829364477,3.6827380662655798,28.3000717163086,635.791809082031,2.0,7.0,6.0,0.0,0.0,24060101.0,-130.93850484979322,7.62708270840377,29.51783638000485,-40.26092582702636
2024-06-01 19:18:38+00:00,GER,GER,25.68542975877478,19.925607046802803,0.0,13.948469572046381,7.5546678475401965,1.415443601821354,6.4359873633864,-10.451205847645351,5.000485054109626,3.566479751544186,-0.84686765799005,-1.3619517373646142,5.01685804207852,-22.04230896681808,-24.26998575141096,-33.16117289215346,46.7446186065674,62.81057510375975,1.0,320.50241940632,0.135652506351471,482.01953125,8595.763671875,148.079143243658,62.0291999816894,148.611010074327,-1.1113813918250819,44.6525768,-0.633748173484624,0.0,1840.694904327394,622.946798801422,679.045975208282,701.774060726166,-63.5677468,6.0,277.949401855469,34.1338996887207,44.4049606323242,-636.619995117188,83.2907497882843,51.5908241271973,-1.3464774528801031,1.89596809259833,-1.30997798917261,4.134330622770324,29.3000755310059,636.791564941406,2.0,7.0,6.0,0.0,0.0,24060101.0,-134.14763371434,8.58953320208673,33.9701711654663,-45.19886798858642
2024-06-01 19:18:39+00:00,GER,GER,25.702491571321463,22.269416171815617,0.0,18.73071633641838,14.931393216256998,11.06366011665186,6.436868457789335,-10.4700533277732,4.999035004948831,1.987425093981086,-0.08090455955178626,-1.1964081649745801,4.852282755725044,-22.360831082157556,-14.6388314546696,-32.64735893447982,47.9651859283447,64.9893589782715,1.0,320.203803535807,0.138282707333565,499.521484375,8613.265625,153.002794389889,64.0137634277344,152.22394108864302,-1.3345775984873298,44.6524354,-1.64166478187313,0.0,1840.649557113646,1070.94275951386,942.981958389282,1035.18092632294,-63.5676436,6.0,287.906097412109,34.1338996887207,44.4049606323242,-637.719970703125,83.2888126373291,45.8053022623062,-0.648989100287273,-0.281995272178393,0.357993986660331,3.70273784199507,30.3000793457031,637.791320800781,2.0,7.0,6.0,0.0,0.0,24060101.0,-134.5845308627134,9.57616171165789,34.047085762023954,-46.462722957835474
2024-06-01 19:18:40+00:00,GER,GER,25.71742407239442,23.12428128229656,0.0,20.423503248615738,17.62596260798226,14.868552060798299,6.435840514319246,-10.44281239892905,5.000122456442062,1.727944008945164,0.943004037981434,-0.9168837404088646,4.582217502829562,-22.263176452499316,-10.848871328577204,-28.2471635824649,49.8868148803711,67.96047134399414,1.0,319.936497252449,0.141874413192272,517.634765625,8631.37890625,157.955105009877,66.3997604370117,155.092395143806,-0.11019817068336595,44.6522828,-2.8320145690539,0.0,1840.5770063400262,1398.65040779114,1281.50951862335,1319.24259662628,-63.5675528,6.0,288.958190917969,34.1338996887207,44.4049606323242,-638.719970703125,83.2888126373291,38.2088929414749,-2.1964631722675447,-2.24096222823615,1.46597534766918,0.011599763628283789,31.3000831604004,638.791076660156,2.0,7.0,6.0,0.0,0.0,24060101.0,-137.9886889488206,10.8645087051725,31.5217529296875,-51.650127410888686
2024-06-01 19:18:41+00:00,GER,GER,25.698227142713158,21.390238319965057,0.0,16.59714248311538,11.666019451442414,5.779731261987356,6.436427910587865,-10.429707400345901,4.999759858774498,2.657932982724918,-1.104288656586675,-0.636545103933233,4.288410085492292,-24.534790819494503,-19.91849545383898,-22.810809750338798,52.1164455413818,70.3878909301758,1.0,319.635395193078,0.144436110556126,536.595703125,8650.33984375,156.433434485446,69.6492485046387,155.9098868251865,2.58175671534107,44.652123,-1.50126757544087,0.0,1840.640497207642,1056.48505687714,1154.80780601501,1075.23393630981,-63.5674591,6.0,289.621307373047,34.1338996887207,44.4049606323242,-639.719970703125,83.2849383354187,30.6939125061035,-2.1419639723021,1.3859767570154,2.84695240621213,3.801736012551752,32.3000793457031,639.790832519531,2.0,7.0,6.0,0.0,0.0,24060101.0,-139.990316866228,11.7386030179785,29.550477790832552,-54.79330833435062
2024-06-01 19:18:42+00:00,GER,GER,25.67476817498984,20.69415632466668,0.0,15.5321349914974,9.907627547738754,3.883091633727562,6.43628106152071,-10.43986730673635,4.999759858774498,2.282884691389898,-0.701345114957212,-0.4346362170198758,4.1249142251597695,-24.34177069807832,-21.7916758582434,-22.719629456994802,51.2105609893799,71.8603967285156,1.0,319.353089814303,0.146212001144886,556.189453125,8669.93359375,159.471079156539,71.2700134277344,159.65382769797202,2.849352278554382,44.651957,-0.445198800414439,0.0,1840.5769824981683,1149.14643764496,1215.94214439392,1080.11043071747,-63.5673703,6.0,290.439605712891,34.1338996887207,44.4049606323242,-640.719970703125,83.2888126373291,26.1337429285049,-1.650972301999445,-0.310994787970812,-0.401993238200333,2.818952728728584,33.3000640869141,640.790588378906,2.0,7.0,6.0,0.0,0.0,24060101.0,-142.5821059128326,12.4484586020024,30.9019987106323,-58.986267242431666
2024-06-01 19:18:43+00:00,GER,GER,25.702491912830897,22.43176601178274,0.0,19.15866252188446,15.50563419902718,13.007483545471757,6.435840514319246,-10.4401622855311,4.999759858774498,2.561263437099706,0.143945182881174,-0.346165347661827,4.011600191546153,-22.68507518847424,-12.695008367359206,-23.21338451511396,50.5596691131592,72.88633712768555,1.0,319.524582203984,0.147559610009193,576.181640625,8689.92578125,161.849228082133,72.4526573181152,161.78628788893099,0.8329860348817675,44.6517852,-0.234460543969262,0.0,1840.513467788694,1204.35750484467,1247.46716022491,1147.19188213348,-63.567291,6.0,290.222412109375,34.1338996887207,44.4049606323242,-641.619995117188,83.2849383354187,26.1201709508896,-2.0044663946159247,-0.0369993781928504,-3.73193766909316,0.3263945460201322,34.300048828125,641.790344238281,2.0,7.0,6.0,0.0,0.0,24060101.0,-144.402949651212,13.2054732271507,32.7627702713013,-60.63296813964843
2024-06-01 19:18:44+00:00,GER,GER,25.69822748422262,23.20005369340138,0.0,20.434993334346977,17.55201044229126,13.647887119316659,6.43745585405796,-10.443401502745001,4.999760029529228,2.216742462816646,0.07407445709315949,-0.29053186138257137,3.968972468671918,-22.653413846576644,-12.050339852641807,-23.02975863588218,49.7430141448975,72.91964767456054,1.0,319.950704045923,0.148155798017979,596.443359375,8710.1875,162.380808044856,72.9596076965332,161.7062790529935,0.0431992789736777,44.6516112,-0.617693600397098,0.0,1840.6404733657841,1162.56153583527,1198.86100292206,1105.76021671295,-63.5672145,6.0,288.851501464844,34.1338996887207,44.4049606323242,-642.619995117188,83.2810699939728,26.0852694511414,-1.341977478794975,1.91496797132202,0.684988519442325,0.31319471719727965,35.3000335693359,642.790100097656,2.0,7.0,6.0,0.0,0.0,24060101.0,-145.9523507436728,13.7915051654851,33.3091753005981,-62.48567104339602
2024-06-01 19:18:45+00:00,GER,GER,25.71955782349112,23.6997148160958,0.0,21.75635524249794,19.62658068192074,17.93748531621504,6.4371621559236445,-10.4466411468457,4.99903500494883,1.738482884112786,0.8852142609812035,-0.34345166014372763,4.002696783830951,-20.89296025027202,-7.782072336521315,-21.66105224697092,49.3200164794922,73.03663421630861,1.0,320.499687330652,0.150024707615376,616.693359375,8730.4375,162.559472133166,72.7688163757324,161.12330874695448,-0.5657905179825804,44.6514374,-0.453079584736591,0.0,1840.5407190322862,1367.52045154572,1366.59121513367,1300.00758171082,-63.5671375,6.0,287.566314697266,34.1338996887207,44.4049606323242,-643.619995117188,83.2810699939728,26.0581254959106,-1.7854700392578051,-0.330994435634256,1.14298071773945,-2.7995530491507,36.3000183105469,643.789855957031,2.0,7.0,6.0,0.0,0.0,24060101.0,-145.914254680558,14.0757469028897,31.4898136138916,-62.80815222603935
2024-06-01 19:18:46+00:00,GER,GER,25.732357256486278,24.0944796010645,0.0,22.5355910343372,20.86618420117826,18.49668331960246,6.435840514319245,-10.4451683873059,4.9986724072812665,1.853323571727606,0.29209410957394305,-0.30464381127627,3.9668137873847362,-20.14224049821756,-7.235673936883773,-19.55442417296252,52.77106590271,72.73917388916014,1.0,321.163772963274,0.151344609260559,636.982421875,8750.7265625,160.262219968102,72.7657814025879,159.162819058918,0.04539923054500218,44.6512654,-1.05281805854875,0.0,1840.567898750304,1157.48560428619,1183.26163291931,1209.80083942413,-63.5670538,6.0,286.403289794922,34.1338996887207,44.4049606323242,-644.719970703125,83.2810699939728,26.0445535182953,-1.778470215936455,0.965983729196266,2.65195541460674,-0.011999798519849843,37.3000030517578,644.789611816406,2.0,7.0,6.0,0.0,0.0,24060101.0,-143.83189119508557,14.1884441704213,28.68492765426635,-57.77055708941291
2024-06-01 19:18:47+00:00,GER,GER,25.706759756533778,24.1388017231171,0.0,22.55231475251996,20.652839144339442,18.70066008897576,6.437015306856495,-10.4476716516367,4.9990348341941,1.9685272412081318,-0.11767952992844984,-0.36841881367707197,4.0499108079781205,-22.07397065022512,-7.006099838312783,-19.14078552626032,52.7769916534424,72.2447328186035,1.0,322.074319141906,0.150107212364674,657.169921875,8770.9140625,159.953276851564,72.2640357971191,159.314818088708,1.0971815886231848,44.6510953,-0.614110365764633,0.0,1840.513491630552,1200.23310184479,1157.00531005859,1190.9773349762,-63.566967,6.0,286.220489501953,34.1338996887207,44.4049606323242,-645.719970703125,83.283007144928,26.0329216718674,-1.65897216106482,0.710988061404801,3.1789465574253,0.053599095091657875,38.2999877929688,645.789367675781,2.0,7.0,6.0,0.0,0.0,24060101.0,-143.43991756692157,14.3646545132712,27.898525428771947,-57.628266525268565
2024-06-01 19:18:48+00:00,GER,GER,25.666240683811075,22.53392037006622,0.0,18.67409987385978,14.773763549270521,10.133635006902528,6.436574759655025,-10.446493444004851,4.999397431861664,2.0975410195818904,-0.38876071384889227,-0.38605878039266406,4.0391191090895,-24.1071700925424,-15.532605591531208,-20.00990592455802,53.0390464782715,72.36660140991209,1.0,322.846977461575,0.146746404469013,677.232421875,8790.9765625,160.344209558899,72.1503410339356,159.6068223361045,2.258962167265342,44.6509254,-0.893380632588028,0.0,1840.567922592162,1175.21703243256,1198.63879680634,1086.76397800446,-63.5668816,6.0,285.785614013672,34.1338996887207,44.4049606323242,-646.719970703125,83.2791328430176,26.0271042585373,-1.761470462061675,0.181996967160109,2.62695606847084,1.359977196376629,39.2999725341797,646.789123535156,2.0,7.0,6.0,0.0,0.0,24060101.0,-141.91376643839538,14.5970653601592,28.185026550293003,-56.92368143867046
2024-06-01 19:18:49+00:00,GER,GER,25.6577090945188,21.31105866899274,0.0,16.8289362224119,12.11210576557038,6.264206483590656,6.4371621559236445,-10.444874262284749,4.999397431861665,2.498028734678768,-0.07144998858758851,-0.3336817202023446,3.9948726313819707,-24.55615257763316,-19.393503891588622,-21.351548371902044,53.8920455932617,73.04369567871093,1.0,324.099606834599,0.144098702073097,697.345703125,8811.08984375,161.376538010433,72.5571166992188,161.05829900643448,1.5183745632856174,44.6507538,-0.437588422214311,0.0,1840.604209899902,1183.96151065826,1278.76162528992,1144.80245113373,-63.5667994,6.0,285.207794189453,34.1338996887207,44.4049606323242,-647.719970703125,83.283007144928,26.0174095630646,-2.02296617542632,-1.63697244191333,-2.28596143547889,0.2533957600114126,40.2999572753906,647.788879394531,2.0,7.0,6.0,0.0,0.0,24060101.0,-139.085294944596,15.159311164709,29.3781503677368,-52.98335884094237
2024-06-01 19:18:50+00:00,GER,GER,25.6854304417937,23.074967999507983,0.0,20.312116523631158,16.987476695124222,14.15700241910551,6.4374560675013655,-10.43810042217545,4.9990348341941,2.3028729411751643,0.4365657014377009,-0.2718064495418172,3.93174068061935,-24.41501115805782,-11.528427681178746,-22.98243088908534,55.2247901916504,73.75908691406252,1.0,325.521215087688,0.142130416631699,717.654296875,8831.3984375,161.619638103372,73.3511672973633,160.207817511363,0.6381892905490136,44.65058,-0.69014579251336,0.0,1840.5225515365578,1195.62351703644,1245.9112405777,1153.27680110931,-63.566718,6.0,284.437286376953,34.1338996887207,44.4049606323242,-648.719970703125,83.2752585411072,26.0115951299667,-1.85046894752485,0.504991530388774,1.19398003272464,-1.220179549819411,41.2999420166016,648.788635253906,2.0,7.0,6.0,0.0,0.0,24060101.0,-137.100734303887,16.1938799182908,30.30965881347655,-51.55654830932614
2024-06-01 19:18:51+00:00,GER,GER,25.689697260968178,21.972086767432803,0.0,18.13036012535668,14.1506334384592,10.064277253334078,6.436134212453555,-10.449144411176501,4.998672578035996,1.9659834226291202,-0.0656689071359405,-0.2438541031347808,3.90691943166607,-24.662199460724658,-15.62541966612466,-22.75949727118016,56.2015880584717,73.68313430786134,1.0,327.109097465933,0.140121911466122,738.142578125,8851.88671875,160.611666106418,73.584049987793,160.2438194384775,0.49999161713889145,44.650406,-0.624561782494369,0.0,1840.422773361202,1295.5402135849,1326.88546180725,1246.80113792419,-63.5666336,6.0,283.639312744141,34.1338996887207,44.4049606323242,-649.619995117188,83.2791328430176,26.0154724121094,-1.74197080558982,-1.01998288460927,-0.634989346922863,0.444992571390188,42.2999267578125,649.788391113281,2.0,7.0,6.0,0.0,0.0,24060101.0,-136.03125781949478,17.1980133489311,30.44121150970455,-49.63741493225097
2024-06-01 19:18:52+00:00,GER,GER,25.730222480861176,22.472676112835437,0.0,19.31864057866232,15.86795900053292,12.69290919409515,6.4359873633864,-10.4394259057612,4.99903500494883,2.72189475878301,0.851067583999373,-0.2620366963634192,3.9322802655637843,-22.2624138618785,-13.037312945256597,-21.89083278800956,56.5647205352783,73.95765518188475,1.0,328.385987670888,0.138333615660667,758.615234375,8872.359375,160.612895540469,73.8070518493652,159.407824774636,-0.9719836661839792,44.650232,-0.589434279675552,0.0,1840.5497550964342,1098.60587120056,1165.55154323578,1130.57374954224,-63.5665483,6.0,282.988189697266,34.1338996887207,44.4049606323242,-650.619995117188,83.2752585411072,26.0174095630646,-2.686454913547885,0.0,-2.61895578251864,-2.473758425859404,43.2999114990234,650.788146972656,2.0,7.0,6.0,0.0,0.0,24060101.0,-137.38922783404982,18.2220875168532,29.500553512573248,-53.43169574737547
2024-06-01 19:18:53+00:00,GER,GER,25.738755094681842,22.34231307327982,0.0,18.72051271681734,14.95519437645776,10.126418826667056,6.436868457789335,-10.44266512297505,4.997947468078233,1.8605919815658978,-0.0935138258064106,-0.2880894551044834,3.93794590748031,-20.48517575870744,-15.612335755750602,-21.257856618000222,55.9008613586426,73.13118392944337,1.0,329.715388370183,0.136304806172848,779.154296875,8892.8984375,158.34234941506,73.5892135620117,157.859352587902,-0.9195845359449061,44.6500601,-0.619542287145497,0.0,1840.513467788694,968.534767627716,987.142503261566,1074.71895217896,-63.5664564,6.0,282.623413085938,34.1338996887207,44.4049606323242,-651.619995117188,83.2791328430176,26.0096549987793,-1.3074780865755349,2.61895578251864,0.671988748461086,0.5369909986667943,44.2998962402344,651.787902832031,2.0,7.0,6.0,0.0,0.0,24060101.0,-136.7895317607712,18.6580943500682,28.9590382575989,-54.472048377990724
2024-06-01 19:18:54+00:00,GER,GER,25.72808872976446,21.8442754865511,0.0,17.84991426558322,13.60975127035008,8.615369161018574,6.436868457789335,-10.4403091345983,4.997947382700867,1.8293379750749321,0.3672194911557555,-0.35295004670475,4.016186663573817,-20.36577824635484,-17.112719312613798,-21.045116032902918,56.544038772583,72.75585662841799,1.0,331.212101383386,0.134239411354065,799.435546875,8913.1796875,159.583176221198,72.3761856079102,158.3063474879445,-0.15039749183535583,44.6498902,-1.10849125063864,0.0,1840.586066246032,1162.7893447876,1135.62536239624,1156.56769275665,-63.5663664,6.0,282.591186523438,34.1338996887207,44.4049606323242,-652.719970703125,83.283007144928,26.0154724121094,-1.80746970504845,-1.69297156209267,0.18099695809651,0.11099814058164699,45.2998809814453,652.787658691406,2.0,7.0,6.0,0.0,0.0,24060101.0,-135.3538697104454,19.0622878696767,27.0111777305603,-51.80628505506014
2024-06-01 19:18:55+00:00,GER,GER,25.659846260710122,19.38354650030714,0.0,12.62538287037528,5.004627649218602,-2.995370453197124,6.436868457789335,-10.43662808952245,4.997585041165399,2.189122586539632,-0.07827818339572445,-0.2989448081545174,3.9573708801024603,-23.40070006253534,-28.655216841973278,-21.14421593058954,58.2418899536133,73.76808334350585,1.0,332.09161118243,0.132469207048416,819.666015625,8933.41015625,159.787617443434,73.1409851074219,158.9743331585825,1.8161696264872418,44.6497184,-1.22586260871832,0.0,1840.531611442564,1083.41264724731,1092.48042106628,1048.99275302887,-63.5662788,6.0,282.203186035156,34.1338996887207,44.4049606323242,-653.719970703125,83.2810699939728,26.0154724121094,-1.8309692376921451,0.613989663515394,2.47295856801892,1.7225711473562781,46.2998657226562,653.787414550781,2.0,7.0,6.0,0.0,0.0,24060101.0,-134.28495056948958,19.6686396207918,27.36121759414675,-49.531217651367186
2024-06-01 19:18:56+00:00,GER,GER,25.627872437658016,17.77326519969844,0.0,9.231244671780328,-0.38652767287918677,-10.06979041127739,6.437015306856495,-10.4353030328235,5.935686849608274,2.4060836735911324,-0.050435177378325494,-0.1898489126093154,3.8389307895167506,-24.45735423279838,-35.69766336119956,-22.108711724419482,58.783268737793,75.56624450683591,1.0,333.024806268351,0.129781003296375,840.193359375,8953.9375,161.427805410343,74.5993515014648,160.9837953029675,2.284161680632594,44.649542,-1.03982693202568,0.0,1840.604186058044,1049.27325248718,1139.79423046112,1055.01794815063,-63.5661951,6.0,281.754608154297,34.1338996887207,44.4049606323242,-654.719970703125,83.2868754863739,26.0154724121094,-1.960967160947935,-0.121997957468712,-0.024999581257151,2.0245660618620276,47.2998504638672,654.787170410156,2.0,7.0,6.0,0.0,0.0,24060101.0,-134.68923493061402,20.4657448950471,29.19002923965455,-52.39939430236816
2024-06-01 19:18:57+00:00,GER,GER,25.623610058106483,17.12909332511108,0.0,8.18007377738295,-1.6033281253449474,-11.567784426459456,6.4371621559236445,-10.43162198774765,7.013706619991426,2.6114154671183583,0.3840305944052465,-0.0614846878936657,3.741534938650672,-24.20749600918502,-37.191394313811166,-23.252350744328858,59.218238067627,77.07177383422852,1.0,334.218422806946,0.126349505782127,861.228515625,8974.97265625,162.851380757914,76.4097679138184,162.6612761027445,0.8809852709828379,44.6493598,-0.544377869598505,0.0,1840.5497550964342,1103.96540164948,1171.90623283386,1069.5104598999,-63.566117,6.0,280.758605957031,34.1338996887207,44.4049606323242,-655.719970703125,83.2733273506164,26.019349694252,-2.047465743814035,-0.918984557187173,-3.4199425252132,-0.18379696880035246,48.2998352050781,655.786926269531,2.0,7.0,6.0,0.0,0.0,24060101.0,-135.15970109272038,21.386852253684,31.6092212677002,-54.174763430081875
2024-06-01 19:18:58+00:00,GER,GER,25.65771285112286,18.35607192270672,0.0,10.634779902816799,2.291931703832404,-6.222498531065522,6.4359873633864,-10.42278713805625,7.0042818980878225,2.206566846991162,0.6577381457272365,0.007175182675325495,3.553217487855406,-23.018474138844983,-31.88021189445258,-25.15570009429718,59.416349029541,78.6092706298828,1.0,335.660084495439,0.1246921017766,882.681640625,8996.42578125,162.913931630333,78.0150421142578,161.6282987832395,-0.3947933757136644,44.6491737,-1.17407003129405,0.0,1840.567922592162,1062.71123886108,1111.40024662018,1082.80563354492,-63.566038,6.0,278.999694824219,34.1338996887207,44.4049606323242,-656.619995117188,83.2810699939728,26.0174095630646,-1.9839668624826001,0.327994488484739,-2.46095877942085,-0.3423942708209943,49.2998199462891,656.786682128906,2.0,7.0,6.0,0.0,0.0,24060101.0,-136.02568438513202,22.2485642872984,34.1076461791992,-57.59780886513848
2024-06-01 19:18:59+00:00,GER,GER,25.6790329451076,18.593713669970622,0.0,11.09490362172698,3.0966254036329444,-5.045765366325404,6.436281061520715,-10.4183692863237,7.003556958884786,2.420256999137824,0.5505679419772405,0.12414113876215085,3.322812112573748,-22.36083108215758,-30.724797969923543,-24.752328246445902,60.4967994689941,80.00666839599612,1.0,336.780208198564,0.122075499594212,904.556640625,9018.30078125,162.686008217729,79.4368995666504,161.385786086569,-0.24199594216695122,44.6489846,-1.05938133673261,0.0,1840.549778938292,1124.99368190765,1140.16318321228,1142.78984069824,-63.5659554,6.0,277.611907958984,34.1338996887207,44.4049606323242,-657.719970703125,83.2733273506164,26.0154724121094,-2.051965557816605,0.421992912544203,1.40997644093324,-0.4659921680862687,50.2998046875,657.786437988281,2.0,7.0,6.0,0.0,0.0,24060101.0,-136.08966140105,22.7327768881282,34.4151741027832,-57.936882019042955
2024-06-01 19:19:00+00:00,GER,GER,25.68969589493036,18.907401718925065,0.0,11.80763522765562,4.165026218607964,-3.3375934530226177,6.436868457789335,-10.422491732374649,7.004281641955728,1.8057157231417598,0.48699899784596157,0.18520235359325443,3.292325307081298,-21.916426531358002,-29.02728900644354,-25.92574518358926,60.2122673034668,80.36828338623047,1.0,337.497487344442,0.119503207504749,926.798828125,9040.54296875,162.303162454372,80.2420120239258,161.3437872533625,-1.0535823460447065,44.6487935,-1.0620006075576,0.0,1840.5406951904283,1220.37386894226,1201.99871063232,1213.77170085907,-63.5658711,6.0,276.472991943359,34.1338996887207,44.4049606323242,-658.619995117188,83.2810699939728,26.0154724121094,-1.20597976796185,0.236996011574792,-0.843985825088407,0.6879884719279258,51.2997894287109,658.786193847656,2.0,7.0,6.0,0.0,0.0,24060101.0,-137.47965134243378,23.0759204693877,35.86160488128665,-59.931296866280675
2024-06-01 19:19:01+00:00,GER,GER,25.7302231638801,21.034744049138823,0.0,16.0954531357469,10.930030539125703,5.593382357088251,6.436721608722181,-10.42499542359225,7.005369264203688,1.659621093068996,0.368270433153438,0.21858258996871882,3.238096550590478,-21.43120511158786,-20.136840550659763,-25.084070534433415,59.7627822875976,81.52994476318358,1.0,339.226590713966,0.122837609052658,949.134765625,9062.87890625,163.778647239635,80.6273643493652,162.385281818763,-1.668372038155324,44.6485999,-1.66093082453103,0.0,1840.5225753784161,1376.15704536438,1334.84745025635,1384.92095470428,-63.565791,6.0,274.50048828125,34.1338996887207,44.4049606323242,-659.719970703125,83.2810699939728,26.0135322809219,-2.141463981110515,-0.974983677366521,1.08398186385399,1.4855751411175713,52.2997741699219,659.785949707031,2.0,7.0,6.0,0.0,0.0,24060101.0,-138.57612619857701,23.1939632137185,35.69981746673585,-62.93233520507813
2024-06-01 19:19:02+00:00,GER,GER,25.689697943987102,19.82979178708804,0.0,13.461057539854718,6.438856597790678,-0.9144641885840701,6.43642791058787,-10.4146882412479,7.002832019681755,1.80934981066703,0.03624855430709149,0.31600894723439504,3.157697412030564,-22.44360887678462,-26.60416260214668,-22.334569687817776,62.3955253601074,83.21965576171874,1.0,340.78698841099,0.122561703622341,971.830078125,9085.57421875,165.151091791079,82.536506652832,163.78076459827702,0.5939900281916473,44.6484012,-1.6153266119382,0.0,1840.531635284422,1180.33468723297,1190.42718410492,1229.28750514984,-63.5657159,6.0,272.52490234375,34.1338996887207,44.4049606323242,-660.719970703125,83.2810699939728,26.0212898254395,-2.31696120952235,0.749987427709369,2.96695029219279,1.4881750419529662,53.2997589111328,660.785705566406,2.0,7.0,6.0,0.0,0.0,24060101.0,-138.805161565977,23.3439353848717,33.538659095764146,-63.22669454302105
2024-06-01 19:19:03+00:00,GER,GER,25.649186042963017,17.96748162874774,0.0,9.60495420334934,0.25257429235952306,-9.39173482199123,6.43642791058787,-10.414540538407099,7.004281471200995,1.924553522836236,-0.06251802297767904,0.3995949560115008,3.044922963361378,-23.17945213531732,-35.04092086495426,-21.999242916553836,62.398828125,83.75873291015623,1.0,342.393503545291,0.121383811533451,994.986328125,9108.73046875,166.023129363171,83.7430320739746,165.31773474644848,2.34776064557971,44.6481986,-1.02065875317198,0.0,1840.5770063400262,1003.4099817276,1031.95512294769,943.96299123764,-63.5656446,6.0,269.583099365234,34.1338996887207,44.4049606323242,-661.719970703125,83.2849383354187,26.019349694252,-1.72597108745906,-1.07798186283326,-1.62897279629136,1.3225777778727539,54.2997436523438,661.785461425781,2.0,7.0,6.0,0.0,0.0,24060101.0,-140.6178090773526,23.6210446972356,34.23334007263185,-66.24226033137396
2024-06-01 19:19:04+00:00,GER,GER,25.683308985037502,19.3418792727849,0.0,12.720612270613994,5.539243289518964,0.023208342469479604,6.4359873633864,-10.4254372514542,7.003556788130057,1.6763383225720603,0.7565047509430767,0.3721852841422782,3.1228936281618958,-22.38371904606628,-25.66010068525672,-22.88375787822182,59.8673858642578,82.90639160156249,1.0,344.86269889252,0.120601907372475,1018.236328125,9131.98046875,166.530762682664,83.0566818237305,166.1632097128585,1.2235794899221961,44.6479962,-0.301415634422854,0.0,1839.996385574342,1156.55052661896,1154.79373931885,1050.4777431488,-63.5655774,6.0,267.246002197266,34.1338996887207,44.4049606323242,-662.719970703125,83.2907497882843,26.0154724121094,-1.73497087554676,-1.98096680861138,-3.51294110029163,-1.9893665965970029,55.2997283935547,662.785217285156,2.0,7.0,6.0,0.0,0.0,24060101.0,-142.2701930300432,23.7977690118205,35.7172925949097,-67.08924331665041
2024-06-01 19:19:05+00:00,GER,GER,25.706758390495956,20.825007039729,0.0,15.48948524126306,9.679870108732255,3.4202377387957363,6.43716215592365,-10.42146165447045,7.00391955655235,1.864952651808472,0.2090876852033475,0.2921273402118334,3.163093261474874,-23.4575381647325,-22.286520673044624,-23.3947963885262,58.7862831115723,82.1662715148926,1.0,348.368197861381,0.119880004227161,1041.251953125,9154.99609375,165.055318878537,82.556721496582,164.291246106655,1.8521689709370979,44.6477962,-1.18587964181242,0.0,1839.642596244812,986.016035079956,1089.76352214813,960.889279842377,-63.5655075,6.0,263.662811279297,34.1338996887207,44.4049606323242,-663.619995117188,83.2849383354187,26.0154724121094,-1.96196698324855,0.420992956841458,1.70597133307391,0.621189558018576,56.2997131347656,663.784973144531,2.0,7.0,6.0,0.0,0.0,24060101.0,-143.020300797148,23.7104467508292,36.15125942230225,-67.19878970554893
2024-06-01 19:19:06+00:00,GER,GER,25.693962031085942,20.45457002254608,0.0,15.00949881998228,9.092627860876945,3.0812493244620938,6.435840514319245,-10.4326520656519,7.0035564466206,1.4571968043497399,0.272130211180646,0.2340513115843156,3.22946319147958,-23.10811798113514,-22.612712407803098,-22.43053350414702,57.7959823608398,80.76076446533202,1.0,351.044484544245,0.12564120143652,1064.044921875,9177.7890625,165.507791590293,81.3585731506348,165.07972997463,1.618772805228278,44.647599,-0.719823177900477,0.0,1839.6244764327998,1086.13801002502,1060.80114841461,932.909846305847,-63.5654369,6.0,261.576110839844,34.1338996887207,44.4049606323242,-664.619995117188,83.2849383354187,26.0135322809219,-1.28947835031758,0.792986670185773,-1.15698057782556,0.3585939867624043,57.2996978759766,664.784729003906,2.0,7.0,6.0,0.0,0.0,24060101.0,-142.76992791878078,23.38538438785,35.083994293212896,-64.89643863878753
2024-06-01 19:19:07+00:00,GER,GER,25.747287708502462,22.438154629222897,0.0,19.05130082737778,15.426942565071101,12.108427879457059,6.435840514319246,-10.43088560797775,7.003194617349315,1.7072289416548418,0.511691105531123,0.14205255880650458,3.3220026924684154,-21.32630262669184,-13.638859829045362,-20.941216219777058,57.6473510742188,79.6226481628418,1.0,352.048194503157,0.12555671185255,1086.439453125,9200.18359375,165.718216058243,79.8625579833984,164.9327374735025,1.16438051149406,44.6474049,-0.658951518161119,0.0,1839.6516799926762,1051.87964439392,1099.77734088898,998.938977718353,-63.5653687,6.0,259.109985351562,34.1338996887207,44.4049606323242,-665.619995117188,83.2868754863739,26.0154724121094,-2.226462590401855,-1.06298212708567,-1.67897191544997,-0.248795818370458,58.2996826171875,665.784484863281,2.0,7.0,6.0,0.0,0.0,24060101.0,-143.12114444212978,23.2424148681432,32.42482395172115,-64.1066636738024
2024-06-01 19:19:08+00:00,GER,GER,25.713156228691496,21.34159337118674,0.0,16.66452912946672,11.80293554524247,6.29712791001276,6.436134212453555,-10.428676468668101,7.0031941050851305,1.741027172267298,-0.3740515079349797,0.13418239863016362,3.330636179645358,-23.948863383054398,-19.416028147924038,-20.06080005463,59.0804969787598,79.24483657836912,1.0,352.760091459969,0.113131807744503,1108.537109375,9222.28125,166.669033032222,79.0938514709472,166.0242153632485,3.236745667238696,44.6472121,-1.64518958637168,0.0,1839.6335363388039,830.710113048554,908.465027809143,817.192137241364,-63.5653051,6.0,255.727203369141,34.1338996887207,44.4049606323242,-666.719970703125,83.2849383354187,26.019349694252,-1.815969448583705,3.39894289516659,6.36589297391597,3.7849365433022135,59.2996673583984,666.784240722656,2.0,7.0,6.0,0.0,0.0,24060101.0,-139.26967726727818,23.0397170516921,29.6774256706238,-61.04796491350446
2024-06-01 19:19:09+00:00,GER,GER,25.664108640261656,19.257950932792177,0.0,12.241448545618761,4.44720937968547,-3.801411343778424,6.43569366525209,-10.430590629183001,7.0035564466206,1.8475089036211259,-1.085902160866975,0.1116575606614574,3.36031386385325,-25.19090801192132,-29.465519407742857,-19.097768994867618,62.6967361450195,79.30527786254882,1.0,353.369098447124,0.0965525239706039,1130.544921875,9244.2890625,170.001974101892,79.2667694091797,170.754135023861,4.853318639290039,44.6470174,-0.861280290953702,0.0,1839.6244764327998,869.017064571381,953.789710998535,761.066615581512,-63.5652566,6.0,252.455596923828,34.1338996887207,44.4049606323242,-667.719970703125,83.2888126373291,26.0174095630646,-1.60247315641559,0.158997332326509,0.670988712717061,5.861901682042462,60.2996520996094,667.783996582031,2.0,7.0,6.0,0.0,0.0,24060101.0,-138.7941758897162,23.7477156780354,28.3859896659851,-54.862150726318326
2024-06-01 19:19:10+00:00,GER,GER,25.65131603745568,19.365979253761857,0.0,12.78880983117454,5.721672178098673,-1.4515057760074492,4.940601541316266,-10.431474284906852,3.519747928080244,2.000145083338446,-0.02889584899546649,0.10107371563505978,3.3425073045549363,-24.061013381678716,-27.10282207759936,-20.99020848367466,58.5793762207031,79.30635177612302,1.0,354.741775225,0.0853901289403439,1152.568359375,9266.3125,175.594451032028,79.2144744873047,175.652050017299,3.714337723017232,44.6468203,-0.468613622704168,0.0,1839.6244525909437,931.175291538239,1033.92899036407,747.114539146423,-63.5652309,6.0,246.608795166016,34.1338996887207,44.4049606323242,-668.719970703125,83.2868754863739,26.0174095630646,-2.1279643256594003,-0.376993651940602,-0.215996368187963,1.7335709268907453,61.2996368408203,668.783752441406,2.0,7.0,6.0,0.0,0.0,24060101.0,-141.2683026335264,25.0829271607664,32.0044630050659,-61.122434938870896
2024-06-01 19:19:11+00:00,GER,GER,25.664105566676522,19.64558704932414,0.0,13.287432252850959,6.29943975829207,-1.5519497562051618,-3.69127840673772,-10.4269095841072,0.24074103014337278,2.074645670531138,0.3845569917151442,0.08289098233418302,3.37407357875702,-20.897538184563217,-27.21605534422602,-20.63761704324568,57.6679985046387,78.63177749633786,1.0,355.192895559301,0.0963769666850567,1174.591796875,9288.3359375,176.931064411086,78.9691291809082,176.3665424459955,2.272761945497458,44.6466231,-0.664890367644445,3.396833024453367,1839.542841911314,701.689779758453,825.787425041199,635.675251483917,-63.5652164,6.0,241.305603027344,34.1338996887207,44.4049606323242,-669.719970703125,83.2849383354187,26.019349694252,-2.074465161437975,0.720987885236523,-0.993983342646792,0.8207862124544716,62.2996215820312,669.783508300781,2.0,7.0,6.0,0.0,0.0,24060101.0,-142.27437310581539,26.4615837692605,31.6847660064697,-63.56571566933078
2024-06-01 19:19:12+00:00,GER,GER,25.66623897626378,19.65581628213462,0.0,13.305288416398138,6.276279355212841,-1.7415068863347858,-10.8553827186677,-10.42190305544555,-0.0931041401877192,2.3435756179205143,0.6650927653594595,0.01016041898808705,3.4461084676593345,-18.2955765957185,-27.407745627810833,-20.965824025318803,56.68857421875,76.86599990844726,1.0,355.289993528542,0.107845207303762,1196.392578125,9310.13671875,177.848058288295,77.6177833557129,177.22652473420248,0.6085898120071164,44.6464289,-0.508881963451331,401.48045504465705,1839.624452590942,605.627596378326,696.423590183258,574.767887592316,-63.565205,6.0,235.040893554688,34.1338996887207,44.4049606323242,-670.619995117188,83.2791328430176,26.0154724121094,-1.92346782157898,-0.794986634952117,-2.08896490599398,-0.691988364108018,63.2996063232422,670.783264160156,2.0,7.0,6.0,0.0,0.0,24060101.0,-142.18135958969802,27.6218382488543,31.3524621963501,-60.80807533264161
2024-06-01 19:19:13+00:00,GER,GER,25.66623897626378,19.65581662364408,0.0,13.309253682720799,6.297506814756959,-1.818100392899554,-10.85611781777715,-10.4280873648522,-0.8514153713622162,1.86349918755309,-0.1675882929047298,-0.1404571840309057,3.597463709430842,-16.83876793821268,-27.484339369163358,-21.122027036542402,53.6347663879394,73.81633255004878,1.0,354.911601048523,0.118094605207443,1217.666015625,9331.41015625,177.100548725151,74.8033264160156,177.118027179237,0.2679955081418116,44.6462411,-0.401745323677803,1467.0784473419178,1839.5156383514382,767.758071422577,683.019042015076,697.349429130554,-63.5651939,6.0,228.176696777344,34.1338996887207,44.4049606323242,-671.619995117188,83.292680978775,26.0251671075821,-0.8499857460678666,1.41097631659471,-0.104998236944465,1.302978151177025,64.2995910644531,671.783020019531,2.0,7.0,6.0,0.0,0.0,24060101.0,-143.93604884785276,28.6552766061285,31.170468521118153,-59.869080505371095
2024-06-01 19:19:14+00:00,GER,GER,25.67690192608656,19.65581628213462,0.0,13.263630068121838,6.210677693423714,-1.754910257462948,-10.8493619069143,-10.434419377099601,0.7206665328402018,2.142241704869226,-1.2944662827219715,0.38792547309386033,3.0759493111095724,-18.00490150313454,-27.43181179935138,-18.88883965532714,49.6990756988525,72.00607131958006,1.0,353.630885937632,0.12433190792799,1238.115234375,9351.859375,177.457084599826,72.4048736572266,177.39253248197952,-0.3291944795174905,44.6460594,0.230943583516088,1808.1334114074718,1839.542841911314,1083.95624160767,1031.92019462585,1022.14622497559,-63.5651823,6.0,220.867706298828,34.1338996887207,44.4049606323242,-672.619995117188,83.292680978775,26.0212898254395,-2.12896430804257,-1.90896786357957,0.24699586208694,0.3405943478880101,65.2995758056641,672.782775878906,2.0,7.0,6.0,0.0,0.0,24060101.0,-146.8382508677044,29.3068220114344,31.09263038635255,-62.58742855616977
2024-06-01 19:19:15+00:00,GER,GER,20.35464981914014,14.381045942750802,0.0,9.844891406438544,4.837154142845557,-1.1595262106735666,-10.8492150578472,-10.4488494323817,3.156541658645634,3.567933770752434,-3.2440453038481003,1.2962441009216437,2.195336863401238,-14.295552123400318,-21.5141755175495,-18.7458417903354,46.5387691497803,67.86337829589841,1.0,352.635017035888,0.130365510284901,1258.072265625,9371.81640625,176.855399575461,70.7388725280762,180.028486897795,-2.715354489798922,44.6458834,2.10830415974204,1808.4694623947162,1839.669823646546,483.912467956543,645.803570747376,678.631722927094,-63.5651697,6.0,213.917495727539,34.1338996887207,44.4049606323242,-673.719970703125,83.2888126373291,26.0212898254395,-4.082431601116715,5.14391450167957,3.32894391490112,4.953316792229892,66.299560546875,673.782531738281,2.0,7.0,6.0,0.0,0.0,24060101.0,-148.7133536288506,29.4528514558893,31.08572788238525,-59.875163445105926
2024-06-01 19:19:16+00:00,GER,GER,12.088984379946819,8.455395799995767,0.0,5.6889043455555335,2.601019321560048,-0.40148762811093797,-10.814701685084248,-10.4623962588268,2.698002757066302,2.62958633163153,-4.24746647382397,2.2026630950597217,1.2529411284705856,-8.687659627061905,-12.490472120115541,-23.907439310266643,37.5132808685303,58.126369400024394,1.0,351.440389629296,0.14127059429884,1276.677734375,9390.421875,182.475607073627,61.344841003418,185.89038746993202,-3.068148552058504,44.6457265,1.58442865040206,1807.561230659486,1839.4702911376921,79.7793716192246,120.276540517807,351.705551147461,-63.5651769,6.0,209.093994140625,34.1338996887207,44.4049606323242,-674.719970703125,83.2888126373291,26.0135322809219,-1.103981551538076,0.298995026053172,-6.1058975542912,7.6912707771668,67.2995452880859,674.782287597656,2.0,7.0,6.0,0.0,0.0,24060101.0,-150.672385754518,29.8729183351288,31.3081512451172,-50.768556976318344
2024-06-01 19:19:17+00:00,GER,GER,1.4033299731797335,-1.284353574005956,0.0,-0.8310491159631163,-0.1830705501676729,-0.028267812694823778,-10.56341432976445,-10.4613653271489,0.8315860808896682,0.624240905009638,-6.31945238331494,3.075973302149034,0.3947218014676608,-1.254846612510803,-1.4315979276872761,-26.333883137443358,29.5063899993896,52.70875694274902,1.0,350.388403893331,0.15654521137476,1292.638671875,9406.3828125,190.468581308322,54.370503616333,195.2767271254975,-2.5357575043708103,44.6455909,1.69908084614013,1805.009078979494,1840.223217010498,708.135545253754,419.105887413025,618.647992610931,-63.5652097,6.0,199.862594604492,34.1338996887207,44.4049606323242,-675.719970703125,83.2307398319244,25.9708791971207,1.64547229217029,1.78297008329988,-0.491991759407535,14.262160865340672,68.2995300292969,675.782043457031,2.0,7.0,6.0,0.0,0.0,24060101.0,-153.8508388734646,30.38826635329,31.753294944763148,-47.34749458857947
2024-06-01 19:19:18+00:00,GER,GER,-16.53781477696575,-15.25832226993641,0.0,-10.104112197234041,-4.560902019222515,0.534437041525739,-10.5123053048657,-10.46975877586525,-0.7542704045501313,-0.854874213842465,-8.790179827352786,3.995690546535078,-0.5023481964871684,15.614987918205319,17.072251807819292,-1.6380533193494764,20.342813873291,48.81739540100098,1.0,349.524494246351,0.174294702708721,1307.169921875,9420.9140625,204.155173914382,49.9615871429443,211.479458968953,-1.3393775566152384,44.6454745,3.16417990188314,1804.509544372556,1840.29576778412,1412.59324550629,993.536531925201,1077.17537879944,-63.565277,6.0,192.692993164062,34.1338996887207,44.4049606323242,-676.719970703125,83.1436336040497,25.9650617837906,1.683971720644125,-0.881985209009803,2.10596439306449,17.402308405119662,69.2995147705078,676.781799316406,2.0,7.0,6.0,0.0,0.0,24060101.0,-100.7720263501752,30.8285335169999,32.144058036804196,-47.11688552856445
2024-06-01 19:19:19+00:00,GER,GER,-25.71324604567912,-18.60512042739402,0.0,-10.841539462012637,-2.48459447828895,6.244677094451569,-10.4798482459298,-10.48330517542345,0.6851436287695067,0.3051591197006772,-6.458144497053925,4.842405021524734,-1.341412163247282,23.968272048599918,31.957922371734394,29.896145759439264,16.7563613891602,47.09953330993652,1.0,348.939693449614,0.185969299077988,1320.650390625,9434.39453125,220.869794285183,47.1406139373779,228.0811899731525,-1.217579616967502,44.6453823,3.9537920317321,1804.4459581375122,1683.2041025161739,1386.87646389008,1146.62480354309,1187.79182434082,-63.5653812,6.0,181.550994873047,34.1338996887207,44.4049606323242,-677.619995117188,82.9907059669495,36.9602739810944,-0.821986266019474,-1.79796981904746,0.228996152509414,12.532189378773406,70.2994995117188,677.781555175781,2.0,7.0,6.0,0.0,0.0,24060101.0,168.15527399939,31.2046617893087,32.2181797027588,-46.61700553894043
2024-06-01 19:19:20+00:00,GER,GER,-25.77083854227012,-19.191273260076702,0.0,-12.28834172162968,-4.855246588249321,2.272783049714775,-10.42609551093545,-10.4837465763986,3.686489419601166,1.8089862738484541,-3.8665867377303202,5.076065707653506,-1.5728966657291177,23.739393775550617,28.04362121312286,39.88234677886146,21.6455400466919,47.68446258544922,1.0,348.61039636935,0.19573130607605,1333.736328125,9447.48046875,234.132437049461,47.4658229827881,237.433003022464,-1.396576591621368,44.6453106,1.961330228191,1804.355144500732,1492.2302246093718,641.063988208771,652.929127216339,648.652136325836,-63.565513,6.0,170.967697143555,34.1338996887207,44.4049606323242,-678.619995117188,83.1416964530945,56.9614350795746,-2.5329575110092453,-0.56299050861276,0.28399521026431,6.790686344061156,71.2994842529297,678.781311035156,2.0,7.0,6.0,0.0,0.0,24060101.0,157.9467175375758,31.5260051142849,32.8564338684082,-44.176586327185994
2024-06-01 19:19:21+00:00,GER,GER,-25.696196868982423,-19.42734167326526,0.0,-12.7119328077262,-5.2871965025408025,2.316981806811566,-10.382035668147001,-10.49007901553285,3.6806900340429523,2.572166425383114,-4.872635182659115,5.07470863444279,-1.5693894062790021,26.081197557023064,28.01317837697318,41.356287258352964,22.1142889022827,48.0955084991455,1.0,348.779211324876,0.205435109138489,1346.990234375,9460.734375,240.820011869604,47.8048782348633,245.15488704900048,-2.6301559267196257,44.645251,2.43770774826907,1804.4005155563361,1420.093464851378,301.445633172989,289.218455553055,393.944472074509,-63.5656584,7.0,157.525299072266,34.1338996887207,44.4049606323242,-679.619995117188,83.1687986850739,71.5764760971069,-1.172480304764732,2.44195932758399,0.327994488484739,9.353843152287476,72.2994689941406,679.781066894531,2.0,7.0,6.0,0.0,0.0,24060101.0,156.647421580067,31.8005309075952,33.200638961791995,-44.67668815612794
2024-06-01 19:19:22+00:00,GER,GER,-25.57681506606486,-17.038806762019924,0.0,-7.591743651147584,2.4939551831773428,12.96265709932633,-10.24647818435025,-10.4919923222741,3.9514634068006353,3.974236239333152,-8.489152473175992,5.5585842508143255,-1.494925830173878,31.13062731983822,38.53947079935334,45.195115168145314,27.8179836273193,48.7875682067871,1.0,349.279782228768,0.211326809227467,1360.365234375,9474.109375,249.811354855278,48.3370216369629,257.14619938230703,-3.031549196834402,44.6452083,3.6818582952118,1804.2915821075417,991.1189198493969,477.204769849777,354.379385709763,440.127342939377,-63.5658169,7.0,142.231094360352,34.1338996887207,44.4049606323242,-680.719970703125,83.2191228866577,71.6482162475586,-1.1139813353491599,0.407993159179793,0.735987620984106,16.08072997997202,73.2994537353516,680.780822753906,2.0,7.0,6.0,0.0,0.0,24060101.0,144.23197635590842,32.0350659433151,32.725150680542,-41.74355170726777
2024-06-01 19:19:23+00:00,GER,GER,-25.574681997987064,-16.77449278453768,0.0,-7.304691803163647,2.935160585427488,13.39330189253344,-10.158505774727299,-10.49052041650795,4.7086871638035355,4.966369539865879,-9.2031061707019,6.457133116792574,-1.0616342319416516,32.23076657247106,38.96798457353944,45.01555905713056,38.9124000549316,50.091597290039076,1.0,349.77442452846,0.217376410961151,1373.947265625,9487.69140625,265.424101788417,49.5287738800049,273.687920344459,-3.21154615387144,44.6451947,4.381378522361,1804.300594329834,245.33044770359987,567.353367805481,465.557157993317,568.16965341568,-63.5659888,7.0,129.098098754883,34.1338996887207,44.4049606323242,-681.719970703125,83.2810699939728,71.7083215713501,-2.02396615780949,-1.55197393934369,-0.0959983821557019,17.381908337616117,74.2994384765625,681.780578613281,2.0,7.0,6.0,0.0,0.0,24060101.0,125.3735972952228,32.235473938847,32.89110946655275,-32.648586273193345
2024-06-01 19:19:24+00:00,GER,GER,-25.58959400849247,-16.771812390634434,0.0,-7.324155850159676,2.9530865022815505,13.657738471911268,-10.148959731588551,-6.239202569765755,3.801638042025843,5.004165273870913,-8.41192651243842,6.447454112637993,-0.9449926013122104,32.60104160033416,39.2473324804038,44.41009602746286,47.1497428894043,50.4271408081055,1.0,350.272099432144,0.222515013813972,2.80859375,9501.63671875,282.355375759692,50.6284435272217,290.557121556556,-4.158930217855484,44.6452086,4.61986439562893,1804.3036460876467,0.0,652.409970760346,539.919137954712,732.281625270844,-63.566129,7.0,114.597999572754,34.1338996887207,44.4049606323242,-682.719970703125,83.3314001560211,71.7393398284912,-1.26197883478035,2.46895842504282,-1.30097814772406,15.827067454827434,0.300000011920929,682.780334472656,2.0,7.0,7.0,0.0,0.0,24060101.0,118.66215141927667,32.4067101964338,33.2185913085938,-24.272957611084
2024-06-01 19:19:25+00:00,GER,GER,-25.58959400849247,-16.771812390634434,0.0,-7.324155850159676,2.9530865022815505,13.657738471911268,-10.148959731588551,-6.239202569765755,3.801638042025843,5.004165273870913,-8.41192651243842,6.447454112637993,-0.9449926013122104,32.60104160033416,39.2473324804038,44.41009602746286,47.1497428894043,50.4271408081055,1.0,350.272099432144,0.222515013813972,16.79296875,9515.62109375,282.355375759692,50.6284435272217,290.557121556556,-4.158930217855484,44.6452086,4.61986439562893,1804.3036460876467,0.0,652.409970760346,539.919137954712,732.281625270844,-63.566129,7.0,104.399200439453,34.1338996887207,44.4049606323242,-682.719970703125,83.3314001560211,71.7393398284912,-1.26197883478035,2.46895842504282,-1.30097814772406,15.827067454827434,0.300000011920929,682.780334472656,2.0,7.0,7.0,0.0,0.0,24060101.0,118.66215141927667,32.4067101964338,33.2185913085938,-24.272957611084
2024-06-01 19:19:26+00:00,GER,GER,-25.842883889899625,-19.405427182068,0.0,-12.710427519410475,-5.69554939391036,1.132391209792537,-10.1689333391558,6.40623121738042,4.38644129336157,4.99871449832203,-2.17075343309712,6.4848822330552895,-0.8885604133442759,31.6176611303046,26.975275893434848,31.977367066527776,47.1497428894043,53.12178297042845,1.0,350.098394061172,0.213086915016174,30.890625,9529.71875,282.355375759692,50.6284435272217,313.009756528329,-4.364176904379738,44.6453562,4.61986439562893,1804.2393028736099,0.0,652.409970760346,539.919137954712,732.281625270844,-63.5664832,7.0,97.1429290771484,34.1338996887207,44.4049606323242,-684.619995117188,83.3314001560211,71.7393398284912,-3.59893979868785,2.46895842504282,-1.30097814772406,3.6201894243302553,2.29999995231628,684.779846191406,2.0,7.0,7.0,0.0,0.0,24060101.0,76.39364242305099,32.4067101964338,37.0947944641113,-24.272957611084
2024-06-01 19:19:27+00:00,GER,GER,-25.71539038356906,-18.198648698187903,0.0,-10.201331829219551,-1.284932496571138,7.69502558828564,-10.166142779993049,6.40608244732256,4.218612083543156,4.99871449832203,-2.559513073058845,6.072583562746558,-1.3012126153116659,32.15752713701994,33.41041571572256,29.758867836367937,73.2034423828125,54.423747482299824,1.0,350.022496999115,0.21589662283659,45.6328125,9544.4609375,312.151119787388,54.3521289825439,315.3727151132085,-5.615705805862063,44.6454377,2.75255385579727,1804.2461633682237,0.0,631.590008735657,642.311036586762,861.66250705719,-63.5666107,7.0,90.5532913208008,34.1338996887207,44.4049606323242,-685.619995117188,83.4359288215637,71.8265891075134,-2.03096598113084,2.92795097924908,-2.30996143956185,2.8567521055011738,3.29999899864197,685.779602050781,2.0,7.0,7.0,0.0,0.0,24060101.0,75.73940216660813,32.3307380022958,35.22631874084475,14.81009044647216
2024-06-01 19:19:28+00:00,GER,GER,-25.75164195409834,-18.92997481111302,0.0,-11.910957719041916,-4.78393024591986,2.4182805131467537,-10.177891986025902,6.40637721267393,2.4304915253449044,4.998350961503457,-2.268468040354025,5.968372976013468,-1.406432874758816,31.34462807483738,28.169922339179045,28.31997510656452,72.0319152832031,54.71250320434573,1.0,349.684812446549,0.213278518617153,60.7578125,9559.5859375,315.975424665949,54.4853176116943,318.24565660265546,-3.8701351490701916,44.6455351,1.63584396659639,1804.3096780776982,0.0,1029.10077571869,856.40013217926,1032.38332271576,-63.5667458,7.0,83.5856094360352,34.1338996887207,44.4049606323242,-686.619995117188,83.4533512592316,71.8343436717987,-0.7399875771972205,-0.59699001636232,2.61295610166302,3.012149410534812,4.29999828338623,686.779357910156,2.0,7.0,7.0,0.0,0.0,24060101.0,72.7316559655878,32.2337595613654,34.56331615447995,16.751605682373043
2024-06-01 19:19:29+00:00,GER,GER,-26.21341909105186,-23.767825120989723,0.0,-20.86322980285278,-17.3304604499572,-17.720921532729857,-10.1795073257646,6.40564104634745,3.054684456279748,4.99871449832203,-1.52351974478739,5.929292853394136,-1.4406969669613479,31.30648283436068,8.49249772907673,25.663940959117543,76.0949752807617,55.26685821533202,1.0,349.722405807741,0.206814408302307,75.984375,9574.8125,319.35434656911,55.4246212005615,321.725105230022,-2.701154675924852,44.6456393,1.46942085794033,1804.2007923126198,0.0,979.135751724243,898.631870746612,1045.60232162476,-63.5668736,7.0,77.2833633422852,34.1338996887207,44.4049606323242,-687.719970703125,83.4552824497223,71.8362808227539,-2.18046350749764,-2.47795847993478,0.0939984240594642,3.9275341805529562,5.29999732971191,687.779113769531,2.0,7.0,7.0,0.0,0.0,24060101.0,65.55994914084741,32.0794485125418,35.6325777053833,24.133573608398414
2024-06-01 19:19:30+00:00,GER,GER,-26.2969557196957,-25.61480833483248,0.0,-25.11869788597812,-22.14089318522236,-24.295607157025504,-10.18920107174415,6.4051985781552805,2.7483876965356537,4.99871449832203,-0.6992432843227,5.930378511962712,-1.438268792022726,31.876007229999537,2.0013485093093526,23.78162620122664,78.4409202575684,54.309041976928725,1.0,350.659999535487,0.200490912795067,91.33203125,9590.16015625,323.5648576641,55.0929061889648,324.8950643257165,-4.232328939009881,44.6457491,1.02330961362189,1804.2733669281001,0.0,696.694254875183,716.534316539764,798.156082630158,-63.566991,7.0,72.5348968505859,34.1338996887207,44.4049606323242,-688.719970703125,83.4533512592316,60.532796382904,-1.39397661608078,0.229996161573013,-4.53592393205041,2.427759204216975,6.2999963760376,688.778869628906,2.0,7.0,7.0,0.0,0.0,24060101.0,60.52978392658635,31.3835239531038,34.61886405944825,31.521004486083996
2024-06-01 19:19:31+00:00,GER,GER,-26.241248013806143,-25.58704327434696,0.0,-25.61165210441706,-24.1870047586561,-25.87796937638284,-10.1875848782318,6.405346494439495,1.458678656578854,4.99871449832203,-2.53219466425632,5.8701318892376,-1.484133960530528,32.91129861759551,0.36327821053647924,22.159740750727558,77.0109878540039,52.70969627380371,1.0,353.046604235273,0.19594841748476,106.3828125,9605.2109375,324.598401889306,53.7092296600342,328.916488463723,-8.79105238401926,44.6458591,2.80783911448664,1804.3097019195561,0.0,942.259848117828,778.564214706421,938.000023365021,-63.5671,7.0,68.5301132202148,34.1338996887207,44.4049606323242,-689.719970703125,83.4281861782074,54.4040977954864,-0.43899263306845054,0.83498603700071,-4.51792382226649,6.592089202432928,7.29999542236328,689.778625488281,2.0,7.0,7.0,0.0,0.0,24060101.0,55.71274861820522,30.5430452700717,31.720550537109403,32.86715377807618
2024-06-01 19:19:32+00:00,GER,GER,-26.00371998919194,-25.5614174291094,0.0,-25.6095108401123,-24.561952774276357,-25.381216548237,-10.19052271334855,6.40431534931823,0.6322210312316174,4.99871449832203,-3.340185445779615,6.0657994773534485,-1.3225264340601,33.57084900460863,0.6225031528063564,21.70334853491568,75.5078247070312,49.621365966796894,1.0,357.7094104571,0.193131709098816,110.82421875,9609.65234375,331.151121454476,51.1494083404541,335.63038683292746,-13.25377786175358,44.645971,2.88756492446044,1804.2007446289062,0.0,1302.54721641541,860.553979873657,1304.69131469727,-63.5671897,99.0,66.1130828857422,34.1338996887207,44.4049606323242,-690.719970703125,83.4049582481384,54.2567431926727,0.7469874805598524,1.99396636614921,-3.19294631078971,6.722887068906576,0.0,690.078552246094,3.0,7.0,8.0,0.0,0.0,24060101.0,51.14899106764544,29.7099158705864,32.591206741332996,31.348102188110342
2024-06-01 19:19:33+00:00,GER,GER,-25.67915315643696,-25.5635528877534,0.0,-25.61165176290762,-24.91010971438668,-24.97304820004106,-10.19522273727115,6.40534628099608,0.23349142150133834,4.998714327567301,-2.9666604360398896,6.175980503194776,-1.236461696272346,33.27216210012834,0.706105415299253,19.14856750229118,74.9405250549316,45.727658843994156,1.0,1.55613395143505,0.195479714870453,110.82421875,9609.65234375,338.900408199963,47.534854888916,342.4067541122805,-13.913367180844938,44.6460818,1.78711760895166,1804.2915821075417,0.0,1556.66434764862,931.832909584046,1601.88722610474,-63.5672533,99.0,65.1779632568359,34.1338996887207,44.4049606323242,-691.619995117188,83.3991467952728,54.2586803436279,0.36149394167669996,-1.29197830627551,-0.164997239965755,7.115480536738119,0.0,690.078552246094,3.0,7.0,8.0,0.0,0.0,24060101.0,43.76977489969306,28.9973427250465,33.729476165771445,33.479308495154775
2024-06-01 19:19:34+00:00,GER,GER,-25.6002473960504,-25.56782380504142,0.0,-25.613793027212445,-24.937607031456782,-25.30918366570274,-10.206531396102601,6.405641900121095,1.4137308465096108,4.99871449832203,-1.53245163118978,6.151285271231678,-1.267488150742246,33.20655130296118,0.29106453076046757,17.14997013981868,72.905541229248,41.6366262817383,1.0,0.477564158724647,0.199959298968315,110.82421875,9609.65234375,347.376782242975,43.3514122009277,348.762163172707,-10.53182333881532,44.6461885,0.362883815136678,1804.21895980835,0.0,1234.50803756714,726.082324981689,1397.16970920563,-63.5672903,99.0,65.0328598022461,34.1338996887207,44.4049606323242,-692.619995117188,83.1997692584991,53.9387702941894,-0.8159863717204385,-1.21297959128321,4.24892834774976,3.2353457239187646,0.0,690.078552246094,3.0,7.0,8.0,0.0,0.0,24060101.0,38.55378346075911,28.3881018039124,34.345721626281744,33.76927619934081
2024-06-01 19:19:35+00:00,GER,GER,-25.5895957160398,-25.5827720155495,0.0,-25.618075897331458,-24.9587611518447,-25.43415802751268,-10.21460852168295,6.40608351453962,2.089033762838544,4.998350961503457,-0.9440569009698205,6.1472138808448,-1.266139209725512,33.05053270684516,0.15543867837092762,16.997075330719543,70.0850074768066,38.17206504821778,1.0,358.097993579361,0.206215323507786,110.82421875,9609.65234375,351.111393077355,39.6789196014404,350.9861137475985,-6.260695168715718,44.6462875,-0.528420733428357,1804.1281461715662,0.0,712.459087371826,405.48774600029,789.388000965118,-63.5673127,99.0,66.3522033691406,34.1338996887207,44.4049606323242,-693.719970703125,83.1416964530945,58.8673233985901,-1.636472557443445,-0.294995069840057,4.98091630600544,1.6267727069823341,0.0,690.078552246094,3.0,7.0,8.0,0.0,0.0,24060101.0,36.563646653611485,28.1980073940272,34.672918510437,31.428040924072235
2024-06-01 19:19:36+00:00,GER,GER,-25.586932369150322,-25.587043359724326,0.0,-25.6036223632741,-24.982564787989027,-25.520018286512126,-10.2210707344114,6.407703763476794,2.082871416758975,4.997351235252378,-0.6656210911639304,6.14802850896937,-1.2655995820924,32.96279602412595,0.0669139133841903,16.9412853210505,67.479524230957,34.765460300445575,1.0,355.857199757976,0.212468303740025,110.82421875,9609.65234375,352.859620976555,36.1310634613037,352.5700892576375,-3.550440439660585,44.6463697,-0.721310611674806,1804.103165864945,0.0,289.961606264114,95.619447529316,394.643634557724,-63.5673279,99.0,68.7658233642578,34.1338996887207,44.4049606323242,-694.719970703125,83.0739438533783,58.9022219181061,-1.2034798653647751,0.0599989963511836,1.69897156311341,1.8564688151434603,0.0,690.078552246094,3.0,7.0,8.0,0.0,0.0,24060101.0,34.33423995285657,28.1211523979389,34.9965929031372,29.966119003295894
2024-06-01 19:19:37+00:00,GER,GER,-25.536340304194372,-25.5817042862275,0.0,-25.6330630399178,-25.749474222810527,-25.79873354710465,-10.2276797962071,6.40623121738042,2.08377748404106,4.99689681422916,-0.140794304559256,6.1480291492996,-1.2655995820924,32.96470335445167,-0.262393839884806,17.33143511795175,67.479524230957,30.036424541473377,1.0,353.476796869957,0.21974910646677,110.82421875,9609.65234375,352.859620976555,36.1310634613037,354.154078428055,-2.2274626795067323,44.646467,-0.721310611674806,1804.2733371257775,0.0,289.961606264114,95.619447529316,394.643634557724,-63.5673432,99.0,70.82470703125,34.1338996887207,44.4049606323242,-695.719970703125,83.0739438533783,58.9022219181061,0.106998208380916,0.0599989963511836,1.69897156311341,0.5557406830255079,0.0,690.078552246094,3.0,7.0,8.0,0.0,0.0,24060101.0,32.2663037052132,28.1211523979389,35.384497833252,29.966119003295894
2024-06-01 19:19:38+00:00,GER,GER,-25.521432818689277,-25.58704327434696,0.0,-25.641630829212602,-25.54622469782914,-25.45112729099612,-10.2273860980728,6.40608351453962,2.084321188443334,4.997260351047734,-0.13921885872819076,6.1488428809618485,-1.2655995820924,33.135598614844156,0.07030636345750915,17.280076705770938,61.242887878418,27.10857547760012,1.0,351.348373320798,0.226871404051781,110.82421875,9609.65234375,355.024982188745,28.4551168441772,354.5525653246125,-1.5477741200560742,44.6465313,-0.635395743178479,1804.1281461715698,0.0,257.555514574051,41.121955960989,134.182542562485,-63.5673515,99.0,72.584587097168,34.1338996887207,44.4049606323242,-696.719970703125,83.2017064094544,59.1348886489868,0.004999918585967655,0.267995518813982,1.09198172291937,0.4591922945508056,0.0,690.078552246094,3.0,7.0,8.0,0.0,0.0,24060101.0,30.892562442355217,28.1211523979389,35.5546537399292,29.966119003295894
2024-06-01 19:19:39+00:00,GER,GER,-25.44054357136772,-25.6084009343721,0.0,-25.70589505458492,-25.63342469843432,-25.4087220615341,-10.2301762303487,6.406378066447575,2.0846837434222136,4.997623887866308,-0.6277951833752825,6.14829988092283,-1.2655995820924,33.039851657021096,0.031822052613556404,16.418751602373,59.1471153259277,24.118412475585938,1.0,350.253302751548,0.225420516729355,110.82421875,9609.65234375,355.519651809194,25.638201713562,354.96555954296605,-0.4639922259982877,44.6465959,-0.689974450814728,1804.218912124632,0.0,136.552855372429,-31.0693047940731,35.4085341095924,-63.5673593,99.0,74.6376037597656,34.1338996887207,44.4049606323242,-697.619995117188,83.2481622695923,59.1891705989838,0.5444908745447145,2.03496607074609,1.73797076933542,0.4479924758510214,0.0,690.078552246094,3.0,7.0,8.0,0.0,0.0,24060101.0,27.62312471498452,27.3731117875864,35.74522018432614,22.07594595689041
2024-06-01 19:19:40+00:00,GER,GER,-25.408626438885697,-25.64257783494108,0.0,-25.678043250696856,-25.697263744530762,-25.406604019872482,-10.2309104756845,6.405935598255406,2.091933605028038,4.997987424684882,-2.15394134934195,6.147757393148,-1.2655995820924,33.11156659424948,0.0020229000399643927,15.231904805774098,56.8523460388184,21.495289306640622,1.0,349.235413319919,0.224176213145256,110.82421875,9609.65234375,355.589456342512,22.6256990432739,355.85454964457847,-0.4245928800806646,44.6466533,-0.137620200926118,1804.155397415158,0.0,269.917488098145,62.5671744346619,54.7604635357857,-63.5673661,99.0,76.7449035644531,34.1338996887207,44.4049606323242,-698.619995117188,83.2346081733704,59.1949880123138,0.5294911254569186,0.0749987454389796,-0.00899984811865622,1.8947681991158902,0.0,690.078552246094,3.0,7.0,8.0,0.0,0.0,24060101.0,24.44006770702802,26.6396860745105,35.8850297927856,20.1067211151123
2024-06-01 19:19:41+00:00,GER,GER,-25.368212209566757,-25.648990016533823,0.0,-25.64377175200796,-25.546230161980457,-25.40236691202086,-10.23605061992175,6.406672831798945,2.0872211586988714,4.997987424684882,-2.31785137527027,6.146942636957384,-1.265329832308866,32.960126273934115,-0.0341543189229771,13.350696709283483,54.7469329833984,18.8832108306885,1.0,348.226812945562,0.223054714500904,110.82421875,9609.65234375,359.080775838656,20.1189365386963,358.0404970469275,0.40799315817927706,44.6467044,-1.6749556574963,1804.128122329712,0.0,297.408372163773,-32.6169468462467,-25.0012222677469,-63.5673687,99.0,78.3961029052734,34.1338996887207,44.4049606323242,-699.619995117188,83.2307398319244,59.1833591461182,0.412493073233961,-1.21297959128321,0.337994312316461,2.3713602725112564,0.0,690.078552246094,3.0,7.0,8.0,0.0,0.0,24060101.0,21.486215796672603,25.7282400184546,35.946405601501496,18.257728271484364
2024-06-01 19:19:42+00:00,GER,GER,-25.27254653099478,-25.531540815642,0.0,-25.59667349956724,-25.620659416385003,-25.404484953682477,-10.238400631883,6.405493130063235,2.0901211716430916,4.997987424684882,-2.31364760727954,6.1474856369964,-1.2650599971479681,32.78388963485594,-0.13193824793088468,11.7198915439925,51.6794849395752,16.00669006347658,1.0,347.435385266054,0.22244610786438,110.82421875,9609.65234375,2.74886021756017,17.4810092926025,180.65296218234687,1.0793819022027211,44.6467488,-3.03356107174311,1804.6821117401118,0.0,135.082706809044,-8.0436784774065,20.2484056353569,-63.5673666,99.0,80.3849182128906,34.1338996887207,44.4049606323242,-700.719970703125,83.0390989780426,58.9041650295258,1.12398118586131,2.37995999294049,0.45399237548614,3.1331474923420584,0.0,690.078552246094,3.0,7.0,8.0,0.0,0.0,24060101.0,18.81759087850962,24.888126750543,34.869905090332054,15.547234317234588
2024-06-01 19:19:43+00:00,GER,GER,-24.52418865835534,-24.2109725754726,0.0,-24.20877223003146,-24.41211857294432,-24.067190263254624,-10.2376663865473,6.405345427222435,2.0922961173182357,4.997623887866308,-5.88813810350309,6.1469421246932,-1.2655995820924,30.97041293851506,0.4569984277842374,10.422156967727947,47.7430904388428,13.566659202575678,1.0,346.805996994416,0.22227051705122,110.82421875,9609.65234375,6.60542386612691,14.5816108703613,3.8329357830718447,1.0791818843817447,44.646786,-3.91520701245023,1805.236124992372,0.0,384.578764438629,71.458488702774,-27.7355257421732,-63.5673614,99.0,81.7402572631836,34.1338996887207,44.4049606323242,-701.719970703125,83.0023229122162,58.8459968566894,0.48399186032151803,-2.59095648923323,-1.18898012080878,3.8959346518673454,0.0,690.078552246094,3.0,7.0,8.0,0.0,0.0,24060101.0,16.00334393667576,24.18714102093,33.99774169921875,13.31104409273932
2024-06-01 19:19:44+00:00,GER,GER,-8.509783913337673,-4.577624093891032,0.0,-4.14178218840009,-4.44984126501609,-3.7222899842018284,-10.23766638654725,6.05828622657775,2.08649639025057,3.80270244163063,-8.405097177042055,6.1472138808448005,-1.2655995820924,8.064684134657936,4.787493886447146,5.062565838758975,46.4606632232666,11.64039865493774,1.0,346.226277858422,0.222568805515766,110.82421875,9609.65234375,9.57861716466451,12.5779355049133,8.41235916223366,0.4735920798886076,44.6468177,-2.744559759704,1805.263376235962,0.0,157.933384180069,-50.340436398983,-65.0334432721138,-63.5673549,99.0,83.591926574707,34.1338996887207,44.4049606323242,-702.719970703125,82.9849004745484,58.8479340076446,0.49849164489815456,0.735987620984106,-0.6839884836983,4.836918842828652,0.0,690.078552246094,3.0,7.0,8.0,0.0,0.0,24060101.0,7.4696891525191536,23.6555200770713,34.528657722473156,11.70387585639956
2024-06-01 19:19:45+00:00,GER,GER,5.124227164415925,5.337092315088215,0.0,5.324270769355632,5.258358504714,5.496300097282438,-10.2379600846816,0.24467637253348506,2.0930211845873177,-3.1963820453526077,-9.731609133204554,6.145856636879353,-1.2655995820924,-6.2062407171615055,0.372072946206729,-1.196559192196517,45.2712730407715,10.21908742904663,1.0,345.84141035907,0.223338505625725,110.82421875,9609.65234375,14.8690503230982,10.8363278388977,12.80428541766385,0.5389910061218213,44.6468446,-3.46323525238051,1805.317878723144,0.0,172.771617770195,20.3607566654682,56.4083643257618,-63.5673463,99.0,84.6298599243164,34.1338996887207,44.4049606323242,-703.619995117188,82.9849004745484,58.7820172309876,0.477992032723551,0.124997904618228,1.00998306077755,4.014732601676885,0.0,690.078552246094,3.0,7.0,8.0,0.0,0.0,24060101.0,-0.34485531337695363,22.6644288926511,35.04051933288575,10.19645133018495
2024-06-01 19:19:46+00:00,GER,GER,5.2689108054722125,5.221032374673524,0.0,5.09354791834361,5.090784765314886,5.042527088262536,-10.2394285753531,-8.957089586987216,2.0864963902505704,-3.750595782226244,-10.3867220316913,6.146128393030952,-1.2655995820924,-8.976045923254937,-0.2263837999189972,-3.807782565580554,45.5044063568115,9.422746696472165,1.0,345.583884906604,0.224081410467625,110.82421875,9609.65234375,20.9300082208585,9.80458889007568,16.96371566228485,1.193379979261712,44.646868,-5.74657240111424,1805.3542137145978,47.34431165270511,218.079954385757,-10.6133315712214,-18.6375509947538,-63.567335,99.0,86.1404190063476,34.1338996887207,44.4049606323242,-704.619995117188,82.9752206802368,58.7626278400421,0.043499267018523,-1.24597911664959,-0.201996601483339,3.994533042914172,0.0,690.078552246094,3.0,7.0,8.0,0.0,0.0,24060101.0,-3.1656614126028004,21.2814675574326,35.966781806945804,9.376705098152161
2024-06-01 19:19:47+00:00,GER,GER,5.2689108054722125,5.118532494195424,0.0,5.085796848918749,5.148559457202002,5.177016757359942,-10.2397222734874,-11.0337155428021,2.08504621302373,-3.876338967204626,-10.10355690285455,6.1455853929919355,-1.265869374564614,-9.49483601524838,-0.09189404010814045,-6.204813890643894,45.8708209991455,9.342689151763917,1.0,345.372695457467,0.225092402100563,110.82421875,9609.65234375,25.7517085484428,9.51009178161621,20.924649937454653,1.0993815498661639,44.6468896,-6.58517022080371,1805.808305740354,576.7587423324583,15.0194661691785,16.3789354264736,7.45591055601835,-63.5673211,99.0,87.6456527709961,34.1338996887207,44.4049606323242,-705.619995117188,82.9887747764587,58.8634490966797,-0.04449924273158849,1.51697455593267,1.10398151151744,4.302127837421346,0.0,690.078552246094,3.0,7.0,8.0,0.0,0.0,24060101.0,-5.986632889117946,20.3233234980213,36.634319686889654,9.26664058685303
2024-06-01 19:19:48+00:00,GER,GER,6.680926484759526,7.017282821663474,0.0,7.010361790977511,7.000393471393322,7.3594831537986565,-10.24045651882325,-11.0340092409365,2.040098829841308,-4.0028085428012385,-9.356507950592155,6.145313807595068,-1.2655995820924,-10.59306913283862,0.6785568171155077,-8.546951412234659,45.9039653778076,9.564746189117432,1.0,345.226420126202,0.226519605517387,110.82421875,9609.65234375,31.4208577671071,9.47675256729126,25.2020772495163,1.143380838758762,44.6469103,-8.05773894217777,1803.719329833984,1143.157756328582,139.854848384857,57.934857904911,13.9658590778708,-63.5673047,99.0,87.6456527709961,34.1338996887207,44.4049606323242,-706.719970703125,83.0120027065277,58.981716632843,0.05899901396801149,-0.852985666536956,-0.0529991063287652,3.39014296481731,0.0,690.078552246094,3.0,7.0,8.0,0.0,0.0,24060101.0,-8.852301166250333,19.6465815248673,36.7763608932495,9.35405038833618
2024-06-01 19:19:49+00:00,GER,GER,9.696803983298059,10.24442443184415,0.0,10.173484166133749,10.250476619779025,10.288042233327275,-10.2470664343925,-11.0340092409365,3.1195685213192053,-3.4462324569371128,-8.84901891884468,6.144974880801842,-1.2652623948629824,-12.575820285681974,0.5912383567509345,-9.594445274292358,45.9039653778076,10.042577219009374,1.0,345.174975141373,0.227938118577003,110.82421875,9609.65234375,31.4208577671071,9.47675256729126,29.06051514468,1.6337226058897225,44.6469333,-8.05773894217777,1656.25223517418,1731.1198413372024,139.854848384857,57.934857904911,13.9658590778708,-63.5672837,99.0,91.662483215332,34.1338996887207,44.4049606323242,-707.719970703125,83.0120027065277,58.981716632843,0.554990702908236,-0.852985666536956,-0.0529991063287652,3.105447905622995,0.0,690.078552246094,3.0,7.0,8.0,0.0,0.0,24060101.0,-9.960188884298436,19.6465815248673,36.8574657440186,9.35405038833618
2024-06-01 19:19:50+00:00,GER,GER,9.757245394480558,10.237574349748181,0.0,10.169561545804719,10.10431684677708,9.844314084698942,-10.2486817741312,-11.027530379621851,4.3824538502684565,-1.4457930831588874,-5.477313750871049,5.583280165796344,-0.7028061777980429,-12.767410165486002,0.08706843341927929,-10.45194700854766,46.7827651977539,10.322278575897199,1.0,345.099925022773,0.229501202702522,110.82421875,9609.65234375,38.035776449954,10.2676900863647,30.7769843717865,2.10116477644604,44.6469518,-8.78122758378502,1315.755820274352,1846.364593505858,217.510774731636,5.96008636057377,-58.8559173047543,-63.5672643,99.0,93.5528030395508,34.1338996887207,44.4049606323242,-708.719970703125,83.0371677875519,61.8589699268341,0.10649822302567305,-1.13898089492846,0.649989136031298,1.4015765035372323,0.0,690.078552246094,3.0,7.0,8.0,0.0,0.0,24060101.0,-11.139476923986278,19.2917053861609,36.5964769363403,10.047491455078127
2024-06-01 19:19:51+00:00,GER,GER,9.777230741435428,10.20528296558835,0.0,10.12690483731515,10.1262371863238,9.81905689892188,-10.24956286853415,-11.027383530554701,5.00719086980372,-0.423495827635977,-3.4935879727218104,4.629979692346311,0.28066575651314024,-12.752723679289225,0.04182626254063317,-11.102701093749525,46.532194519043,10.990656995773325,1.0,345.167298008746,0.231404310464859,110.82421875,9609.65234375,39.083749449782,10.7674693107605,32.1589621597646,1.9467174119877326,44.6469738,-8.26240129178897,892.3276364803312,1846.3623225688898,110.884875059128,-107.8075543046,-69.455124437809,-63.5672398,99.0,95.9627914428711,34.1338996887207,44.4049606323242,-709.719970703125,83.042973279953,61.8550896644592,0.0374993727194898,0.241995923490653,0.0789986749716683,1.5739736584951851,0.0,690.078552246094,3.0,7.0,8.0,0.0,0.0,24060101.0,-11.623977929553726,19.4099530361668,35.563116645813,10.747795844078048
2024-06-01 19:19:52+00:00,GER,GER,9.784544806819454,10.136790682365099,0.0,10.136711281416,10.16033647886825,9.81905689892188,-10.249416019467,-11.0269417026928,5.001753932502685,-0.4257673257723625,1.20305335206762,3.7741056028423774,1.1278234740943442,-13.210479115482075,0.0345124181038888,-12.2582566166378,46.2070816040039,11.765748667716974,1.0,345.322589189716,0.23257332444191,110.82421875,9609.65234375,43.9093395700985,11.5521780967712,33.43943992158165,2.0367158264732277,44.6469942,-11.5660613404866,515.678621828556,1846.4303612709023,194.76406276226,36.225289106369,-91.0105854272842,-63.5672141,99.0,98.4022064208984,34.1338996887207,44.4049606323242,-710.619995117188,83.0410361289978,61.8667244911194,0.16899716949844373,0.173997081414305,0.803986476400667,0.34999412759495374,0.0,690.078552246094,3.0,7.0,8.0,0.0,0.0,24060101.0,-12.812233409980225,19.6407895244511,34.7441854476929,11.373267459869375
2024-06-01 19:19:53+00:00,GER,GER,9.786494655072763,10.09472674891816,0.0,10.15583252406352,10.166669814464822,9.815173082605082,-8.954354949998276,-11.026646723898,5.003385067053848,-0.4260398049635212,1.422123879011255,2.8721645981180357,2.031571103874794,-14.129996875655639,0.028678604456898165,-12.141770301664138,47.0950584411621,12.70680667877196,1.0,345.51479071296,0.234035906195641,110.82421875,9609.65234375,40.87420840862,12.5202152252197,33.4149417405761,1.487775091688376,44.6470174,-8.37922143225828,44.24059729208236,1846.4008808135957,69.9912756681442,18.9622584730387,-24.4448035955429,-63.5671854,99.0,101.59880065918,34.1338996887207,44.4049606323242,-711.619995117188,83.0410361289978,61.8861138820648,-0.422992921607802,-0.457992305018828,-0.126997856044359,-0.1553973877429608,0.0,690.078552246094,3.0,7.0,8.0,0.0,0.0,24060101.0,-13.40249174130698,19.826142075505,34.854828071594255,12.33051361083986
2024-06-01 19:19:54+00:00,GER,GER,9.776742340221087,10.12211649050884,0.0,10.177409433161062,10.20954325339448,9.82099974623129,-1.4624455272504548,-11.02649987483085,5.002297615560617,-0.4256764655801028,1.87340264168449,1.980129299353088,2.898693735873284,-14.05141554925466,0.044257566759771716,-14.21355672694268,47.6248157501221,13.006761932373042,1.0,345.716090048178,0.235513320565224,110.82421875,9609.65234375,42.3108943043025,13.1270956993103,33.540938240195345,1.3981765847787884,44.6470419,-9.59746421790551,0.0,1846.382761001584,180.093511939049,42.0475862920284,-3.52709949947894,-63.5671551,99.0,104.282501220703,34.1338996887207,44.4049606323242,-712.619995117188,83.0526530742645,61.8977427482605,-0.039999328677419996,0.314994717503501,0.284995219327909,0.28979513343311425,0.0,690.078552246094,3.0,7.0,8.0,0.0,0.0,24060101.0,-15.90485397488204,19.8338516515307,34.7022211074829,12.38658267974854
2024-06-01 19:19:55+00:00,GER,GER,9.807945717934837,10.12211529522572,0.0,10.10876193388892,10.08678238513982,9.795751098190692,6.433931263002821,-11.0262053229229,5.001935103270419,-0.431127564851496,1.574476531172825,1.0609553538268364,3.835423572755314,-14.14411112006602,-0.012194619910893417,-15.079791028806579,48.0399341583252,12.822240028381321,1.0,345.877992852264,0.236627697944641,110.82421875,9609.65234375,41.4206986743018,12.8622994422913,33.5684382893411,2.549557218569906,44.6470662,-8.46019588618972,0.0,1846.364593505858,186.581268906593,46.8444414436817,-44.5783361792564,-63.5671249,99.0,108.385498046875,34.1338996887207,44.4049606323242,-713.719970703125,83.0565214157104,61.8938684463501,0.36049397596879446,-0.360993960490274,1.14298071773945,-0.8275861260105739,0.0,690.078552246094,3.0,7.0,8.0,0.0,0.0,24060101.0,-17.180008287259998,19.51643397778,35.53265533447265,12.086661243438721
2024-06-01 19:19:56+00:00,GER,GER,9.80404516765457,10.13189868743812,0.0,10.10876295841728,10.08678136061144,10.42181460449582,6.434959419916315,-11.02502711529105,5.003022640141014,-0.4227690408134138,1.5088076773977401,0.15236503921655878,4.713068217891914,-13.994577617812201,0.6177691807091322,-16.65075263791082,48.8061756134033,13.35248622894288,1.0,346.045687656766,0.237710613012314,110.82421875,9609.65234375,41.2158271501473,13.4130457878113,32.62945291055175,1.8265693152061817,44.6470913,-9.30698907910956,0.0,1846.3827610015858,148.392274975777,49.8650223016739,-115.050464868546,-63.5670944,99.0,111.436897277832,34.1338996887207,44.4049606323242,-714.719970703125,83.1107258796692,61.9481563568115,-0.14249761633406124,0.10599821265753,-1.205979714601,-0.67378877011165,0.0,690.078552246094,3.0,7.0,8.0,0.0,0.0,24060101.0,-19.44286635173922,19.0142818850952,35.6303014755249,12.297692100818354
2024-06-01 19:19:57+00:00,GER,GER,9.819645148964147,10.1240719736682,0.0,10.1068003035593,10.043922777343242,10.093078453516725,6.436134212453554,-11.0247329902699,5.001935188647783,-0.4253130248110642,1.583408550977355,-0.7602958053368466,5.626595603342635,-14.12007909947134,0.27343310711742336,-16.677901956842696,49.1741970062256,13.608832798004158,1.0,346.199694762172,0.238571897149086,110.82421875,9609.65234375,41.0773109137795,13.4990876197815,32.08746203198555,2.456958849888158,44.6471175,-9.29451800745876,0.0,1846.373677253722,109.92256551981,26.3801123946905,25.8579794317484,-63.5670638,99.0,114.02619934082,34.1338996887207,44.4049606323242,-715.719970703125,83.1145942211151,61.9442760944366,-0.22299626488048785,2.87895162903023,6.36989333033548,-0.02299961232199006,0.0,690.078552246094,3.0,7.0,8.0,0.0,0.0,24060101.0,-19.7661600372329,18.1496106720229,35.8221605300903,12.610160636901858
2024-06-01 19:19:58+00:00,GER,GER,2.1708984785674437,0.11558225405961027,0.0,-0.22529413128233022,-0.08787640277641957,-0.7429583733128059,6.436721608722181,-11.023112954776149,5.002660127850816,-0.42640324573255983,1.6117760341477099,-1.303875770102076,6.168884875798142,-9.077133662122119,-2.9138567891812426,-17.88187442825702,48.4617645263672,13.69591318130492,1.0,346.324577940956,0.239119926095009,110.82421875,9609.65234375,40.4629490583151,13.8653288841248,32.387459308258144,1.286778429899531,44.6471442,-8.9593580635653,0.0,1846.4190721511818,187.00897693634,40.7403260469437,-35.8488373458385,-63.5670331,99.0,118.120697021484,34.1338996887207,44.4049606323242,-716.719970703125,83.108788728714,61.9481563568115,0.595490016107135,0.747987462943025,-0.924984558207912,0.29799499297719007,0.0,690.078552246094,3.0,7.0,8.0,0.0,0.0,24060101.0,-21.817183541208237,17.3009101487773,34.684035301208496,12.47210231781004
2024-06-01 19:19:59+00:00,GER,GER,-8.117064471204614,-10.697970892027053,0.0,-10.915436900812935,-10.431872783756237,-10.61524492146033,6.43628106152071,-11.02443801147515,5.002297444805889,-0.4278568060374738,1.760975913677085,-1.273752309329132,6.121131181329176,-0.1684389963009078,-2.498180300845315,-17.14280936949282,47.6266662597656,13.604993419647219,1.0,346.427385948344,0.2388787150383,110.82421875,9609.65234375,38.225642048502,13.8351945877075,32.23696121253885,0.7869868079032518,44.6471711,-6.67600874855712,0.0,1846.4190721511818,162.959963083267,-25.7132928818464,-48.4481304883957,-63.5670033,99.0,120.452697753906,34.1338996887207,44.4049606323242,-717.619995117188,83.1107258796692,61.9442760944366,-0.11299810184618556,-0.625989505474313,-0.629989435007002,-0.43339273038866455,0.0,690.078552246094,3.0,7.0,8.0,0.0,0.0,24060101.0,-20.95493260566828,16.3402081835219,34.4384822845459,12.49956676483156
2024-06-01 19:20:00+00:00,GER,GER,-21.143983021138858,-21.88322566482146,0.0,-21.90687485331318,-21.69554743435514,-21.78606007670778,6.435840514319246,-11.02384933454605,5.002660127850815,-0.4383963642240144,2.137653802770705,-1.2626256323504041,6.108990093192654,13.83088393812584,-0.642076780427028,-16.517920826479703,47.9635723114014,12.8383689880371,1.0,346.488174631957,0.237078309059143,110.82421875,9609.65234375,41.8218630050134,13.4494379997253,32.381453864430455,1.360177211529562,44.6471968,-10.4106964225648,0.0,1846.391820907592,104.554302990437,-24.597305804491,-55.0367943942547,-63.5669727,99.0,124.176696777344,34.1338996887207,44.4049606323242,-718.619995117188,83.1107258796692,61.9520306587219,0.750987383412115,1.18598006693756,0.892984961863844,1.1363808873713637,0.0,690.078552246094,3.0,7.0,8.0,0.0,0.0,24060101.0,-18.6376754995445,15.6478370299996,34.7263687133789,12.20078241348268
2024-06-01 19:20:01+00:00,GER,GER,-21.55072829942116,-21.63228929584762,0.0,-21.54932708611298,-21.5593155547552,-21.465344104606878,6.43701530685649,-11.0248798393371,5.001935188647783,-0.4274936640892112,3.624922158455695,-1.2626256323504041,6.11114843297038,12.11658790645848,0.08538408075550628,-15.033807463238379,46.2793922424316,11.79087272644044,1.0,346.536505050524,0.235169327259064,110.82421875,9609.65234375,41.9981433573022,12.307785987854,33.282442900867,0.5421909123953759,44.6472201,-9.8451217545683,0.0,1846.3827371597279,282.91580080986,-11.1138541251421,23.9081066101789,-63.5669437,99.0,127.395301818848,34.1338996887207,44.4049606323242,-719.619995117188,83.108788728714,61.9462192058563,0.6439892150518385,-1.04498255091028,-2.35996055872046,-0.03319944180174259,0.0,690.078552246094,3.0,7.0,8.0,0.0,0.0,24060101.0,-16.96370917360512,15.4811923670823,33.938388061523455,11.524878358840928
2024-06-01 19:20:02+00:00,GER,GER,-21.545905730521202,-21.5135055898284,0.0,-21.514029806847233,-21.648032426538535,-21.520181530559668,6.43716215592365,-11.025174391245,5.00145183892752,-0.421072891399088,5.95538280998575,-1.2616305307065767,6.110158880855253,11.923821526569967,0.02572398040388457,-14.192092629802934,44.9677001953125,10.974971866607667,1.0,346.58409780866,0.233719807863235,110.82421875,9609.65234375,43.5470458459535,11.2958559036255,33.0104476926442,0.9159846545050326,44.6472401,-11.4807872824726,0.0,1846.3963568210575,206.470832228661,66.7589157819748,13.0466995760798,-63.5669186,99.0,130.171493530273,34.1338996887207,44.4049606323242,-720.719970703125,83.1126570701599,61.9442760944366,0.36199391619302,-0.377993661004201,1.42297599847107,-1.9079680590659065,0.0,690.078552246094,3.0,7.0,8.0,0.0,0.0,24060101.0,-15.190915588363467,15.6599828138911,33.7992324829102,10.774290812015538
2024-06-01 19:20:03+00:00,GER,GER,-21.548661484178318,-21.53283115473902,0.0,-21.53478390582272,-21.654224106857637,-21.5167528894328,6.436721608722181,-11.0259107710149,5.001210164067388,-0.42058830548573145,10.81015405975755,-1.26208288844348,6.11006909232679,12.58426171647722,0.03190826190722866,-14.19914571081284,45.1294532775879,10.40850820541382,1.0,346.601200602342,0.232251513004303,110.82421875,9609.65234375,39.9924617226226,10.8880880355835,30.116494833762452,-0.5027915598076456,44.6472622,-10.2290509566829,0.0,1846.409964561462,105.434462428093,104.510210454464,-62.5290647149086,-63.5668924,99.0,133.681594848633,34.1338996887207,44.4049606323242,-721.719970703125,83.1010460853577,61.9423389434814,0.054999084435322504,0.140997636089196,-2.10296465935839,-2.306361332227702,0.0,690.078552246094,3.0,7.0,8.0,0.0,0.0,24060101.0,-15.08598703491216,15.8708597818734,34.3927516937256,10.137169933319091
2024-06-01 19:20:04+00:00,GER,GER,-21.552795114663997,-21.558370825756498,0.0,-21.4863624180668,-21.5517546491805,-21.4721835145323,6.436868457789335,-11.0262053229229,5.002055883782243,-0.421678617120677,10.812255623587749,-1.26208288844348,6.11060867727122,18.704332454019465,0.08061146895301963,-13.19268938975413,44.0803173065186,9.529355907440186,1.0,346.579699166835,0.230755510926247,110.82421875,9609.65234375,39.8803714881535,9.79842195510864,27.571037009355052,-0.027332876263763867,44.6472779,-12.5694314974871,0.0,1846.4643557866402,219.345599412918,41.7949110269546,90.0910049676895,-63.5668743,99.0,135.916000366211,34.1338996887207,44.4049606323242,-722.719970703125,83.108788728714,61.9404017925262,0.15699737339650754,-1.01198302554389,1.58097332173398,-3.162280184372427,0.0,690.078552246094,3.0,7.0,8.0,0.0,0.0,24060101.0,-13.3520095285602,15.7009195526816,34.774917984008795,9.317269134521483
2024-06-01 19:20:05+00:00,GER,GER,-21.5493504225926,-21.5583708257565,0.0,-21.475987360717536,-21.59644571528473,-21.475610561948333,6.436721608722181,-11.027383530554701,5.00145183892752,-0.378068624109037,8.795430535277244,-1.26208288844348,6.11060867727122,15.311851486990166,0.07373940707706977,-9.10413530667234,43.9201847076416,8.405832195281983,1.0,346.554673353716,0.229614418745041,110.82421875,9609.65234375,35.1552158844874,8.90415716171265,25.0395802189725,0.6833218999239886,44.6472966,0.999699677373564,0.0,1846.3887770970666,202.358886599541,-19.0534815192223,-66.2342384457588,-63.5668552,99.0,138.27619934082,34.1338996887207,44.4049606323242,-723.719970703125,83.1068515777588,61.932647228241,1.10098156436792,2.01096606666313,-0.704988220466621,-1.4693086578536565,0.0,690.078552246094,3.0,7.0,8.0,0.0,0.0,24060101.0,-11.507356718343999,15.5515074570403,35.185032463073696,8.312667560577394
2024-06-01 19:20:06+00:00,GER,GER,-21.550212022497277,-21.5514666428705,0.0,-21.446597625901425,-21.586131987342423,-21.452475003682224,6.43716215592365,-11.027824504643,5.002206966143727,-0.3971480327372157,6.30631750265418,-1.26208288844348,6.109596635335295,23.414769142319848,0.09773710552650662,-5.6662023122026355,43.9201847076416,7.195639371871949,1.0,346.510195161841,0.228503715991974,110.82421875,9609.65234375,35.1552158844874,8.90415716171265,22.7076195938677,-0.17174712772227393,44.6473175,0.999699677373564,0.0,1846.46439552307,202.358886599541,-19.0534815192223,-66.2342384457588,-63.5668346,99.0,140.425003051758,34.1338996887207,44.4049606323242,-724.619995117188,83.1068515777588,61.932647228241,0.0989983426454317,2.01096606666313,-0.704988220466621,-0.42374288504980856,0.0,690.078552246094,3.0,7.0,8.0,0.0,0.0,24060101.0,-7.031079974541635,15.5515074570403,35.3343006134033,8.312667560577394
2024-06-01 19:20:07+00:00,GER,GER,-21.552795114664,-21.5618229171995,0.0,-21.444005142224576,-21.5294175115692,-21.336859964714602,6.436574759655025,-11.028414035345751,5.001300792139937,-0.39215086223517226,0.84739027418326,-1.26208288844348,6.110271543402655,22.44394526360125,0.21593543009396174,-3.559171662575682,41.1039974212646,6.144291222095487,1.0,346.459296592146,0.227461624145508,110.82421875,9609.65234375,37.2674416400301,6.70297379493713,23.53910633285755,-0.3867435302023308,44.6473286,0.99998313022412,0.0,1846.4417755603774,255.887806415558,53.1503781676292,22.889195010066,-63.5668232,99.0,142.678802490234,34.1338996887207,44.4049606323242,-725.619995117188,82.9887747764587,61.6747796535492,1.136480938970535,1.00398316647851,-0.632989382156518,2.0234661666179026,0.0,690.078552246094,3.0,7.0,8.0,0.0,0.0,24060101.0,-4.381385886158703,15.334541375413,34.40064125061035,6.144245839118955
2024-06-01 19:20:08+00:00,GER,GER,-21.552795114663997,-21.56872596172067,0.0,-21.455240661113635,-21.500207780696797,-21.4449265062845,6.43774955219227,-11.027824504643,5.00266021322818,-0.392604929742739,0.526400331455356,-1.26208288844348,6.10925928802332,17.787548605127235,0.10786829266120102,0.640729222679235,41.1039974212646,5.408743143081668,1.0,346.459296592146,0.227461624145508,110.82421875,9609.65234375,37.2674416400301,6.70297379493713,25.4985732000656,-0.34766083981428947,44.647343,0.99998313022412,0.0,1846.5097347895298,255.887806415558,53.1503781676292,22.889195010066,-63.5668064,99.0,142.678802490234,34.1338996887207,44.4049606323242,-725.619995117188,82.9887747764587,61.6747796535492,-0.690988413741358,1.00398316647851,-0.632989382156518,1.5056414222567132,0.0,690.078552246094,3.0,7.0,8.0,0.0,0.0,24060101.0,0.5864403089415594,15.334541375413,35.5801849365234,6.144245839118955
2024-06-01 19:20:09+00:00,GER,GER,-21.552795114663997,-21.606701813505968,0.0,-21.455240661113635,-21.452116418750766,-21.448329648038435,6.43686845778934,-11.028119056551,5.00266021322818,-0.392604929742739,0.543211401354314,-1.2625351750325835,6.114655706650059,20.656788701226965,0.10446500861163466,1.0447813093470775,41.1039974212646,4.985140371322633,1.0,346.459296592146,0.227461624145508,110.82421875,9609.65234375,43.6174207000668,5.50746517181396,26.384558018443,-0.9379842402543979,44.6473516,0.99998313022412,0.0,1846.4492162068666,255.887806415558,53.1503781676292,22.889195010066,-63.566795,99.0,142.678802490234,34.1338996887207,44.4049606323242,-725.619995117188,82.9810321331024,61.6689622402191,0.152997438027476,2.52095772241118,-1.62097272378257,2.62462256280003,0.0,690.078552246094,3.0,7.0,8.0,0.0,0.0,24060101.0,1.0492035544564928,15.334541375413,35.4130142211914,6.144245839118955
2024-06-01 19:20:10+00:00,GER,GER,-21.552795114664,-21.5928900326393,0.0,-21.4414118047741,-21.42120127502,-21.3111635123965,6.43686845778934,-11.0275308065087,5.00266021322818,-0.39805699484557,0.885742613466103,-1.26208288844348,6.11600452671553,24.1261986580606,0.241630321607072,2.06081342755612,40.058088684082,4.63618583679199,1.0,346.418779909989,0.225278922915459,110.82421875,9609.65234375,52.0222655869964,4.72032523155212,29.142511565666,0.0,44.6473561,0.999983236945826,0.0,1846.60053253174,159.05636548996,-21.1746525019407,113.733254373074,-63.5667877,99.0,147.740005493164,34.1338996887207,44.4049606323242,-728.719970703125,82.9597353935242,61.6767168045044,0.168997169498444,-1.97896684384504,1.98296677337772,2.0339658749195,0.0,690.078552246094,3.0,7.0,8.0,0.0,0.0,24060101.0,2.1995533526193,19.158197386002,35.3836498260498,4.6075758934021
2024-06-01 19:20:11+00:00,GER,GER,-21.552795114664,-21.605322684476022,0.0,-21.4414118047741,-21.45005131105524,-21.30500165723678,6.436721608722181,-11.028119056550949,5.001935188647783,-0.40096392869241226,0.826901867787765,-1.26208288844348,6.11492569833613,17.34835742388464,0.2477924809236604,-0.603234133279873,39.784309387207,4.2450967597961435,1.0,346.422195004574,0.224590708315372,110.82421875,9609.65234375,51.5016958892146,4.601167345047,31.70547004227425,-1.2133796589416672,44.6473669,0.999983236945826,0.0,1846.46439552307,59.3823455274105,-88.2103368639946,-103.289902210236,-63.5667702,99.0,148.27360534668,34.1338996887207,44.4049606323242,-729.719970703125,82.9887747764587,61.7484509944916,0.557490658866166,1.76497040040278,-2.37896001055732,2.666555413533144,0.0,690.078552246094,3.0,7.0,8.0,0.0,0.0,24060101.0,-0.7959739468007716,21.06184965486,34.8820261001587,4.244373378753663
2024-06-01 19:20:12+00:00,GER,GER,-21.552793407116724,-21.59910687082184,0.0,-21.43518984394966,-21.443868965327983,-21.2906217184677,6.43745585405796,-11.028119056551,5.002297615560617,-0.40532491376401564,0.834256487419988,-1.262354260396942,6.115195405430979,18.70217058531072,0.26217058941549237,-2.0493590082189383,38.1089218139648,3.834857482910158,1.0,346.423615683922,0.224118505418301,110.82421875,9609.65234375,60.1738299840289,4.01974596977234,33.7064371388793,0.09119848939483799,44.6473725,0.999983236945826,0.0,1846.4281082153298,187.249660491943,-1.91935279872268,34.9067263305187,-63.5667572,99.0,150.260101318359,34.1338996887207,44.4049606323242,-730.619995117188,82.9965174198151,61.7697834968567,0.308994796524041,-0.694988343274046,2.05496571840953,2.248162272149718,0.0,690.078552246094,3.0,7.0,8.0,0.0,0.0,24060101.0,-2.388791683669412,22.5394210629143,34.1455490112305,3.842224469551672
2024-06-01 19:20:13+00:00,GER,GER,-13.947736521993724,-12.433478460360007,0.0,-12.220761439415359,-12.597273226846093,-12.047750357172719,6.436868457789335,-11.02767765557585,5.001210164067388,-0.40132738013362157,0.9272439100801579,-1.26208288844348,6.114925698336128,3.338353492661171,1.8999860127425738,-4.449075686187492,38.1089218139648,3.5203858995437622,1.0,346.442275760734,0.223630517721176,110.82421875,9609.65234375,60.1738299840289,4.01974596977234,36.38339147273515,0.834985962295516,44.6473767,0.999983236945826,0.0,1846.4462757110578,187.249660491943,-1.91935279872268,34.9067263305187,-63.5667443,99.0,151.546401977539,34.1338996887207,44.4049606323242,-731.619995117188,82.9965174198151,61.7697834968567,0.4674921509991775,-0.694988343274046,2.05496571840953,1.744170788177136,0.0,690.078552246094,3.0,7.0,8.0,0.0,0.0,24060101.0,-5.013199536626966,22.5394210629143,34.146865653991696,3.842224469551672
2024-06-01 19:20:14+00:00,GER,GER,-9.422759931767633,-9.407175716811386,0.0,-9.360160963433247,-9.294594277904496,-9.3232432217869,6.43628106152071,-11.02826633250495,5.00084765177719,-0.4077475925347897,1.3848244293972298,-1.26208288844348,6.114206479416526,0.011357439544443015,0.09951647208026267,-7.813774403421843,38.1089218139648,4.108748817443846,1.0,346.442275760734,0.223630517721176,110.82421875,9609.65234375,70.0304828054635,3.72296190261841,37.872866192965404,-0.44099261228669223,44.6473808,0.999983236945826,0.0,1846.4644352594999,187.249660491943,-1.91935279872268,34.9067263305187,-63.5667295,99.0,151.546401977539,34.1338996887207,44.4049606323242,-731.619995117188,83.0061972141266,61.7930471897125,-0.693988387571301,-1.32997774355776,-1.58097332173398,1.3439775324960734,0.0,690.078552246094,3.0,7.0,8.0,0.0,0.0,24060101.0,-8.920511647252075,22.5394210629143,33.0266876220703,3.842224469551672
2024-06-01 19:20:15+00:00,GER,GER,-9.42600683294433,-9.48526213908877,0.0,-9.456358912955395,-9.357748056813335,-9.23110823875166,6.43628106152071,-11.027824504643,5.00084765177719,-0.408958723812851,3.27083437298995,-1.26208288844348,6.115330258978405,1.236490543149415,0.1948982006563775,-9.63470497058136,36.7645832061768,4.406787657737735,1.0,346.492791839836,0.222835604846478,110.82421875,9609.65234375,71.7734446288132,4.4258650302887,38.9113520600363,-0.4789919484056575,44.6473834,0.999983236945826,0.0,1846.4794953664134,154.936134815216,-58.1665113568306,-40.4735393822193,-63.5667195,99.0,154.140197753906,34.1338996887207,44.4049606323242,-733.719970703125,83.0081284046173,61.7988646030426,0.0519991306156996,2.38696008306611,0.835985966023029,2.2164627665701353,0.0,690.078552246094,3.0,7.0,8.0,0.0,0.0,24060101.0,-11.0740465291906,25.625428595973,32.4498229980469,4.218419337272645
2024-06-01 19:20:16+00:00,GER,GER,1.31170755671041,5.110591307166483,0.0,5.825183282757611,5.306812619074112,6.839516149063418,6.438190312837145,-11.028119056550949,5.00145183892752,-0.38897100230002807,3.719484953575755,-1.2625351750325835,6.11510550306603,-8.923149807818993,5.5278084144835065,-10.147674090772894,36.0570156097412,4.144480991363527,1.0,346.512298860105,0.222443599998951,110.82421875,9609.65234375,73.1565715961191,4.05720977783203,41.118312539367054,1.2456457891885366,44.647387,0.999983236945826,0.0,1846.4946746826165,269.829481840134,7.76816252619028,50.0958524644375,-63.5667015,99.0,154.602096557617,34.1338996887207,44.4049606323242,-734.719970703125,83.0120027065277,61.7930471897125,0.31649471025481546,-2.01596619202241,0.816986300742758,0.291661746315368,0.0,690.078552246094,3.0,7.0,8.0,0.0,0.0,24060101.0,-11.5743910407706,26.0231368509645,32.1564039230347,3.967561254501342
2024-06-01 19:20:17+00:00,GER,GER,25.4064185802365,25.4287089025928,0.0,25.2983940158709,25.3850093522831,25.4096885333017,6.438190312837145,-11.028119056550949,5.00084765177719,-0.448935154014274,3.719484953575755,-1.26208288844348,6.11330745576702,-24.6057428245926,0.00326914077122284,-15.1288570587472,36.0570156097412,5.32110571861267,1.0,346.512298860105,0.222443599998951,110.82421875,9609.65234375,73.1565715961191,4.05720977783203,41.118312539367054,0.277995342645704,44.6473935,0.999983236945826,0.0,1846.60053253174,269.829481840134,7.76816252619028,50.0958524644375,-63.5666736,99.0,154.602096557617,34.1338996887207,44.4049606323242,-734.719970703125,83.0120027065277,61.7930471897125,0.31649471025481546,-2.01596619202241,0.816986300742758,-1.51997450308218,0.0,690.078552246094,3.0,7.0,8.0,0.0,0.0,24060101.0,-17.8225999975829,26.0231368509645,32.1564039230347,3.967561254501342
2024-06-01 19:20:18+00:00,GER,GER,25.374509302472056,25.33067109932214,0.0,25.28986106054078,25.34256211715768,25.24459295728816,6.43745585405796,-11.027236254600751,5.001210164067388,-0.4096859895490691,9.470506369160605,-1.261811473801338,6.11492569833613,-26.038519119994238,-0.12991610922887423,-16.80287836770934,36.4079498291016,5.362130727767943,1.0,346.560000901268,0.221591220796108,110.82421875,9609.65234375,73.3707594983016,5.3530210018158,39.4908389695985,1.004983148861687,44.6473964,0.999983236945826,0.0,1846.4735031127918,129.204854369164,124.564632773399,-26.4882612973452,-63.5666614,99.0,157.455596923828,34.1338996887207,44.4049606323242,-736.619995117188,83.0081284046173,61.7930471897125,0.21549639033659002,0.669988783694742,0.979983589282382,-2.38456001862479,0.0,690.078552246094,3.0,7.0,8.0,0.0,0.0,24060101.0,-19.8238020526954,26.1807127302112,31.2070718765259,4.8034816932678215
2024-06-01 19:20:19+00:00,GER,GER,25.368131613334562,25.10284706597124,0.0,25.20234140708248,25.16441200058354,24.9001110004607,6.436721608722181,-11.0275308065087,5.00084765177719,-0.4165908572327022,10.2748196274244,-1.26208288844348,6.115195405430977,-27.109286851648783,-0.4680211838349494,-16.91555633995654,36.1785175323486,5.989283638000488,1.0,346.560219467322,0.221050406992435,110.82421875,9609.65234375,61.6555848829498,5.64421577453613,36.325891525207396,1.711371301976066,44.6474032,0.99998313022412,0.0,1846.4735031127918,152.701035141945,-27.9061552137136,36.5562550723553,-63.5666425,99.0,159.580093383789,34.1338996887207,44.4049606323242,-737.619995117188,83.0100655555725,61.7794752120972,-0.1659972223489273,-0.804986512144692,0.452992393102967,-4.000932887477792,0.0,690.078552246094,3.0,7.0,8.0,0.0,0.0,24060101.0,-20.31940945811746,25.1143596913268,30.98781394958495,5.468472976684568
2024-06-01 19:20:20+00:00,GER,GER,25.261843624565397,25.060306598763674,0.0,25.17247230682308,25.09872641284498,24.81994336262496,6.43701530685649,-11.027530379621851,5.0015725909802216,-0.4053250204857212,12.4130001018131,-1.261811473801338,6.11465599124128,-26.90673007860396,-0.4418997229957876,-18.911574281489003,37.0582202911377,6.530824985504149,1.0,346.537188069441,0.220565021038055,110.82421875,9609.65234375,54.8720117540224,6.55766673088074,32.04696242530195,0.683588543918286,44.6474128,0.999983236945826,0.0,1846.46439552307,133.316099643707,-25.9070042520762,-114.222086966038,-63.5666233,99.0,160.74040222168,34.1338996887207,44.4049606323242,-738.619995117188,83.019745349884,61.8318259716034,0.934984328678779,1.70597133307391,-1.48797496009897,-5.533907204229893,0.0,690.078552246094,3.0,7.0,8.0,0.0,0.0,24060101.0,-23.06631756492414,23.6061224414464,30.7856449127197,5.928378696441651
2024-06-01 19:20:21+00:00,GER,GER,25.2087286584848,25.0666866784674,0.0,25.131949477496278,25.11143397979578,24.8115149091892,6.43804346376999,-11.0269417026928,4.64416586718638,-0.408232338530705,17.1558710817521,-1.26208288844348,6.115195405430979,-26.777032299473518,-0.39721318900663816,-15.086799315159201,36.5177375793457,6.457773799896238,1.0,346.466618554936,0.219843707978725,110.82421875,9609.65234375,43.6664614583074,6.65264739990234,25.556070586272448,-0.25739568420801584,44.6474247,0.99998313022412,0.0,1846.491646766662,218.827843666077,36.807045340538,-40.8232770860195,-63.5666067,99.0,162.668197631836,34.1338996887207,44.4049606323242,-739.719970703125,83.0178081989288,61.8201911449432,0.10499824027951819,-2.70095455138217,-1.36897705650148,-7.08208133858358,0.0,690.078552246094,3.0,7.0,8.0,0.0,0.0,24060101.0,-18.36486579126312,21.4973647144548,31.00538692474365,5.9762364292144765
2024-06-01 19:20:22+00:00,GER,GER,25.1662564931689,25.068811891827643,0.0,25.0999623355753,25.155936418842458,24.82205525711634,1.667848258695519,-11.02767765557585,-2.172297738868454,-0.405324823050566,16.8348829266128,-1.261811473801338,6.11492569833613,-26.28494449053078,-0.3442000887942024,-11.72092717142546,38.1526885986328,5.359532718658446,1.0,346.38050352988,0.219248807430267,110.82421875,9609.65234375,26.7527000920648,6.063365650177,19.29017713133415,-0.8133863748355082,44.6474379,0.999983343667531,0.0,1846.4825630187977,130.475386977196,-0.153533037519082,30.722938477993,-63.5665966,99.0,163.575897216797,34.1338996887207,44.4049606323242,-740.719970703125,82.9945802688599,61.692225933075,0.9229845400807145,1.0369825851232,-1.50997467925046,-4.9647164633320084,0.0,690.078552246094,3.0,7.0,8.0,0.0,0.0,24060101.0,-13.79028751351078,19.6317702596521,32.667184066772506,5.265734815597537
2024-06-01 19:20:23+00:00,GER,GER,25.140776813979635,25.06668633695792,0.0,25.1255506147724,25.261935490609698,24.82627187440044,-7.716718695976455,-11.027824504643,-3.812888473494598,-0.405324823050566,16.88478941133075,-1.261811473801338,6.11465599124128,-21.22254453999128,-0.314504309921094,-5.76148560690277,37.9355987548828,4.49485110282898,1.0,346.259390615518,0.218576820194721,110.82421875,9609.65234375,21.8902337804194,4.95281052589416,14.241262023272999,-0.793186698678919,44.6474496,0.99998313022412,3.45133394002914,1846.464443206786,158.31284224987,-73.074571788311,37.2274965047836,-63.5665907,99.0,165.052993774414,34.1338996887207,44.4049606323242,-741.719970703125,82.9558670520782,61.628246307373,0.07099880923618435,-0.950984100170389,-0.0539990920469906,-5.523307092147494,0.0,690.078552246094,3.0,7.0,8.0,0.0,0.0,24060101.0,-6.685022591893469,17.5469506381541,33.36157150268555,4.502727371103624
2024-06-01 19:20:24+00:00,GER,GER,25.1407754479418,25.077319575457796,0.0,25.16180320983004,25.22376122182906,24.86846297743198,-10.8547957492859,-11.027824504643,-3.897709263079766,-0.4045982296610938,17.6670390241413,-1.26208288844348,6.114386284146429,-18.26467852746064,-0.27231293741724283,1.715951613493265,37.892501449585,3.85029700756073,1.0,346.178411892718,0.217824701964855,110.82421875,9609.65234375,15.1382878424437,4.40566906929016,9.044848980085435,-0.9629838994406261,44.6474598,0.99998313022412,515.2744472026824,1846.5369939804082,132.968842983246,23.19460734725,-6.39855628833175,-63.566587,99.0,166.020904541016,34.1338996887207,44.4049606323242,-742.719970703125,82.9558670520782,61.6379380226135,0.10449824575287875,-2.35996055872046,-5.28991150273588,-4.272928266455354,0.0,690.078552246094,3.0,7.0,8.0,0.0,0.0,24060101.0,1.7927656311145626,15.8399856192777,33.719411659240706,3.833021693229676
2024-06-01 19:20:25+00:00,GER,GER,25.140776813979635,25.090079051846278,0.0,25.17460674093872,25.1707644180211,25.00354772676086,-10.85582411964285,-11.0281199103246,-4.007541095499782,-0.401690895607855,17.58875993361105,-1.26208288844348,6.114925698336128,-14.54922534917454,-0.13722952477776343,3.561143324745654,37.4092403411865,3.1892616176605237,1.0,346.115382907057,0.217295609414577,110.82421875,9609.65234375,7.52565013036085,3.79978079795837,4.93641719667599,-1.1173812647797754,44.6474689,0.999983343667531,1137.2584819793697,1846.555089950562,209.004729986191,-30.874390155077,-65.9923553466797,-63.5665854,99.0,166.781295776367,34.1338996887207,44.4049606323242,-743.619995117188,82.9481244087219,61.6185486316681,0.491491768215949,-2.98694993985624,-4.4389254274393,-3.54434041905719,0.0,690.078552246094,3.0,7.0,8.0,0.0,0.0,24060101.0,3.7989690175416158,14.9884095863915,33.8174131393433,3.202480781078339
2024-06-01 19:20:26+00:00,GER,GER,25.1407754479418,25.09433221064244,0.0,25.178874584641598,25.166529017716762,25.018335427823377,-10.85244616421145,-11.02782493152985,-3.244155184516372,-0.4038713481230166,18.721942104655852,-1.1860956678892565,6.04504867963603,-14.5736393480986,-0.12244057507126953,6.806800126351052,36.6020919799805,2.689266700744626,1.0,346.061806903208,0.216916707158089,110.82421875,9609.65234375,9.70528643791698,2.99223911762238,1.516474591421504,-0.5823902415514943,44.6474765,0.999983236945826,1733.693695068358,1846.573305130006,158.279031515121,-43.777659535408,39.1022004187107,-63.5665843,99.0,167.873001098633,34.1338996887207,44.4049606323242,-744.619995117188,82.9481244087219,61.6437554359436,0.053999095382044004,-0.92198450433669,0.842985789344382,-3.698337919509116,0.0,690.078552246094,3.0,7.0,8.0,0.0,0.0,24060101.0,7.26735679387725,13.991674104396,33.8076370239258,2.648187673091888
2024-06-01 19:20:27+00:00,GER,GER,25.13653048537264,25.100715022421817,0.0,25.125549931753483,25.2343872886303,25.05635601734772,-10.8492150578472,-11.028119056550949,-2.80301542145137,-0.40387143883646665,19.018765904285353,-0.3602773382535974,5.229726693222762,-13.111871631745903,-0.08017443667540106,8.595730744984868,36.3543022155762,2.342394590377808,1.0,346.008394823898,0.216503217816353,110.82421875,9609.65234375,358.139357204974,2.81344306468964,357.992494477441,-0.9867835121766353,44.6474833,0.999983236945826,1809.5684051513679,1846.437215805052,91.426320374012,13.7422122061253,-0.649372057523578,-63.5665851,99.0,168.278701782227,34.1338996887207,44.4049606323242,-745.719970703125,82.9403817653656,61.6515100002289,0.6159896816425915,1.47097547302845,-0.674988695610603,-3.18794648425121,0.0,690.078552246094,3.0,7.0,8.0,0.0,0.0,24060101.0,9.117019832440889,13.1227143862986,33.7576372146606,2.3147965294974204
2024-06-01 19:20:28+00:00,GER,GER,25.13016406604728,25.102841601819897,0.0,25.102093354596338,25.27046229876958,25.30806624675454,-10.8492150578472,-11.027383530554701,-2.805552751350666,-0.3947859425468564,19.018765904285353,0.540713961360597,4.336163865338625,-11.190821846543498,0.17790229143104858,13.79469247326126,35.761071395874,2.0315866041183477,1.0,345.963889311266,0.216247107088566,110.82421875,9609.65234375,345.778272090382,2.31571090221405,354.7260657899085,-1.291178341713314,44.647489,0.999983343667531,1809.586572647096,1846.564173698426,147.681802511215,-54.1247129440308,4.11168532446027,-63.5665877,99.0,168.654602050781,34.1338996887207,44.4049606323242,-746.719970703125,82.9500555992126,61.6767168045044,-0.17199712331806677,-1.68997172166486,-0.774987040649526,-3.0403490418063157,0.0,690.078552246094,3.0,7.0,8.0,0.0,0.0,24060101.0,14.554205240098417,12.1864918190284,33.68168220520015,1.938693895339966
2024-06-01 19:20:29+00:00,GER,GER,25.04104922190824,25.14115179136504,0.0,25.227956665526758,25.56561594639224,25.05857377977124,-10.84965560504865,-11.028119056551,-2.805190239060468,-0.38388314636251797,19.021918890361,1.385800431413112,3.4380149496249643,-6.7696620826448495,0.017524428462891803,19.81714671636812,35.3218242645264,1.650933637619018,1.0,345.93061262963,0.216115598380566,110.82421875,9609.65234375,321.9937229097,1.97225897312164,352.27909587823854,-1.626372756717748,44.6474936,0.99998313022412,1809.468579292296,1846.527910232544,130.517393350601,-91.2659764289856,-4.77583101019263,-63.5665927,99.0,166.448104858398,34.1338996887207,44.4049606323242,-747.719970703125,82.9481244087219,61.7135524749756,0.159997314709681,-0.345994198062265,-2.22296254533905,-1.7185711537905621,0.0,690.078552246094,3.0,7.0,8.0,0.0,0.0,24060101.0,20.7237139682999,11.759869665733,33.60645332336425,1.467684195041656
2024-06-01 19:20:30+00:00,GER,GER,25.055897711654403,25.10071331487452,0.0,25.159672190809,25.39562824738574,24.931765512169157,-10.84936190691435,-11.02826633250495,-2.807727654337126,-0.38860748148970975,19.006685860964552,2.2946621146417963,2.546610717650644,-6.794456864615098,-0.1241319847078374,24.046017701355982,35.0032962799072,1.6543672084808343,1.0,345.88930364553,0.216000799834728,110.82421875,9609.65234375,312.836870780058,1.74895166158676,350.6206166647325,-1.371377035565434,44.6474973,0.99998313022412,1809.5139503479,1846.428155899046,121.826320886612,-69.459542632103,176.316007971764,-63.5665989,99.0,163.826995849609,34.1338996887207,44.4049606323242,-748.719970703125,82.9713523387909,61.7562115192413,-0.0409993110605924,-0.762987198690608,0.897984927140558,-1.3335776161041557,0.0,690.078552246094,3.0,7.0,8.0,0.0,0.0,24060101.0,25.15389692435632,11.9750206245884,33.53994312286375,1.375147125720978
2024-06-01 19:20:31+00:00,GER,GER,25.041050929455544,25.14539265582072,0.0,25.17034128780204,25.30225375577088,24.9908784088694,-10.84965560504865,-11.0284136084589,-2.8080900812499605,-0.3795221719630854,12.004801956916928,3.2265909261788623,1.6657283280597022,-5.585599698038479,-0.05017272869348895,26.062027948098518,35.0731246948242,1.8711064982414238,1.0,345.859004926372,0.215959520637989,110.82421875,9609.65234375,304.245148502342,1.89269092082977,349.42363967306653,-1.7211711720198362,44.647501,0.99998313022412,1809.577488899232,1846.500658988952,87.865024805069,-58.9642561972141,-38.563460111618,-63.5666071,99.0,160.957305908203,34.1338996887207,44.4049606323242,-749.719970703125,82.9965174198151,61.818253993988,0.4804919353206285,0.966983711579438,-0.446992498803934,-1.4641754220681502,0.0,690.078552246094,3.0,7.0,8.0,0.0,0.0,24060101.0,27.447216608005398,12.5231065932151,33.042066764831546,1.534410783648492
2024-06-01 19:20:32+00:00,GER,GER,25.051655822670362,25.1645513364426,0.0,25.13834526663512,25.22378854258576,25.11766994250802,-10.8495087559815,-11.028119056550949,-2.8095400450333883,-0.25777690081117377,9.66856392584442,4.112927926185314,0.7759426961722017,-3.3513689627388423,0.06601413717990891,27.61456580493554,33.9932991027832,2.3186307334899903,1.0,345.828187112837,0.215907807648182,110.82421875,9609.65234375,306.606891313549,2.26862461566925,347.7016806814145,-1.565773781608832,44.6475054,0.99998313022412,1809.5592975616462,1846.5006828308099,182.043120265007,-75.9733468294144,-19.1439967602491,-63.5666161,99.0,161.651306152344,34.1338996887207,44.4049606323242,-750.619995117188,83.0120027065277,61.8492722511292,-0.30249493724485704,-1.63697244191333,-0.184996900969412,-1.16798035602601,0.0,690.078552246094,3.0,7.0,8.0,0.0,0.0,24060101.0,29.46280509056674,13.1367495712693,32.1810201644897,1.9033562183380133
2024-06-01 19:20:33+00:00,GER,GER,25.06862713521056,25.166667329047502,0.0,25.15967355684684,25.1814024376534,25.25723153932832,-10.84906820878005,-11.0285613112997,-2.8080901239386424,-0.1138629913918578,10.8469269444752,4.985966462500388,-0.14028271005020912,-1.9815341625436538,0.18860462556531102,29.408412537601862,34.9696678161621,2.4732723569869983,1.0,345.793708317906,0.215931920707226,110.82421875,9609.65234375,313.246326960422,2.79160387516022,346.99718764966303,-0.5959899912904654,44.6475106,0.99998313022412,1809.5048189163201,1846.464443206786,40.1306450366974,-79.5492008328438,-35.1600386202335,-63.5666255,99.0,160.602493286133,34.1338996887207,44.4049606323242,-751.619995117188,83.0139398574829,65.0619447231293,0.32749452397358003,2.22996263546466,1.02798263695294,-1.4413758210637826,0.0,690.078552246094,3.0,7.0,8.0,0.0,0.0,24060101.0,31.495963210239516,13.7193015282216,32.42799282073975,2.0428606152534496
2024-06-01 19:20:34+00:00,GER,GER,25.08347664948508,25.1049688642369,0.0,25.12768163379344,25.105099662359518,25.208566783001462,-10.8500961522501,-11.0284136084589,-2.8077276970258085,-0.11204569683321439,12.7198053691409,5.9040545360146535,-1.0254816671388034,-3.4379611618852524,0.12509060175784859,29.67560373227198,33.7063739776611,2.433758096694946,1.0,345.74701714474,0.2158552095294,110.82421875,9609.65234375,309.18750070652,2.41711149215698,344.8187124742655,-0.706388179794806,44.6475155,0.99998313022412,1809.659218788148,1846.455359458922,199.824780225754,-4.00723470374942,13.3073106408119,-63.5666339,99.0,161.450302124023,34.1338996887207,44.4049606323242,-752.719970703125,83.0139398574829,65.0735795497894,-0.07449875424739352,-2.03996576921854,0.298995026053172,-2.137164099551558,0.0,690.078552246094,3.0,7.0,8.0,0.0,0.0,24060101.0,31.77947138532732,14.389335401837,31.744263839721647,1.9603849411010763
2024-06-01 19:20:35+00:00,GER,GER,25.072867999666236,25.0985853694386,0.0,25.16180560039628,25.289508964289038,25.24876654438048,-10.8500961522501,-11.02767765557585,-2.807727611648444,-0.06007694721910799,12.931521169730601,6.1743515030777285,-1.3044501890112739,-2.384359445850944,0.175898846203074,27.465191958353596,33.382795715332,2.605976300239564,1.0,345.703194651025,0.215849214792252,110.82421875,9609.65234375,318.070352967418,2.84166419506073,342.850743729088,-1.3015781371539679,44.6475209,0.999983236945826,1809.577488899232,1839.9329662322998,113.917626440525,-92.5380811095238,-89.8310244083404,-63.5666421,99.0,163.107894897461,34.1338996887207,44.4049606323242,-753.719970703125,83.0158710479736,65.0677621364594,0.43399274116290953,1.93896754851815,-0.66098888888534,-2.2121629063555184,0.0,690.078552246094,3.0,7.0,8.0,0.0,0.0,24060101.0,29.653160413678222,14.58551721782,30.63361129760745,2.2773956108093283
2024-06-01 19:20:36+00:00,GER,GER,25.05377659640764,25.109225096618196,0.0,25.206608909275893,25.28102791839664,25.113490891264338,-10.8495087559815,-11.0319478044676,-2.810989966128136,1.0098281435494356,12.958839791976551,6.1146479657690005,-1.278819605330028,-1.9269849207703722,0.05971426951026534,27.99377346803172,32.5066463470459,3.167406163215636,1.0,345.667103931451,0.215838606655598,110.82421875,9609.65234375,313.167260690589,2.98961119651794,340.627284927817,-1.008383088964473,44.6475267,0.999983236945826,1809.5865726470959,1572.1413135528542,145.27739584446,-34.811470657587,313.287854194641,-63.5666511,99.0,161.224105834961,34.1338996887207,44.4049606323242,-754.719970703125,83.0139398574829,65.0832712650299,-0.4984916448981545,-2.11996457331572,0.421992912544203,-2.0825650400860143,0.0,690.078552246094,3.0,7.0,8.0,0.0,0.0,24060101.0,30.76475184449244,14.1936069396602,29.907011604309048,2.7288156772914682
2024-06-01 19:20:37+00:00,GER,GER,25.0749904809508,25.1092250966182,0.0,25.14047765169398,25.04367542964412,24.87900503290644,-10.84965560504865,-11.0329783092586,-2.810627453837936,2.410807944685302,12.3541610103212,6.111391075440645,-1.265329789620184,-2.306159457449046,-0.19598593896419242,29.33103639807992,31.4214992523193,3.3927473402023316,1.0,345.618281739264,0.215852111577988,110.82421875,9609.65234375,317.135300070043,3.49676542282104,338.6928250907075,-0.8639855154405319,44.6475334,0.999983236945826,1809.53209400177,1030.3896427154539,53.6669939756393,-42.0042425394058,-7.47770955786109,-63.5666606,99.0,162.172897338867,34.1338996887207,44.4049606323242,-755.719970703125,83.0100655555725,65.1065409183502,0.2114964608039011,0.0209996483894089,0.228996152509414,-2.1433639689828836,0.0,690.078552246094,3.0,7.0,8.0,0.0,0.0,24060101.0,32.590038620927245,13.7331454678955,28.3865467071533,2.8235315608978264
2024-06-01 19:20:38+00:00,GER,GER,25.068626110682203,25.1070978342012,0.0,25.14047731018452,25.304409363472917,24.89378248868524,-10.8500961522501,-11.0331255852126,-2.8099024719462258,3.811061227136888,12.172387905279201,6.1127478071419,-1.2647902900531158,-2.0639302563178097,-0.1748437180464822,30.49781985550134,31.4417037963867,3.6905213356018067,1.0,345.571590566098,0.215817014873028,110.82421875,9609.65234375,318.17706784301,3.82714490890503,336.01786346454253,-1.1651804653840867,44.6475406,0.999983343667531,1809.53209400177,415.40347784757626,133.796617388725,-74.228011071682,-62.5709071755409,-63.5666706,99.0,162.699798583984,34.1338996887207,44.4049606323242,-756.619995117188,83.0120027065277,65.1123583316803,0.3029949155652215,0.853985648920129,-0.712988132892851,-2.790953179311078,0.0,690.078552246094,3.0,7.0,8.0,0.0,0.0,24060101.0,34.220451221095644,13.3253848819931,28.11602296829225,2.9811150159154614
2024-06-01 19:20:39+00:00,GER,GER,25.05589907769224,25.12198696357292,0.0,25.20661266587992,25.306489839094098,25.00567089106436,-10.8492150578472,-9.29384309939142,-2.80519028174915,4.964552794924019,11.90918827316005,6.112476563254486,-1.26398093398081,-1.478002606434314,-0.0502280412195741,31.509577826312125,30.9626758575439,4.116279401779174,1.0,345.527194336492,0.215819120407104,110.82421875,9609.65234375,309.581028885739,4.09754204750061,333.430396561645,-1.6083730524763058,44.6475476,0.999983343667531,1809.541130065918,0.0,112.805671989918,-19.4551758468151,-43.3077476918697,-63.566683,99.0,160.82780456543,34.1338996887207,44.4049606323242,-757.619995117188,83.0120027065277,65.1162326335907,-0.029999498175591797,-0.788986740653084,-0.975983659749693,-2.8977514258999184,0.0,690.078552246094,3.0,7.0,8.0,0.0,0.0,24060101.0,35.84493180196988,12.8019183302296,27.563530826568602,3.21477032661438
2024-06-01 19:20:40+00:00,GER,GER,25.049535390442543,25.130496013240922,0.0,25.195943568886918,25.17076680858732,25.149358263652818,-10.84936190691435,-0.18381341061314993,-2.80337793374157,5.002711695779048,7.8088195280658255,6.11139158770483,-1.264250683764344,-1.103405577160016,0.09982284786387274,33.19920201941426,30.906559753418,4.74258198738098,1.0,345.461597199704,0.215853010118008,110.82421875,9609.65234375,307.249885322014,4.55563116073608,330.369460945482,-1.5127745872346599,44.6475549,0.999983236945826,1809.5229864120479,0.0,116.42412096262,-76.3721093535423,42.2597266733646,-63.5666976,99.0,159.011001586914,34.1338996887207,44.4049606323242,-758.619995117188,83.0178081989288,65.1162326335907,-0.20199662441183022,-0.511991460431832,0.0889985121436033,-2.668955157809344,0.0,690.078552246094,3.0,7.0,8.0,0.0,0.0,24060101.0,38.48009323282274,12.2074707450641,27.367584514617903,3.5766249132156376
2024-06-01 19:20:41+00:00,GER,GER,25.04316931262664,25.145386850159944,0.0,25.195943227377438,25.2513603087178,25.238196143620982,-10.84936190691435,6.40578874918825,-2.8030154214513723,4.999441230449718,0.5158948335012135,6.112476563254487,-1.264250641075662,-1.109127525448514,0.1950269457201684,35.55409893201616,32.0352573394775,5.789289808273314,1.0,345.408594931744,0.216008001565933,110.82421875,9609.65234375,304.833938129554,5.5720883846283,327.991489604807,-1.403976461256844,44.6475631,0.999983236945826,1809.5774412155163,0.0,16.0946045070887,-110.536977648735,-20.1890934258699,-63.5667153,99.0,158.411193847656,34.1338996887207,44.4049606323242,-759.719970703125,83.0158710479736,78.820013999939,-0.24299593547242276,0.915984610037657,0.133997759406991,-2.229362603346078,0.0,690.078552246094,3.0,7.0,8.0,0.0,0.0,24060101.0,42.43479461886547,11.6716816782644,27.497655773162847,4.070725536346438
2024-06-01 19:20:42+00:00,GER,GER,18.066853880227537,15.72718982626731,0.0,15.535054214348651,15.864345488952504,15.462487339087364,-10.84936190691435,6.4051985781552805,-2.8128022714470324,4.999441230449718,-5.678523119691695,6.1127478071419,-1.263711077475572,3.3471270737548027,-2.604366271667869,38.759395377419686,31.6336967468262,6.930616607666016,1.0,345.345784512137,0.216094113886356,110.82421875,9609.65234375,305.369752809563,6.58833360671997,325.966024327196,-1.744370720620746,44.6475729,0.999983236945826,1809.58652496338,0.0,106.722116470337,-78.8644328713417,-5.63191482797265,-63.566736,99.0,157.441497802734,34.1338996887207,44.4049606323242,-760.719970703125,83.0274879932404,93.5300648212433,0.22099628677393,0.171997103307747,-0.27599537787936,-1.2193795318963612,0.0,690.078552246094,3.0,7.0,8.0,0.0,0.0,24060101.0,47.91432822390548,11.507214138145,26.67248640060425,3.93557704925537
2024-06-01 19:20:43+00:00,GER,GER,-8.777202595995808,-10.928131746536419,0.0,-12.249608252455035,-11.74182410317457,-12.757385710284568,-10.84877451064575,6.40608351453962,-2.820776901501166,5.000167962577406,-10.7560435936054,6.112476563254486,-1.263171535219824,21.16756868887128,-3.980183028911386,40.57633361363196,32.166471862793,8.405966491699218,1.0,345.272100431371,0.216258104145527,110.82421875,9609.65234375,307.619398556112,7.94614591598511,325.2635530314385,-1.986566709957144,44.6475852,0.999983236945826,1809.586572647096,0.0,130.048304796219,-111.881107091904,2.58795591071248,-63.5667595,99.0,157.247894287109,34.1338996887207,44.4049606323242,-761.719970703125,83.0410361289978,99.6238648891449,-0.0744987567486835,-0.20999647388893,-0.316994682269845,0.7465874876065838,0.0,690.078552246094,3.0,7.0,8.0,0.0,0.0,24060101.0,52.238598168578164,11.8854529389074,26.519960975647,4.305261679256666
2024-06-01 19:20:44+00:00,GER,GER,-25.147899335246098,-25.627248158367838,0.0,-25.774862206710196,-25.4246678211704,-25.7210789066193,-10.8483339634442,6.406967597150315,-2.81497725981086,5.000167962577406,-15.50837139733705,6.112476563254486,-1.263171535219824,31.8821100040229,-0.5731791871750335,44.63348647118704,33.7228328704834,10.27423416137697,1.0,345.166806235126,0.216382598876953,110.82421875,9609.65234375,313.825062549175,9.76115770339966,327.6750196198035,-2.0981648719852055,44.6476017,13.5102413905585,1809.5774412155158,0.0,94.3463072180748,-42.1382300555706,77.2342160344124,-63.566785,99.0,156.797698974609,34.1338996887207,44.4049606323242,-762.719970703125,83.0332934856415,99.6258020401001,-0.1084981686154606,0.0939984240594642,-0.297994990309147,5.20431258384952,0.0,690.078552246094,3.0,7.0,8.0,0.0,0.0,24060101.0,57.48554129275497,12.7943906079906,25.67575521469115,4.80145619937352
2024-06-01 19:20:45+00:00,GER,GER,-25.6109041987029,-25.8649872358274,0.0,-25.9117774467366,-25.7654013701813,-25.8864271996321,-10.8486276615786,6.40593581169882,-2.81787693124562,5.00053132864125,-16.893197374199,6.1127478071419,-1.26290176409195,32.1483719514565,-0.275523347774688,43.8147448651884,32.4437255859375,11.0278890609741,1.0,345.166806235126,0.216382598876953,110.82421875,9609.65234375,324.936851423059,11.2349281311035,332.068415860009,-2.06096539926515,44.6476142,7.62967135009921,1809.54110622406,0.0,110.832586884499,-119.012035429478,72.719119489193,-63.5668,99.0,156.797698974609,34.1338996887207,44.4049606323242,-762.719970703125,83.0352306365967,99.6374368667602,0.250995818300055,-0.891985032841524,0.0969983712089807,7.10488102229727,0.0,690.078552246094,3.0,7.0,8.0,0.0,0.0,24060101.0,59.2204790098677,14.6007434170272,24.4380689620972,4.98346667289734
2024-06-01 19:20:46+00:00,GER,GER,-25.6322143889134,-25.6297623510013,0.0,-25.8045024956324,-25.510087191459,-25.5571386571039,-10.8489213597129,5.11192829890958,-2.80337793374157,4.29368060096533,-16.893197374199,6.11003536826776,-1.26155280173087,32.3848774967519,0.0750757985105538,40.8062924226079,32.4437255859375,12.2228505134583,1.0,345.166806235126,0.216382598876953,110.82421875,9609.65234375,324.936851423059,11.2349281311035,332.068415860009,-2.55295715867269,44.6476394,7.62967135009921,1809.54110622406,0.0,110.832586884499,-119.012035429478,72.719119489193,-63.566823,99.0,156.797698974609,34.1338996887207,44.4049606323242,-762.719970703125,83.0352306365967,99.6374368667602,0.250995818300055,-0.891985032841524,0.0969983712089807,7.33487697042687,0.0,690.078552246094,3.0,7.0,8.0,0.0,0.0,24060101.0,55.1632954164614,14.6007434170272,24.4380689620972,4.98346667289734
2024-06-01 19:20:47+00:00,GER,GER,-25.6428728991132,-25.5550110531774,0.0,-25.713393748519948,-25.39325253683765,-25.323998687522,-10.8495087559815,-7.72418921538114,-2.81787693124562,-3.99772082026586,-16.8816406941234,6.11003536826776,-1.26290176409195,32.123576657222,0.318874745199744,35.85294019877175,32.4437255859375,11.90644941329955,1.0,345.166806235126,0.216382598876953,110.82421875,9609.65234375,324.936851423059,11.2349281311035,352.505106837874,-2.12396439612671,44.647677,7.62967135009921,1809.586584568025,0.0,110.832586884499,-119.012035429478,72.719119489193,-63.5668432,99.0,156.797698974609,34.1338996887207,44.4049606323242,-762.719970703125,83.0352306365967,99.6374368667602,0.250995818300055,-0.891985032841524,0.0969983712089807,8.655354027570855,0.0,690.078552246094,3.0,7.0,8.0,0.0,0.0,24060101.0,48.762183852750695,14.6007434170272,24.4380689620972,4.98346667289734
2024-06-01 19:20:48+00:00,GER,GER,-25.6215592938082,-25.5550110531774,0.0,-25.6973231671765,-25.4144850336463,-25.323998687522,-10.8495087559815,-11.0331255852126,-2.82512675016277,-3.99772082026586,-16.8816406941234,6.1086774412834,-1.26290176409195,31.9767156372357,0.297560472884058,30.0152048359185,38.8870628356934,11.1702075004578,1.0,345.166806235126,0.216382598876953,110.82421875,9609.65234375,356.956860214348,11.36975440979,352.505106837874,-0.62898945262383,44.6476973,-0.163082559182543,1809.586584568025,0.0,87.5840485095978,-47.4921353161335,12.1102649718523,-63.5668474,99.0,157.875595092773,34.1338996887207,44.4049606323242,-766.719970703125,82.9674780368805,99.4978368282318,0.519991319497209,0.129997829874302,2.00296642104117,8.39685868824255,0.0,690.078552246094,3.0,7.0,8.0,0.0,0.0,24060101.0,40.8973422593388,19.0453472929877,29.756823348999,8.87649393081665
2024-06-01 19:20:49+00:00,GER,GER,-25.603798525236368,-25.576365639617496,0.0,-25.56884275542917,-25.449888750026634,-25.292240584611164,-10.8489213597129,-11.0245861412028,-2.827543356468483,-4.00862308284167,-16.8774367126892,6.10867801046583,-1.26290176409195,30.824057466363797,0.31155890112062196,24.574427545612934,38.8870628356934,9.818528938293456,1.0,345.166806235126,0.216382598876953,110.82421875,9609.65234375,356.956860214348,11.36975440979,9.50284133846509,-0.725987797152384,44.6477344,-0.163082559182543,1809.6470832824734,907.0168137550363,87.5840485095978,-47.4921353161335,12.1102649718523,-63.5668466,99.0,157.875595092773,34.1338996887207,44.4049606323242,-766.719970703125,82.9674780368805,99.4978368282318,0.341994268529576,0.129997829874302,2.00296642104117,7.326210314143771,0.0,690.078552246094,3.0,7.0,8.0,0.0,0.0,24060101.0,32.09015141897127,19.0453472929877,30.169953918457,8.87649393081665
2024-06-01 19:20:50+00:00,GER,GER,-25.5895957160398,-25.597721933604802,0.0,-25.5420883352678,-25.4463478661244,-25.2816566373098,-10.8498024541158,-11.023113381663,-2.811533606497385,-4.00862308284167,-16.8669301741985,6.11003536826776,-1.26290176409195,28.138239823695002,0.30794009258623,20.481483358442098,38.8870628356934,9.24677567481995,1.0,344.284209190577,0.211434607207775,110.82421875,9609.65234375,356.956860214348,11.36975440979,16.2877267174868,-0.168997169498444,44.6477556,-0.163082559182543,1809.6168438593565,1618.52705478668,87.5840485095978,-47.4921353161335,12.1102649718523,-63.5668412,99.0,158.438003540039,34.1338996887207,44.4049606323242,-768.719970703125,82.9674780368805,99.4978368282318,0.55699066767458,0.129997829874302,2.00296642104117,6.370392574475124,0.0,690.078552246094,3.0,7.0,8.0,0.0,0.0,24060101.0,26.6073340297331,19.0453472929877,30.1748805999756,8.87649393081665
2024-06-01 19:20:51+00:00,GER,GER,-25.5789423284819,-25.6084009343721,0.0,-25.5474380809352,-25.4463478661244,-25.7482302746079,-10.8498024541158,-11.023113381663,-0.951097758787046,-2.99468448876104,-16.8669301741985,5.28231633237883,-0.415744009825156,26.4874565258365,-0.16928770600222,14.3769181179259,38.8870628356934,7.4638014793396,1.0,344.284209190577,0.211434607207775,110.82421875,9609.65234375,356.956860214348,11.36975440979,16.2877267174868,0.0,44.6477851,-0.163082559182543,1809.6168438593565,1618.52705478668,87.5840485095978,-47.4921353161335,12.1102649718523,-63.5668264,99.0,158.438003540039,34.1338996887207,44.4049606323242,-768.719970703125,82.9674780368805,99.4978368282318,0.55699066767458,0.129997829874302,2.00296642104117,6.22089531491259,0.0,690.078552246094,3.0,7.0,8.0,0.0,0.0,24060101.0,17.6650326560726,19.0453472929877,30.1748805999756,8.87649393081665
2024-06-01 19:20:52+00:00,GER,GER,-25.5895957160398,-25.6084009343721,0.0,-25.5688370636048,-25.4463478661244,-25.7482302746079,-10.8503898503844,-11.025763495061,-0.902162655035078,-2.99650153252368,-17.2987688844725,5.10184693969464,-0.233631743202164,25.2934779872158,-0.15863343799022,13.3292917501983,37.2170860290527,7.26691360473633,1.0,344.284209190577,0.211434607207775,110.82421875,9609.65234375,29.7859597817108,7.40317754745483,26.0715628921799,-0.224996249657152,44.6477883,0.999983236945826,1809.67736244202,1839.66076374054,147.630259394646,21.9651255756617,23.3751907944679,-63.566824,99.0,158.438003540039,34.1338996887207,44.4049606323242,-768.719970703125,82.9481244087219,93.38658452034,0.214996399145004,0.526991196179414,-1.33797749590143,6.16489672834177,0.0,690.078552246094,3.0,7.0,8.0,0.0,0.0,24060101.0,16.2830804813039,22.4954619654161,30.1626033782959,7.07983574867248
2024-06-01 19:20:53+00:00,GER,GER,-25.576279408479227,-25.5977219336048,0.0,-25.5367390164872,-25.438382158004874,-25.477607080634574,-10.84965560504865,-11.02591077101495,-0.9080530795444057,-2.9955930640032125,-17.0917817092226,3.8724824182836572,1.006078327006415,24.410388315272826,0.09867216776203022,6.81116495874015,36.3364288330078,5.925626170635223,1.0,344.090395742689,0.207762609422207,110.82421875,9609.65234375,40.186883057347,6.3353759765625,32.5694531137877,0.1732470921256355,44.6478063,0.999983343667531,1809.6206188201925,1839.7627770900724,153.643429279327,-52.0749315619469,-26.9425231963396,-63.5668062,99.0,162.146301269531,34.1338996887207,44.4049606323242,-771.619995117188,82.9500555992126,93.3749556541443,0.658988977479848,-0.805986441167011,0.719987956214204,5.529407390227328,0.0,690.078552246094,3.0,7.0,8.0,0.0,0.0,24060101.0,7.960893689936157,23.0676234970934,30.1703109741211,5.972582054138182
2024-06-01 19:20:54+00:00,GER,GER,-25.57255132047548,-25.5977219336048,0.0,-25.568839795680482,-25.529220258871483,-25.49775152830842,-10.8500961522501,-11.0260580469689,-0.7589825520585232,-2.999045564546092,-16.7392696697427,2.938653757612442,1.943347834210242,15.964408101802642,0.07479923854817039,2.196627267562353,35.6729198455811,5.334722671508789,1.0,344.070806760149,0.206500509381294,110.82421875,9609.65234375,47.4278807851793,5.56384177207947,39.1983412410346,0.47199209840387873,44.6478164,0.999983343667531,1809.6228837966942,1839.805865287782,193.632692098618,-28.7653878331184,-38.8126820325851,-63.5667915,99.0,164.035995483398,34.1338996887207,44.4049606323242,-772.619995117188,82.9461872577667,93.3827102184296,0.12599788033129378,-0.210996456272102,0.157997349943337,4.56972312315822,0.0,690.078552246094,3.0,7.0,8.0,0.0,0.0,24060101.0,2.4108425438623167,23.6056323753735,30.2187400817871,5.339326763153075
2024-06-01 19:20:55+00:00,GER,GER,-25.570420984473344,-25.599857733758263,0.0,-25.56669716533784,-25.57599271128878,-25.50835403095706,-10.8503898503844,-11.026499447944001,-0.4856716786468166,-2.997228435406094,-16.706699058911852,2.057473272952914,2.8261187924510343,15.01036847381838,0.06206751780730069,-2.3094179646112414,35.5267673492432,5.04431736946106,1.0,344.078483892776,0.205625921487808,110.82421875,9609.65234375,51.4249074874708,5.34787845611572,43.88676579489165,0.3853935253035898,44.6478244,0.99998313022412,1809.5230102539062,1839.7696018218999,66.3538798689842,-62.2303895652294,-92.810645699501,-63.5667771,99.0,165.282897949219,34.1338996887207,44.4049606323242,-773.619995117188,82.9500555992126,93.38658452034,0.1739970947545175,0.946984063915994,0.0369993781928504,4.97411668193197,0.0,690.078552246094,3.0,7.0,8.0,0.0,0.0,24060101.0,-2.850870378810868,26.2872568510743,30.27058181762695,5.0310670852661135
2024-06-01 19:20:56+00:00,GER,GER,-25.50227584561468,-25.627632356508663,0.0,-25.663053376034878,-25.754766082624702,-25.55926523650196,-10.850830397585899,-11.02591077101495,-0.49147135235363343,-2.9986821984822476,-15.989068158291548,1.1589244710076894,3.7258865056866695,11.772507735508999,-0.05698985979578861,-5.915408103339874,35.159549331665,4.570326919555664,1.0,344.082691289305,0.204701015353203,110.82421875,9609.65234375,66.9997571159996,4.64871153831482,48.1916923023254,0.49139173796112046,44.6478299,0.999983343667531,1809.61380004883,1839.760518074038,170.919463038445,-36.7648303508759,0.677470292430371,-63.566762,99.0,165.282897949219,34.1338996887207,44.4049606323242,-773.619995117188,82.9558670520782,93.3807730674744,0.16399725258000303,-1.03098269082416,-0.327994488484739,3.018349386687846,0.0,690.078552246094,3.0,7.0,8.0,0.0,0.0,24060101.0,-6.936832243241378,28.5495094192836,30.68872661590575,4.5040427970886245
2024-06-01 19:20:57+00:00,GER,GER,-25.46821027712924,-25.5955915976027,0.0,-25.68018485651114,-25.70154319955522,-25.61867832001626,-10.85097724665305,-11.02561621910695,-0.49255862241996384,-2.9975919295359867,-14.328959090895001,0.25141985565363656,4.643730954890978,11.553547580153479,-0.1504689740338882,-9.177349185832327,35.7263786315918,4.189273509979248,1.0,344.113399819813,0.203792309761047,110.82421875,9609.65234375,69.1497230818012,4.47145142555237,51.29964181809275,0.670188790843547,44.6478339,0.999983236945826,1809.577488899232,1839.697027206422,147.124692797661,-24.7199013829231,-90.2446955442429,-63.5667474,99.0,168.568496704102,34.1338996887207,44.4049606323242,-775.719970703125,83.0061972141266,93.4253633022308,0.46499220838146,0.717987938087006,0.0219996307725811,3.0433487755124196,0.0,690.078552246094,3.0,7.0,8.0,0.0,0.0,24060101.0,-10.51948477283443,30.4695729251698,31.4595067977905,4.070880117416382
2024-06-01 19:20:58+00:00,GER,GER,-25.466081307164963,-25.64898933351492,0.0,-25.65876401723612,-25.6398269762528,-25.646277406904982,-10.85127094478735,-11.0248802662239,-0.4972708339613792,-3.003043146201256,-11.9454395021799,-0.6541850066158008,5.550244077573556,11.601230667541898,-0.180196793431115,-10.945169994930461,35.4697654724121,3.884539718627928,1.0,344.141594840707,0.203060817718506,110.82421875,9609.65234375,81.1798445499714,3.83103303909302,53.7830986003094,1.0239828568306397,44.6478356,0.999983343667531,1809.559297561646,1839.669799804688,210.78933775425,21.3597118854523,-91.8765813112259,-63.5667328,99.0,169.269393920898,34.1338996887207,44.4049606323242,-776.719970703125,83.0061972141266,93.4253633022308,0.2194963198692785,-1.16398056122947,0.0319994662769895,1.718771171611542,0.0,690.078552246094,3.0,7.0,8.0,0.0,0.0,24060101.0,-12.3954836547998,32.0407964720288,31.7400770187378,3.7264974453869995
2024-06-01 19:20:59+00:00,GER,GER,-25.472467875548357,-25.62763816216948,0.0,-25.51549977486674,-25.3622422827227,-25.21257815310098,-10.8512709447874,-11.025174391245049,-0.48929644936717176,-3.005950501598836,-12.2842915902066,-1.280265406966928,6.150538731555396,9.581000900684831,0.2598890631021117,-13.57013275806942,35.6002212524414,3.8108175086975082,1.0,344.17440706948,0.202535010874271,110.82421875,9609.65234375,83.5870627606723,3.86765656471252,55.435570662440156,0.3903934532277068,44.6478366,0.999983343667531,1809.868121147154,1839.787745475772,8.45708977431059,-71.5366527438164,45.8026118576527,-63.5667182,99.0,169.951202392578,34.1338996887207,44.4049606323242,-777.719970703125,83.0100655555725,93.4389352798462,0.23249609085051698,0.261995571154096,-1.02098276027074,1.5039746995740622,0.0,690.078552246094,3.0,7.0,8.0,0.0,0.0,24060101.0,-15.305440159171019,33.4407052141254,31.725113296508802,3.6309839046918433
2024-06-01 19:21:00+00:00,GER,GER,-25.49588381307992,-25.21607384391822,0.0,-24.679620882731122,-24.24363556461194,-23.28905242432448,-10.85083039758585,-11.02576349506095,-0.490383911532573,-2.9997724674285147,-13.909727629168351,-1.280808257595556,6.113306943502836,6.633052237451707,2.2068317729535942,-15.81876388001696,35.1207332611084,3.7330229759216316,1.0,344.213721638342,0.201887512207031,110.82421875,9609.65234375,89.6929923314753,3.69428329467773,56.77454728695115,-0.08339860279371106,44.6478367,0.999983343667531,1809.768199920652,1839.769601821902,195.919126272202,28.8438685238361,-71.0097700357437,-63.5667037,99.0,171.055694580078,34.1338996887207,44.4049606323242,-778.619995117188,83.019745349884,93.4796512126923,-0.06849885327825381,-0.825986142191308,-0.41899293871426,1.853968981915489,0.0,690.078552246094,3.0,7.0,8.0,0.0,0.0,24060101.0,-17.78072786438558,34.4141608501085,31.5654613494873,3.449466758966443
2024-06-01 19:21:01+00:00,GER,GER,-25.489497244696523,-25.124515158094198,0.0,-24.72211080653882,-24.397268717160337,-23.86319095425712,-10.85083039758585,-11.025763495061,-0.48929644936717176,-3.002679780137412,-13.47263564964885,-1.260183071325846,6.1071011190003235,5.34218037913305,1.6263063331280718,-16.94718694600288,34.8843727111816,3.646865272521972,1.0,344.248200433273,0.201348401606083,110.82421875,9609.65234375,94.389348442506,3.57749991416931,59.15250838234235,0.5189913050975257,44.6478359,0.999983236945826,1809.795451164246,1839.733314514162,140.978991985321,-7.28192366659641,19.4908957928419,-63.5666887,99.0,171.369003295898,34.1338996887207,44.4049606323242,-779.619995117188,83.019745349884,93.4796512126923,0.3549940528510275,0.521991230902701,0.676988660376947,2.2325624829392057,0.0,690.078552246094,3.0,7.0,8.0,0.0,0.0,24060101.0,-19.007130335524778,35.128967467507,31.262606048584,3.3602904796600335
2024-06-01 19:21:02+00:00,GER,GER,-25.483111359332,-25.167070993227462,0.0,-24.815664249109936,-24.47945706646202,-24.0474756052343,-10.850830397585899,-11.02414388645405,-0.492196334245348,-2.9921407555594,-11.80779667625215,-1.2596403274189218,6.107371167604635,3.043482348399374,1.4356349857014061,-17.73381744214702,34.4109203338623,3.873114194869996,1.0,344.298497946321,0.200953714549541,110.82421875,9609.65234375,94.3560239495455,3.68332529067993,61.15047531835445,0.34859414425438456,44.6478348,0.999983343667531,1809.8408699035615,1839.751458168032,35.9666012227535,-24.1403393447399,-91.1358743906021,-63.5666738,99.0,172.521697998047,34.1338996887207,44.4049606323242,-780.719970703125,83.0255508422852,93.5029208660126,0.04749920155379156,0.0669988797034955,-0.255995730215916,2.190963194454902,0.0,690.078552246094,3.0,7.0,8.0,0.0,0.0,24060101.0,-20.055272382534717,35.9355991481072,30.76627979278565,3.5685057878494244
2024-06-01 19:21:03+00:00,GER,GER,-25.483111359332,-25.1713268840993,0.0,-24.81779219454586,-24.31303404318336,-23.905183640293238,-10.85362095674865,-11.0247325633831,-0.17538749648693944,-2.99831874704104,-8.16606190043276,-1.2596403274189218,6.107910752549064,2.88937116798645,1.577926865265082,-19.39699924089638,33.9953109741211,4.1878314685821545,1.0,344.350298100986,0.200398108363152,110.82421875,9609.65234375,100.78567716625,3.90306429862976,63.291941113734,0.3631939083930396,44.6478326,0.999983343667531,1777.5709390640259,1839.66076374054,188.098415732384,-47.3539717495441,-93.7639102339744,-63.5666575,99.0,173.122497558594,34.1338996887207,44.4049606323242,-781.719970703125,83.0216825008392,93.5029208660126,0.1204979838939535,-0.266995509750383,0.334994391847371,1.875168544405716,0.0,690.078552246094,3.0,7.0,8.0,0.0,0.0,24060101.0,-22.185243311050517,36.7375555642205,30.092692565918,3.799886234183061
2024-06-01 19:21:04+00:00,GER,GER,-24.760996439521556,-24.139120692951344,0.0,-23.792584556731004,-23.33400668038474,-22.53997089314246,-10.85582411964285,-11.02384890765925,1.1610812099598282,-2.99286765844182,-4.664595517946755,-1.2596403274189218,6.108450166738766,1.7186601650292723,2.221024820671512,-20.186567401402602,33.7133777618408,4.646211633682251,1.0,344.41280799227,0.199987918138504,110.82421875,9609.65234375,94.0199718121917,4.33829712867737,64.96790902660965,0.585390188701011,44.6478312,0.999983343667531,1359.406042098998,1839.7151947021498,85.4680612683296,-20.8724103868008,17.3061154782772,-63.5666406,99.0,174.376602172852,34.1338996887207,44.4049606323242,-782.719970703125,83.0313563346863,93.5145497322082,0.19349675456142884,0.247995844470112,0.461992234551517,1.1483807293302835,0.0,690.078552246094,3.0,7.0,8.0,0.0,0.0,24060101.0,-23.460325564932802,37.4148849336432,29.4767749786377,4.1744852256774925
2024-06-01 19:21:05+00:00,GER,GER,-5.776510569660577,-2.861692552082565,0.0,-1.5687668772248322,-1.9953355629457061,-0.9339028856175844,-10.85670521404575,-11.02267155380105,2.5595346735320943,-3.002316414073568,-0.554247140684169,-1.260183071325846,6.109799214477208,-10.66783554245608,4.84260796352045,-19.79859967918642,33.8590221405029,5.845688037872316,1.0,344.465919543256,0.199564410746098,110.82421875,9609.65234375,94.8655902125743,5.22478094100952,65.8858898661539,0.6375893011191106,44.64783,0.999983343667531,776.4401793479921,1839.814949035646,19.723167642951,24.8639341443777,-97.0358327031136,-63.5666209,99.0,175.653198242188,34.1338996887207,44.4049606323242,-783.619995117188,83.0739438533783,93.582409620285,-0.35149408782949854,-0.41899293871426,0.434992710205868,0.862385500938774,0.0,690.078552246094,3.0,7.0,8.0,0.0,0.0,24060101.0,-23.914100452254697,38.04124060129,28.907756996154802,5.182717217897114
2024-06-01 19:21:06+00:00,GER,GER,19.76194803032652,19.67711127517412,0.0,20.76774034316142,20.227242202438397,20.446437657810797,-10.85611781777715,-11.022818829755,3.960163274878572,-3.008857942373782,2.69610084820323,-1.259911699372384,6.109799214477208,-27.39042529260404,0.6844892326139975,-20.65461328597632,34.6149227142334,7.2791479110717745,1.0,344.515397433604,0.199018205702305,110.82421875,9609.65234375,93.048841855621,6.56566958427429,66.82037927292214,0.7741870227264773,44.647829,0.999983343667531,276.86930522322655,1839.733314514162,151.70456469059,-105.759605765343,-118.324011564255,-63.5665963,99.0,177.126602172852,34.1338996887207,44.4049606323242,-784.619995117188,83.0700755119324,93.5862898826599,0.11799802543473298,0.535991037627964,0.0229996131557533,0.6699887543462728,0.0,690.078552246094,3.0,7.0,8.0,0.0,0.0,24060101.0,-26.11103455539336,38.6209665674732,28.3449385643005,6.325249471664429
2024-06-01 19:21:07+00:00,GER,GER,24.086016313663958,23.96797835046562,0.0,23.567943391533355,23.13371274901196,22.803162329034603,-7.881501278571225,-11.0192850606332,5.000484797977532,-2.994684616827088,4.99136179968051,-1.25936895546546,6.11195806651912,-30.138867459898318,-1.2828535363981761,-22.968136669190322,35.3247493743896,9.074945983886712,1.0,344.581295098716,0.198221603035927,110.82421875,9609.65234375,89.4674663152706,8.27636747360229,67.25187305864316,1.4995748624654686,44.6478292,0.999983343667531,0.0,1839.6879673004162,211.134776473045,-80.6126073002815,-114.674277603626,-63.5665664,99.0,179.373901367188,34.1338996887207,44.4049606323242,-785.619995117188,83.0874979496002,93.5862898826599,0.484991869385117,0.775986969671846,2.81895247259649,-0.07719871201804382,0.0,690.078552246094,3.0,7.0,8.0,0.0,0.0,24060101.0,-27.92587865560612,38.9007379460661,27.856188583374,7.731145448684694
2024-06-01 19:21:08+00:00,GER,GER,24.119697000989646,23.765754549142837,0.0,23.43318854034142,22.8461419774058,22.446519561899443,1.6412654826109452,-10.994841948027851,5.002659871718722,-3.0008626509974117,6.85215719281763,-1.259097562167658,6.11195806651912,-30.089659362022964,-1.673177524467592,-25.067807854019623,38.2012481689453,11.72987560272216,1.0,344.668393671012,0.196560403704643,110.82421875,9609.65234375,82.9816484530207,10.5874480247498,66.27738947918985,2.103364780377702,44.647832,-17.4308425449058,0.0,1839.769577980044,166.919246315956,10.3325117379427,-68.9469501376152,-63.5665295,99.0,182.089492797852,34.1338996887207,44.4049606323242,-786.719970703125,83.0816864967346,93.582409620285,-0.48649182961966153,-1.45997556009185,0.322994576568878,-2.424159299654066,0.0,690.078552246094,3.0,7.0,8.0,0.0,0.0,24060101.0,-29.1774189549666,38.9710376680984,27.709222412109398,9.915814089775091
2024-06-01 19:21:09+00:00,GER,GER,24.121802406801304,23.6542558090559,0.0,23.378496142072,22.82324615877956,22.31816835456384,6.434224961137129,-10.97672999389625,5.001210078690022,-2.9950479828909318,7.4342455506799805,-1.2588261688698559,6.1122279443687,-30.12742347794396,-1.803633774761034,-24.67030006508026,40.6363712310791,13.673482875823982,1.0,344.762513677774,0.194113303720951,110.82421875,9609.65234375,75.7988097859711,13.1690317153931,63.614435325585305,1.783970129716072,44.6478394,-12.450972111617,0.0,1839.842176437378,77.9641196131706,67.9365247488022,-108.41104388237,-63.5664855,99.0,185.016906738281,34.1338996887207,44.4049606323242,-787.719970703125,83.0797493457794,93.5804724693298,-0.0444992585730915,0.764987216817805,-0.56299050861276,-3.2597452193629737,0.0,690.078552246094,3.0,7.0,8.0,0.0,0.0,24060101.0,-31.17167880580672,38.5960158864351,27.943223476409948,11.098972213268272
2024-06-01 19:21:10+00:00,GER,GER,24.12180138227292,23.629023382714582,0.0,23.336430714521146,22.785791108918524,22.225096781838637,6.4359873633864,-10.977171821758201,5.001210164067388,-2.9997723820511504,7.829836447028775,-1.25936895546546,6.1114183108199605,-30.103009649774656,-1.896704386990858,-23.689996822944714,42.0224510192871,14.404437961578358,1.0,344.859802892312,0.190310414135456,110.82421875,9609.65234375,69.2624485238631,14.386071395874,59.93549394803595,1.1657804868304997,44.6478516,-9.1484757563992,0.0,1839.878463745116,159.596294164658,144.751086831093,-74.8445317149162,-63.5664391,99.0,189.802093505859,34.1338996887207,44.4049606323242,-788.619995117188,83.0874979496002,93.5843467712402,-0.016499722662554492,0.616989664025764,-0.391993414368612,-4.402126246493294,0.0,690.078552246094,3.0,7.0,8.0,0.0,0.0,24060101.0,-31.529013812614277,37.5926610973603,28.631042289733898,12.080348924490128
2024-06-01 19:21:11+00:00,GER,GER,24.109173728535403,23.631124007393822,0.0,23.3385327052382,22.7587479994282,22.29340994335094,6.43569366525209,-10.98055831492605,5.00084765177719,-2.993594262503464,7.5498230236071695,-1.259097562167658,6.111957895764393,-30.032821942844727,-1.8157631448542582,-23.24083914350172,42.5938053131104,13.60252441406252,1.0,344.907723499529,0.186303099989891,110.82421875,9609.65234375,62.7744996425922,14.0339570045471,55.266572999353855,0.5019915859072996,44.6478674,-7.12671116065828,0.0,1839.7786617279078,98.1418862938881,-4.02320642024279,-85.1775258779526,-63.5663952,99.0,193.325500488281,34.1338996887207,44.4049606323242,-789.619995117188,83.0758810043335,93.576592206955,0.5654905045913305,0.194996738141347,-0.43899261305813,-4.310927639704579,0.0,690.078552246094,3.0,7.0,8.0,0.0,0.0,24060101.0,-30.456245177042398,36.1060431037503,29.7375286102295,11.489684706467841
2024-06-01 19:21:12+00:00,GER,GER,24.098645674948738,23.631126056450583,0.0,23.332226391577542,22.75250828011192,22.58946346839674,6.435546816184935,-10.98320928209765,5.00084765177719,-3.002679780137412,5.38274700704787,-1.259097562167658,6.1116881886695404,-29.972930746088544,-1.509182612094494,-21.186087722277378,43.1829883575439,12.74334703445434,1.0,344.912094820598,0.182696521282196,110.82421875,9609.65234375,57.7853264916538,13.1167333602905,51.500635502346,-0.1335977561150568,44.6478845,-6.3636782850776,0.0,1839.769601821902,174.74876344204,1.18082028347999,-74.3526667356491,-63.5663561,99.0,196.712203979492,34.1338996887207,44.4049606323242,-790.619995117188,83.0758810043335,93.5242474079132,-0.13999765037097076,-0.577990297721196,-0.57099042103899,-3.047148964700568,0.0,690.078552246094,3.0,7.0,8.0,0.0,0.0,24060101.0,-27.4083128750214,34.4009751699158,31.05914783477785,11.479468774795501
2024-06-01 19:21:13+00:00,GER,GER,24.07548723554894,23.629025431771343,0.0,23.342738394219662,22.76082881655888,22.6682623363228,6.435840514319246,-10.988951763642351,5.0004850541096255,-2.995774800395988,1.355930488052254,-1.25936895546546,6.11141831081996,-30.0061179522467,-1.407224728471374,-19.98433540385278,43.2444671630859,11.49252285003662,1.0,344.880184176796,0.178721299767494,110.82421875,9609.65234375,53.5708777926079,12.0987058639526,48.943180450661444,-0.22439624155095023,44.6479024,-5.01124362658077,0.0,1839.778637886048,148.8077044487,-98.6340641975403,-51.4463782310486,-63.5663218,99.0,200.268203735352,34.1338996887207,44.4049606323242,-791.619995117188,83.0274879932404,93.4447526931763,0.263495584749494,0.132997763683606,-0.129997829874302,-1.60317310139513,0.0,690.078552246094,3.0,7.0,8.0,0.0,0.0,24060101.0,-25.37610005352974,32.8302160759205,32.02082920074465,10.560896158218371
2024-06-01 19:21:14+00:00,GER,GER,24.07759127532276,23.6227194596201,0.0,23.342738394219662,22.740029866007777,22.44859491487874,6.43745585405796,-10.99012997127415,5.00084765177719,-2.987416185644456,-3.34123537392109,-1.259097562167658,6.11114843297038,-30.203335566417344,-1.6289968300195041,-19.11487896024794,43.2634563446045,10.365037193298328,1.0,344.831389305365,0.175738804042339,110.82421875,9609.65234375,52.8956589516388,10.8518915176392,48.06069439668645,-0.06479891612597949,44.6479189,-5.73345587658687,0.0,1839.7242069244398,233.46047103405,17.0902218669653,-75.5873769521713,-63.5662918,99.0,203.631393432617,34.1338996887207,44.4049606323242,-792.719970703125,82.9887747764587,93.39240193367,0.17499706588188527,-0.0839985935576358,-0.142997614195754,0.604389864653454,0.0,690.078552246094,3.0,7.0,8.0,0.0,0.0,24060101.0,-23.246199134452883,31.4863626963421,32.94184741973875,9.9194972038269
2024-06-01 19:21:15+00:00,GER,GER,24.07759161683222,23.620616785884103,0.0,23.334328723804084,22.719231598475638,22.33265006315156,6.43657475965502,-10.9911604760652,5.000122456442062,-2.9848721963107203,-2.805376671208295,-1.25936895546546,6.1116881886695404,-30.243770969322735,-1.74494185250141,-17.84481962748132,42.4380157470703,9.174948863983156,1.0,344.774589452227,0.172779697179794,110.82421875,9609.65234375,53.3886381002682,9.62859477996826,48.7276828597057,0.2271961882217684,44.6479335,-5.66246032903282,0.0,1839.742374420166,227.768898010254,-54.4420555233955,20.4003434628248,-63.5662647,99.0,206.572998046875,34.1338996887207,44.4049606323242,-793.719970703125,82.9694151878357,93.3846473693848,0.45649234478428297,-0.069998826853012,0.825986142191308,-0.11079812809675679,0.0,690.078552246094,3.0,7.0,8.0,0.0,0.0,24060101.0,-22.21866752477292,30.563006497921,33.2899543762207,8.689614582061763
2024-06-01 19:21:16+00:00,GER,GER,14.254223929393017,10.624048373625907,0.0,9.971821632937937,10.08416793546788,9.093384154917125,6.436868457789335,-10.9910132001112,5.00084765177719,-2.984872196310718,-2.914650786666065,-1.25936895546546,6.1114183108199605,-22.54736730499468,-5.160839966574952,-16.62298108874554,41.804691696167,8.504231643676757,1.0,344.740602430917,0.170027120411396,110.82421875,9609.65234375,56.4230145258435,8.77694149017334,48.64868318421805,-0.2533957506732631,44.6479461,0.99998313022412,0.0,1839.742350578308,181.223213672638,-48.0085983872414,-54.6339005231857,-63.5662398,99.0,208.672500610352,34.1338996887207,44.4049606323242,-794.719970703125,82.9694151878357,93.3962821960449,0.284495228136323,0.488991812258019,0.149997490877959,0.8527856940727065,0.0,690.078552246094,3.0,7.0,8.0,0.0,0.0,24060101.0,-21.003997611080518,29.998231815831,33.69923801422115,8.1086314201355
2024-06-01 19:21:17+00:00,GER,GER,1.48751484013666,1.2152977254709985,0.0,1.1522209605024403,1.2402839234927372,1.5126738099278885,6.436868457789335,-10.991308178906,5.000485054109626,-2.9790575282042395,-0.3378019998026449,-1.25936895546546,6.1114183108199605,-10.9867392092381,0.025158980463401027,-16.259837347558342,41.3689842224121,7.7726182365417475,1.0,344.691588993433,0.167482106387615,110.82421875,9609.65234375,57.1426295964177,8.10542192459106,50.17865921867925,-0.07559874020496812,44.6479572,0.99998313022412,0.0,1839.7695779800422,161.098256707191,-95.9739983081818,11.7713697254658,-63.5662162,99.0,211.66569519043,34.1338996887207,44.4049606323242,-795.719970703125,82.9694151878357,93.3962821960449,0.49249175059912154,0.284995219327909,0.575990279593998,1.7383708476660586,0.0,690.078552246094,3.0,7.0,8.0,0.0,0.0,24060101.0,-20.16868494162712,29.6911055296122,33.85783424377445,7.364991903305051
2024-06-01 19:21:18+00:00,GER,GER,1.358707739018318,1.4407035410184261,0.0,1.443813347491872,1.39951771376666,1.575809570655402,6.436868457789335,-10.990571799136099,5.00084765177719,-2.981964883601822,3.04283390731505,-1.2582833822742518,6.11114843297038,-12.15973882182316,0.2171018476453424,-15.38869862836088,41.1631381988525,7.5472898483276385,1.0,344.669104010685,0.165462496876717,110.82421875,9609.65234375,62.1361023514386,7.55708055496216,51.1476427883033,0.09719837702376435,44.6479663,0.99998313022412,0.0,1839.7242069244398,159.430742263794,-40.1054322719574,10.9047899022698,-63.5661929,99.0,213.593795776367,34.1338996887207,44.4049606323242,-796.619995117188,82.9732894897461,93.38658452034,0.008999841448549484,-0.896984944757385,-0.464992235061886,0.023599602252151297,0.0,690.078552246094,3.0,7.0,8.0,0.0,0.0,24060101.0,-18.989651539929262,29.8372613325668,33.9461093902588,7.24452791895185
2024-06-01 19:21:19+00:00,GER,GER,1.35678527555471,1.44648211584401,0.0,1.457333856364302,1.401437082300796,1.346057865821654,6.43642791058787,-10.99042452318215,5.000485054109626,-2.9739695495367675,3.0622713450324346,-1.25936895546546,6.1106086772712205,-10.656773453453704,-0.010727415736153356,-15.30920444717734,41.1309997558594,7.664907245635986,1.0,344.708801070142,0.16330821365118,110.82421875,9609.65234375,60.9391048692047,7.70800352096558,51.14214277847415,0.3079948221449972,44.6479755,0.99998313022412,0.0,1839.7242307662978,34.4233214855194,-32.6956212520599,-14.9071961641312,-63.5661696,99.0,215.867797851562,34.1338996887207,44.4049606323242,-797.619995117188,82.9732894897461,93.3788299560547,-0.25549571901400997,0.535991037627964,1.17898019025535,-0.170197152026809,0.0,690.078552246094,3.0,7.0,8.0,0.0,0.0,24060101.0,-18.94559203865026,30.168149846908,33.929619598388655,7.273889751434327
2024-06-01 19:21:20+00:00,GER,GER,1.35486289746847,1.448408805487166,0.0,1.459264942941736,1.37265671419512,1.27522532500101,6.43716215592365,-10.989835846253051,5.0004850541096255,-2.9739695495367675,2.450238263909985,-1.2588261688698559,6.111148262215652,-12.29019970383862,-0.07963757646952083,-15.472573009859218,41.3116287231445,7.691729507446292,1.0,344.749700242892,0.161091005802155,110.82421875,9609.65234375,60.917261924239,7.71757192611694,50.9491455381917,0.29419507326134897,44.6479848,0.99998313022412,0.0,1839.7423744201678,59.4999082386494,-27.013199403882,-13.8624450191855,-63.5661461,99.0,217.886199951172,34.1338996887207,44.4049606323242,-798.619995117188,83.0313563346863,93.4156715869904,-0.11349810387669484,0.072998767332422,-0.306994831757697,0.11339810230332441,0.0,690.078552246094,3.0,7.0,8.0,0.0,0.0,24060101.0,-19.14769392109634,30.4635008869977,34.0162588119507,7.302300193093041
2024-06-01 19:21:21+00:00,GER,GER,1.35294051938223,1.448408805487166,0.0,1.459264942941736,1.361147205113412,1.2656529002566022,6.436574759655025,-10.989983122207,5.0004850541096255,-2.97469636704182,1.842405002075155,-1.259097562167658,6.1106086772712205,-11.746614317610721,-0.08728760711943197,-16.408789429959057,41.3246955871582,7.413133478164674,1.0,344.794014510227,0.159014707803726,110.82421875,9609.65234375,63.292583151516,7.70283222198486,51.358140680786605,0.09759836330692655,44.6479937,0.99998313022412,0.0,1839.778661727906,88.9927521348,-95.210112631321,-65.2679428458214,-63.5661227,99.0,220.457397460938,34.1338996887207,44.4049606323242,-799.719970703125,82.9926431179046,93.38658452034,0.5614905750586415,1.34397749692217,-0.131997781300433,0.5407909263867643,0.0,690.078552246094,3.0,7.0,8.0,0.0,0.0,24060101.0,-20.156877593608904,30.6495347494213,33.98805828094485,6.998925403448252
